1 0.49453125 0.028125 0.365625 0.05546875
6 0.8109375 0.03828125 0.215625 0.0765625
0 0.55390625 0.19921875 0.13984375 0.184375
6 0.0859375 0.2640625 0.075 0.0984375
1 0.25 0.28515625 0.209375 0.2359375
6 0.81484375 0.29375 0.23125 0.29609375
1 0.98671875 0.49609375 0.0265625 0.8453125
0 0.5890625 0.5234375 0.23125 0.12890625
6 0.26328125 0.528125 0.3765625 0.18046875
6 0.84140625 0.6140625 0.06953125 0.11171875
6 0.925 0.66953125 0.05390625 0.11171875
1 0.73125 0.75546875 0.15078125 0.12890625
1 0.2015625 0.9140625 0.26328125 0.171875
6 0.8546875 0.9828125 0.290625 0.034375