24 0.2897574615562463 0.1760466671451935 0.3235691333099425 0.34116323565684775
19 0.6992619363414756 0.21774067085820853 0.48227574796383516 0.39349460588993324
23 0.49130783695273106 0.49693955362034786 0.1888721494796016 0.12200895317271013
1 0.9630633282463037 0.5306325735754318 0.06617595092519579 0.846076391832632
6 0.7722978081199158 0.6311980248492253 0.2801500039567289 0.3310689838427493
1 0.18420026458777944 0.6967559820286506 0.18423996042459256 0.24193950725639404
1 0.4769642966999551 0.7108929262156861 0.1892583310713789 0.23353673021455207
23 0.5661551922228278 0.9206350031648608 0.13181324400710626 0.059970255442295436
23 0.562429326664424 0.9817528887427777 0.14254602611928177 0.03649422251444463
23 0.932086729423386 0.9997067863341911 0.03383276741285428 0.000586427331617756
9 0.21772765830162988 0.945086810707106 0.3871458751693422 0.10982637858578811