6 0.8671279448397857 0.9663586477331144 0.26574411032042844 0.042627425322663726
1 0.22655103826764575 0.9090089870143565 0.2675919799417403 0.17958195454365722
1 0.7529363788590189 0.7325484837712409 0.15372805674305995 0.13074325973923262
6 0.9395892812080169 0.6464358855582498 0.056398415676833125 0.11342730032431163
6 0.8582650733696002 0.5915768360447171 0.07202341567683312 0.11370003571381489
17 0.6057645475053528 0.5100031022767715 0.23497805674305994 0.13216148376465037
6 0.27125315518548476 0.5111521396121443 0.380273836368231 0.18779564934808163
6 0.8240813238318188 0.2763882126679225 0.23979725204506402 0.29778648376465033
17 0.5573364415410805 0.18880994075052998 0.14598976458147633 0.18682961850553062
1 0.2565755750854599 0.27535100730689593 0.2161946159934022 0.23802965421934558
6 0.09509250580598776 0.25941018181878095 0.07781877461060623 0.0981841298696163
6 0.8073411385589443 0.03139072727512384 0.21468227711788862 0.06278145455024768
1 0.4945683539192083 0.025397646104966004 0.36413670783841656 0.05079529220993201
1 0.9853752103456991 0.4734426704612858 0.02924957930860188 0.8442954707790069