0 0.5864670780074446 0.9950440358601238 0.1294900789250777 0.009911928279752402
6 0.9563975443006877 0.9710963793212372 0.08720491139862467 0.05780724135752564
6 0.28415414911060166 0.9400098018440495 0.09455290777956833 0.11998039631190097
6 0.46695196758292284 0.893343452361633 0.07084239199455275 0.11827027837152997
6 0.5513269675829229 0.895798514119258 0.08802989199455276 0.11877038354437915
6 0.3548328572289884 0.709138285431159 0.08857592356458391 0.1281453835443795
6 0.9562738701136885 0.6531051780802313 0.08745225977262301 0.07307745031656906
6 0.8427585204819901 0.6235049431239261 0.08830290777956833 0.1234578835443795
6 0.6270957231269434 0.6031911284633076 0.1545579683593818 0.06923103628908862
6 0.326921417879389 0.5780785020450641 0.14936223414439737 0.07375941191590947
6 0.4654378863093579 0.5727498075344826 0.09427989199455275 0.11895223997087001
6 0.7670080915851472 0.5682658621659715 0.0831071735645839 0.1279862591712
6 0.05175481790762386 0.5404347833860949 0.04385568678935066 0.05665081677218975
6 0.9854612056864432 0.5563809422659963 0.02907758862711347 0.0712134219450391
6 0.9065641442724528 0.5138320779219467 0.1436204683593818 0.06891278754272996
6 0.6908026363799451 0.5052142812080168 0.07631114199455276 0.11842940274470948
6 0.2577171205949295 0.48793322367353414 0.14936223414439728 0.07375941191590929
6 0.09195561270242174 0.48077027837152997 0.13190171835938172 0.06857180674305993
6 0.5595148390248984 0.48735552830502293 0.13709745257436623 0.06404343111623927
6 0.40547208113239064 0.48053356380268886 0.1436204683593818 0.06891278754272996
6 0.867631175913071 0.4479653855229365 0.1545579683593818 0.06923103628908862
6 0.4607217522779001 0.3846504139609734 0.08228812620953718 0.11392375917119998
6 0.33544873649288454 0.3763257854311589 0.08830290777956833 0.1234578835443795
6 0.6950589549228534 0.3774302620076869 0.08775687620953718 0.11408288354437941
6 0.5763089549228535 0.3739749899043631 0.08283415777956833 0.12329875917119999
6 0.04589341282947864 0.3460626577592742 0.05483868942018657 0.05775031551854841
6 0.041661668161737664 0.2734064077592742 0.05511170520520212 0.06243781551854841
6 0.5038431497458862 0.2813950333195879 0.08802989199455276 0.11877038354437941
6 0.9663600183452644 0.24282690762626027 0.06727996330947121 0.11316524122451135
6 0.3235270472138723 0.17163828543115894 0.08775687620953718 0.11408288354437941
6 0.07234397881213826 0.14405152837152993 0.13217473414439726 0.07325930674305985
6 0.4368622341443973 0.08212480753448267 0.09455290777956833 0.12363973997087015
6 0.624096923635171 0.06963448238251575 0.07631884727034208 0.10517088479802066
6 0.19739791574266324 0.0548790312745238 0.09318782885449055 0.10020223997087015
6 0.7234143841726322 0.06082543520636734 0.08584576571442852 0.0812703835443794