0 0.52890625 0.01171875 0.128125 0.0234375
6 0.40078125 0.0046875 0.09296875 0.009375
6 0.9296875 0.0484375 0.140625 0.06875
6 0.2296875 0.06484375 0.0875 0.12109375
6 0.415625 0.11875 0.0640625 0.11640625
6 0.5 0.11875 0.08125 0.11640625
6 0.3140625 0.3 0.08125 0.12578125
6 0.9390625 0.37421875 0.121875 0.06953125
6 0.8078125 0.4 0.08125 0.12109375
6 0.59296875 0.4140625 0.15078125 0.06484375
6 0.29375 0.43046875 0.1453125 0.06953125
6 0.4328125 0.43984375 0.0875 0.11640625
6 0.73515625 0.453125 0.07578125 0.12578125
6 0.0203125 0.46015625 0.040625 0.05546875
6 0.97109375 0.471875 0.0578125 0.06953125
6 0.878125 0.51171875 0.13984375 0.06484375
6 0.6625 0.5140625 0.06953125 0.11640625
6 0.2296875 0.51875 0.1453125 0.06953125
6 0.0640625 0.52109375 0.128125 0.06484375
6 0.53203125 0.528125 0.13359375 0.06015625
6 0.378125 0.53046875 0.13984375 0.06484375
6 0.84296875 0.5765625 0.15078125 0.06484375
6 0.4390625 0.628125 0.07578125 0.11171875
6 0.3140625 0.6328125 0.08125 0.12109375
6 0.67421875 0.6421875 0.08125 0.11171875
6 0.55546875 0.6421875 0.07578125 0.12109375
6 0.02578125 0.6546875 0.0515625 0.05625
6 0.02578125 0.72734375 0.0515625 0.0609375
6 0.48828125 0.7328125 0.08125 0.11640625
6 0.96171875 0.78515625 0.0765625 0.1109375
6 0.3140625 0.8375 0.08125 0.11171875
6 0.0640625 0.8578125 0.128125 0.06953125
6 0.4328125 0.93046875 0.0875 0.12109375
6 0.62109375 0.9484375 0.0703125 0.103125
6 0.19453125 0.95078125 0.0875 0.09765625
6 0.72109375 0.96015625 0.08125 0.07890625