6 0.14709317600254534 0.023023626022532027 0.2941863520050907 0.046047252045064054
1 0.801018154678545 0.11077762259081274 0.26453630935709 0.18263796991261044
1 0.2717135573679075 0.2625073263391012 0.15149086935072642 0.13248955423577735
6 0.08361466804581608 0.33981866943775674 0.05443405601527203 0.11404577962517112
6 0.1639566960534521 0.3983873388755135 0.07005905601527203 0.11450042069139794
17 0.4149566693984516 0.4915990959351424 0.2327408693507266 0.13485368778015677
6 0.7493862133990878 0.5060159147523962 0.37710903469127144 0.1921613855894435
6 0.19262932542963193 0.7147397645814764 0.23466809070654363 0.30047868778015674
17 0.45776452410881313 0.8146106986007094 0.14277039735836256 0.1884667695960413
1 0.7599440947644501 0.7421807352855097 0.21210220003181668 0.24046719028743926
6 0.9210997707669953 0.7656135382676459 0.07612724267981755 0.09905727711788863
6 0.20494970146399397 0.963772994985435 0.21337270401018138 0.07245401002912999
1 0.5175587894652667 0.9766032670887588 0.3631545280076359 0.04679346582248236
1 0.021552114735815 0.5098296410662269 0.041067920114540184 0.8446592821324537