9 0.7109375 0.128125 0.2921875 0.25625
9 0.79375 0.8578125 0.29375 0.284375
1 0.99453125 0.1953125 0.0109375 0.14765625
7 0.9578125 0.40625 0.08359375 0.11796875
1 0.84375 0.603125 0.153125 0.16953125
12 0.9765625 0.8046875 0.046875 0.1984375
1 0.98125 0.51640625 0.0375 0.08515625
1 0.853125 0.4078125 0.05625 0.08203125
6 0.90078125 0.01640625 0.05 0.0328125
23 0.9 0.13984375 0.0328125 0.0828125
9 0.99609375 0.04765625 0.00703125 0.09453125
23 0.90078125 0.07265625 0.05546875 0.03203125
23 0.90078125 0.20703125 0.053125 0.03125
6 0.90390625 0.28671875 0.04921875 0.03359375
6 0.90234375 0.325 0.0484375 0.03671875
6 0.95703125 0.3265625 0.0484375 0.0359375
8 0.9 0.14140625 0.01640625 0.04453125
23 0.9984375 0.6328125 0.003125 0.084375
6 0.94375 0.603125 0.0234375 0.07265625
8 0.98984375 0.78671875 0.0203125 0.0890625
15 0.7671875 0.39140625 0.06796875 0.15859375
8 0.76953125 0.3890625 0.05 0.03828125
8 0.83984375 0.57578125 0.04609375 0.08359375
19 0.9921875 0.32109375 0.015625 0.03359375