9 0.2941349203664267 0.8727067960097041 0.2936783188890574 0.2545864079805916
9 0.20707722267624523 0.1445874360279987 0.29540444535249044 0.28779309070654363
1 0.010150284926003127 0.804751134667409 0.011796538933023876 0.1477835193348181
7 0.045641836450254734 0.5942408960057269 0.08428007211051114 0.11894145134468133
1 0.1585589512062229 0.3986931333545445 0.1541113039601385 0.17131302068745366
12 0.024573794884952215 0.19558522000318168 0.04802947560311145 0.19898294000636335
1 0.021563466135141686 0.48381192600254536 0.03799542456983916 0.0855926020050907
1 0.1503202460911751 0.5938965453532719 0.05672724385167993 0.08268577800763595
6 0.10494113104061935 0.9840255566717044 0.050190897540671964 0.031948886656591215
23 0.10500424267332956 0.8613198553469085 0.03329428903121974 0.08319430800445424
9 0.009446823859027002 0.9523892033338637 0.007581216724316872 0.0946130660009544
23 0.10461387811375311 0.9284982646801356 0.05565510236113216 0.032676687340863
23 0.10383210723290599 0.7941232646801357 0.05330680718159235 0.03186816534054522
6 0.10024349891984549 0.7143994020130449 0.04941419272021177 0.03416646200668154
6 0.10158328512239485 0.6761363333465903 0.04865112343837104 0.03728237133990877
6 0.04688669476331524 0.6739374866724998 0.04864657825883121 0.03650112133990877
8 0.10499515231424994 0.8597573553469084 0.01666532523376909 0.0447221540022273
23 0.003698734383710165 0.3672056813335455 0.0036158793902993577 0.0844113626670909
6 0.0585589512062229 0.397529528007636 0.02386020169720222 0.0729289700031817
8 0.01139708401436782 0.2133994286680454 0.02083065046753821 0.0892988573360908
15 0.2363531948615111 0.6113027686982713 0.06889142144658118 0.15938463800922698
8 0.23402308040013056 0.6136192466979532 0.0502227137974506 0.038863052673454135
8 0.1626242824901162 0.42608233668840806 0.046580084210759584 0.08413009933959063
19 0.0117622610200939 0.6789971566677272 0.01582044272021178 0.03377556333545435