1 0.57890625 0.3421875 0.31796875 0.43046875
1 0.04453125 0.1953125 0.0890625 0.14765625
2 0.1796875 0.01875 0.0609375 0.03671875
2 0.17890625 0.146875 0.0578125 0.040625
2 0.1796875 0.2046875 0.0609375 0.03828125
7 0.05625 0.40625 0.1125 0.11796875
12 0.03828125 0.8046875 0.07578125 0.1984375
12 0.13828125 0.8046875 0.12109375 0.20078125
1 0.03359375 0.51640625 0.06640625 0.08515625
1 0.17890625 0.4203125 0.0546875 0.1125
1 0.07265625 0.95703125 0.1265625 0.0859375
4 0.9671875 0.34765625 0.06484375 0.253125
9 0.82890625 0.34765625 0.09296875 0.19296875
9 0.0359375 0.04765625 0.071875 0.09453125
6 0.06953125 0.32421875 0.05078125 0.03359375
6 0.125 0.325 0.0484375 0.03515625
23 0.18046875 0.28046875 0.02890625 0.08984375
8 0.1796875 0.27421875 0.01484375 0.04453125
8 0.17890625 0.0765625 0.01328125 0.0390625
23 0.1796875 0.08359375 0.03515625 0.0875
23 0.01640625 0.63359375 0.03203125 0.08359375
8 0.01328125 0.63359375 0.0140625 0.040625
19 0.18203125 0.64765625 0.0640625 0.06796875
6 0.07109375 0.6140625 0.05 0.03359375
6 0.1828125 0.5859375 0.05 0.03359375
6 0.18046875 0.5078125 0.05234375 0.0328125
6 0.27890625 0.6734375 0.0203125 0.07109375
6 0.371875 0.85390625 0.05234375 0.03828125
6 0.39296875 0.2921875 0.04921875 0.03359375
6 0.725 0.07734375 0.05 0.04453125
6 0.4546875 0.13671875 0.02265625 0.065625
9 0.9796875 0.9484375 0.040625 0.06875
9 0.3375 0.96328125 0.37734375 0.07109375
9 0.74375 0.95625 0.3734375 0.065625
8 0.0234375 0.78671875 0.046875 0.0890625
8 0.14140625 0.7921875 0.06796875 0.0890625
2 0.99609375 0.134375 0.00703125 0.040625
8 0.059375 0.96640625 0.046875 0.065625
10 0.31640625 0.675 0.03203125 0.1265625
19 0.403125 0.6703125 0.0265625 0.08515625
7 0.36640625 0.67265625 0.02734375 0.0921875
23 0.41875 0.11875 0.01875 0.08203125
19 0.02109375 0.32109375 0.0421875 0.03359375