23 0.5666406976458355 0.9434057636482898 0.04522396879233561 0.030673147326811544
23 0.5650029545432403 0.9121557636482898 0.04522396879233561 0.030673147326811544
23 0.5633652114406453 0.8809057636482898 0.04522396879233561 0.030673147326811544
23 0.5613999197175312 0.8434057636482898 0.04522396879233561 0.030673147326811544
23 0.5532665151495471 0.807832284694977 0.0450601944820761 0.027548147326811545
23 0.7212529545432403 0.9030552374811048 0.04522396879233561 0.030673147326811544
23 0.7192876628201264 0.8655552374811049 0.04522396879233561 0.030673147326811544
23 0.7176499197175312 0.8343052374811049 0.04522396879233561 0.030673147326811544
23 0.7156846279944172 0.7968052374811049 0.04522396879233561 0.03067314732681172
23 0.9165588104907056 0.9214580850337957 0.04538774310259512 0.0337981473268119
23 0.9050680325624014 0.8218221060804829 0.04538774310259512 0.033798147326811544
1 0.6444514371303859 0.8730484900413537 0.10079229534115867 0.13983531570031077
23 0.13997421980838834 0.6971186527296579 0.04538774310259504 0.0337981473268119
23 0.4170213986866321 0.7201642266754125 0.04522396879233544 0.03067314732681172
6 0.4553668464480685 0.6144910793486007 0.032396420171816584 0.02369510523343692
23 0.02794129353213635 0.08457242107492227 0.024659163274411568 0.054399073663405864
23 0.06544129353213635 0.0823882947947979 0.024659163274411578 0.054399073663405885
23 0.09044129353213634 0.08093221060804831 0.024659163274411578 0.054399073663405885
23 0.12169129353213637 0.07911210537461132 0.024659163274411533 0.054399073663405885
23 0.14669129353213636 0.07765602118786173 0.024659163274411533 0.054399073663405885
23 0.44731532903521404 0.5804801003952882 0.04522396879233561 0.030673147326811902
23 0.4404368080043149 0.4492301003952882 0.04522396879233561 0.030673147326811902
23 0.4368337731786058 0.3804801003952881 0.04522396879233561 0.03067314732681181
6 0.44403319877748915 0.54775860565696 0.029107645861557074 0.020388094710093264
6 0.43715467774659 0.41650860565696 0.029107645861557074 0.020388094710093264
6 0.4335516429208809 0.34775860565696004 0.029107645861557074 0.020388094710093264
23 0.38620525214770657 0.2517782477220999 0.04522396879233552 0.03067314732681172
23 0.3914239393936934 0.08220920036705329 0.024659163274411533 0.054399073663405864
23 0.3601739393936934 0.08402930560049025 0.024659163274411533 0.054399073663405885
6 0.42102955223856364 0.07891760039528814 0.021697937584671045 0.057342063140062204
6 0.41273901741285457 0.019601326506003318 0.024822937584671044 0.039202653012006636
23 0.5431369255988834 0.13606370050822764 0.04522396879233561 0.030673147326811766
23 0.6127943283578454 0.1194684637329944 0.024659163274411533 0.054399073663405864
23 0.6539991824962884 0.09826132166785448 0.04522396879233561 0.030673147326811766
1 0.4850168091359686 0.04384537940507048 0.07925813206674696 0.08561825256024876
23 0.6014739687923355 0.01247209499244196 0.12794793758467105 0.02494418998488392
23 0.0032887743102595042 0.003125 0.0065775486205190085 0.00625