20 0.78984375 0.01328125 0.1234375 0.0265625
23 0.60234375 0.01015625 0.1265625 0.0203125
6 0.84296875 0.2046875 0.078125 0.05546875
23 0.840625 0.2703125 0.04296875 0.0296875
23 0.0046875 0.0234375 0.009375 0.046875
23 0.0609375 0.0375 0.04296875 0.028125
23 0.04296875 0.37734375 0.04296875 0.0296875
6 0.04296875 0.41171875 0.04453125 0.028125
20 0.6515625 0.29765625 0.2140625 0.25546875
6 0.01875 0.66015625 0.02265625 0.05546875
6 0.39453125 0.6671875 0.02265625 0.05546875
19 0.50234375 0.44921875 0.0203125 0.05546875
23 0.1265625 0.590625 0.0453125 0.0296875
23 0.31484375 0.5921875 0.0453125 0.0296875
23 0.503125 0.59453125 0.0453125 0.0296875
23 0.690625 0.59609375 0.0453125 0.0296875
23 0.865625 0.571875 0.0453125 0.0296875
23 0.07265625 0.6625 0.021875 0.0578125
23 0.09921875 0.6625 0.021875 0.0578125
23 0.09921875 0.7625 0.0203125 0.05703125
23 0.07109375 0.76171875 0.021875 0.05546875
23 0.06796875 0.8625 0.021875 0.05546875
23 0.09609375 0.8625 0.0203125 0.05703125
28 0.18125 0.6625 0.075 0.0796875
28 0.17890625 0.76171875 0.075 0.0796875
28 0.18046875 0.8625 0.075 0.0796875
28 0.55546875 0.66796875 0.075 0.0796875
28 0.55546875 0.7671875 0.075 0.0796875
28 0.5546875 0.8671875 0.075 0.0796875
23 0.259375 0.6640625 0.021875 0.0578125
23 0.2890625 0.6640625 0.021875 0.0578125
23 0.28671875 0.7640625 0.021875 0.0578125
23 0.259375 0.7640625 0.021875 0.0578125
23 0.25859375 0.865625 0.021875 0.0578125
23 0.2859375 0.865625 0.021875 0.0578125
23 0.4484375 0.6671875 0.01953125 0.05546875
23 0.47578125 0.6671875 0.02265625 0.05390625
23 0.4484375 0.76640625 0.0234375 0.05703125
23 0.47421875 0.7671875 0.02265625 0.05546875
23 0.44609375 0.8671875 0.02265625 0.0578125
23 0.47421875 0.86796875 0.02265625 0.0578125
23 0.63671875 0.66796875 0.02265625 0.05546875
23 0.6625 0.66953125 0.02265625 0.0578125
23 0.62421875 0.76875 0.021875 0.05703125
23 0.6515625 0.7703125 0.021875 0.05703125
23 0.62421875 0.8703125 0.0203125 0.059375
23 0.653125 0.8703125 0.0203125 0.059375
28 0.85234375 0.4875 0.0875 0.1078125
23 0.78671875 0.471875 0.0234375 0.05703125
23 0.50390625 0.371875 0.02265625 0.05703125
23 0.53046875 0.45078125 0.0203125 0.05546875
23 0.5578125 0.44921875 0.0203125 0.05546875