6 0.09375 0.028125 0.025 0.05625
6 0.2 0.028125 0.025 0.05625
6 0.146875 0.003125 0.04375 0.00625
6 0.146875 0.0328125 0.04375 0.028125
6 0.146875 0.0640625 0.04375 0.028125
6 0.1453125 0.096875 0.040625 0.03125
6 0.1453125 0.134375 0.028125 0.01875
6 0.1453125 0.16875 0.028125 0.025
23 0.421875 0.125 0.04375 0.05
23 0.509375 0.2375 0.04375 0.05
6 0.4671875 0.18125 0.084375 0.1
6 0.4359375 0.225 0.059375 0.075
6 0.4125 0.259375 0.0625 0.08125
6 0.3875 0.2875 0.0375 0.05
6 0.3640625 0.3140625 0.040625 0.053125
6 0.3390625 0.3390625 0.040625 0.053125
6 0.1328125 0.4421875 0.028125 0.034375
6 0.1078125 0.4796875 0.028125 0.034375
6 0.0640625 0.5375 0.028125 0.0375
6 0.1328125 0.6671875 0.028125 0.034375
6 0.1640625 0.6671875 0.028125 0.034375
6 0.1375 0.5171875 0.025 0.034375
6 0.140625 0.5640625 0.01875 0.040625
6 0.209375 0.55625 0.03125 0.0375
6 0.2078125 0.59375 0.028125 0.0375
6 0.2203125 0.625 0.028125 0.0375
6 0.1640625 0.6078125 0.028125 0.040625
6 0.178125 0.6234375 0.03125 0.034375
6 0.4234375 0.46875 0.021875 0.05
6 0.5046875 0.5515625 0.021875 0.053125
6 0.5296875 0.5515625 0.021875 0.053125
6 0.5546875 0.5515625 0.021875 0.053125
6 0.5546875 0.6203125 0.021875 0.053125
6 0.5296875 0.6140625 0.021875 0.053125
6 0.5046875 0.6203125 0.021875 0.053125
6 0.4234375 0.6890625 0.021875 0.053125
6 0.4234375 0.7828125 0.021875 0.053125
23 0.465625 0.4515625 0.04375 0.028125
23 0.465625 0.4890625 0.04375 0.028125
23 0.465625 0.6703125 0.04375 0.028125
23 0.465625 0.7015625 0.04375 0.028125
23 0.4609375 0.7640625 0.046875 0.028125
23 0.4609375 0.7953125 0.046875 0.028125
6 0.6125 0.5359375 0.0625 0.034375
6 0.6125 0.5859375 0.0625 0.034375
6 0.6125 0.6359375 0.0625 0.034375
6 0.709375 0.5546875 0.10625 0.096875
6 0.69375 0.6390625 0.075 0.053125
6 0.4515625 0.55 0.015625 0.0375
6 0.4765625 0.55 0.015625 0.0375
6 0.4515625 0.61875 0.015625 0.0375
6 0.4703125 0.61875 0.015625 0.0375
6 0.7359375 0.9015625 0.021875 0.053125
6 0.7921875 0.9015625 0.021875 0.053125
17 0.76875 0.90625 0.025 0.0625
23 0.9671875 0.9140625 0.021875 0.053125
23 0.990625 0.9125 0.01875 0.05
6 0.1390625 0.9671875 0.028125 0.021875
6 0.1375 0.99375 0.025 0.0125
6 0.35625 0.853125 0.0375 0.05625
6 0.3796875 0.8828125 0.046875 0.053125
6 0.4015625 0.9140625 0.065625 0.078125
6 0.434375 0.95 0.08125 0.1
23 0.99375 0.996875 0.0125 0.00625