23 0.9734335560181441 0.6734009577054025 0.01650318989172774 0.05746315901291545
23 0.9437460560181441 0.6725371396795715 0.021971939891727743 0.057622283386094965
23 0.911714806018144 0.6716051254938066 0.021971939891727743 0.057622283386094965
23 0.8765585560181439 0.6705821830947963 0.02188101167848231 0.05449728338609496
23 0.8413795739648326 0.6703404906957859 0.023488975785105025 0.0561052474927175
23 0.8077858239648327 0.6693630124033983 0.023488975785105025 0.05610524749271768
23 0.74055285985821 0.668970555818623 0.023488975785105025 0.05610524749271768
23 0.70617785985821 0.6679703454729241 0.023488975785105025 0.05610524749271768
23 0.817840437055241 0.5656613508832005 0.023488975785105025 0.05610524749271768
23 0.7897154370552409 0.5648429969639921 0.023488975785105205 0.0561052474927175
23 0.6840875626820616 0.5672429197669612 0.023488975785105205 0.0561052474927175
23 0.6536642767886842 0.5647938696878189 0.023488975785105205 0.0561052474927175
23 0.8259725004622183 0.33992556498982307 0.023488975785105025 0.0561052474927175
23 0.7939867145688411 0.33743105080405805 0.023488975785105205 0.0561052474927175
23 0.6900350004622184 0.3359701877136498 0.023488975785105205 0.0561052474927175
23 0.657199768408907 0.33579669147457347 0.021099761678482487 0.05447455133278352
23 0.5782804612036289 0.14584162971694872 0.021213421945039102 0.05838080133278352
23 0.5761520083797772 0.24586436177026005 0.024270225785105203 0.05612797954602886
23 0.5740235555559255 0.3458870938235714 0.024270225785105026 0.05612797954602886
23 0.5710683886254514 0.4474495938235714 0.024270225785105203 0.05612797954602886
23 0.634429577330045 0.8496318709414602 0.024270225785105203 0.05612797954602868
23 0.5648528632234223 0.8491712181967508 0.024270225785105203 0.05612797954602868
9 0.5021712876092369 0.3430144949189281 0.07142063974607851 0.4961906898917278
10 0.42495923291124116 0.1750026293212373 0.06352895407749273 0.09083560015828454
23 0.2074795985754389 0.5549388672470433 0.021881011678482488 0.05449728338609496
23 0.17779209857543893 0.5540750492212124 0.023443511678482486 0.0545427474927175
23 0.07301367036219357 0.5541539540774928 0.023443511678482486 0.0545427474927175
23 0.043326170362193564 0.5532901360516619 0.02344351167848251 0.0545427474927175
23 0.21170541198241635 0.32908942108710937 0.021881011678482488 0.05449728338609487
23 0.18279916198241636 0.3282483351145898 0.021881011678482488 0.05449728338609487
23 0.07721675171585965 0.32908575791755884 0.02348897578510518 0.0561052474927175
23 0.049091751715859645 0.3282674039983505 0.02348897578510518 0.0561052474927175
20 0.19608198510511332 0.44430524412750516 0.39216397021022664 0.16138875870898167
20 0.7561060005287255 0.8062576071514066 0.44659751834239997 0.1644288421742189
20 0.7989888001456493 0.46111860339048283 0.38092705423577744 0.16095684969606622
6 0.8791246487210882 0.998962966547398 0.02581835391920819 0.002074066905203864
6 0.7744371487210883 0.9974399189755383 0.02581835391920819 0.0051201620489234045