23 0.9265625 0.7609375 0.040625 0.034375
23 0.9265625 0.728125 0.040625 0.03125
23 0.9265625 0.6984375 0.040625 0.034375
23 0.7828125 0.7625 0.040625 0.0375
23 0.7828125 0.7265625 0.040625 0.028125
23 0.7828125 0.6984375 0.040625 0.034375
23 0.6453125 0.7609375 0.040625 0.034375
23 0.6453125 0.728125 0.040625 0.03125
23 0.6453125 0.696875 0.040625 0.03125
23 0.5015625 0.759375 0.040625 0.03125
23 0.50625 0.7328125 0.0375 0.028125
23 0.5015625 0.696875 0.040625 0.03125
23 0.990625 0.346875 0.01875 0.05625
23 0.975 0.346875 0.025 0.05625
23 0.9546875 0.35 0.021875 0.0625
23 0.9046875 0.3484375 0.021875 0.059375
23 0.884375 0.3421875 0.01875 0.059375
23 0.865625 0.3484375 0.01875 0.059375
23 0.8421875 0.3484375 0.021875 0.059375
23 0.6640625 0.2859375 0.028125 0.084375
23 0.6640625 0.0734375 0.028125 0.084375
23 0.7078125 0.1984375 0.040625 0.034375
23 0.70625 0.1640625 0.0375 0.028125
23 0.984375 0.0125 0.01875 0.025
23 0.878125 0.0125 0.01875 0.025
2 0.3234375 0.4203125 0.021875 0.078125
2 0.440625 0.5515625 0.04375 0.028125
2 0.5875 0.553125 0.05 0.03125
2 0.7234375 0.553125 0.046875 0.03125
2 0.8671875 0.553125 0.046875 0.03125
2 0.4390625 0.7328125 0.053125 0.090625
2 0.5828125 0.728125 0.053125 0.09375
2 0.725 0.7234375 0.05 0.096875
2 0.86875 0.73125 0.05 0.0875
9 0.3953125 0.215625 0.315625 0.29375
6 0.8046875 0.3375 0.034375 0.0875
6 0.803125 0.2421875 0.03125 0.084375
6 0.803125 0.121875 0.03125 0.08125
6 0.7359375 0.1796875 0.021875 0.059375
6 0.76875 0.1953125 0.0375 0.040625
6 0.8359375 0.2796875 0.021875 0.059375
6 0.8375 0.0703125 0.025 0.065625
6 0.803125 0.040625 0.03125 0.08125
17 0.7296875 0.2875 0.084375 0.125
17 0.7296875 0.06875 0.084375 0.125
6 0.859375 0.009375 0.01875 0.01875
6 0.909375 0.01875 0.01875 0.0375
6 0.95 0.015625 0.025 0.03125
1 0.928125 0.16875 0.14375 0.225
9 0.340625 0.00625 0.04375 0.0125
9 0.390625 0.015625 0.05625 0.03125