24 0.3837077640833598 0.5987187539171517 0.1924794960216354 0.1671423735357159
9 0.6563452854073603 0.5188270295831332 0.3425544107256336 0.4481270711779885
9 0.9737294960216353 0.5041491283670885 0.052541007956729405 0.45229201186299817
23 0.40308973201781734 0.11488758197804139 0.04106135200509069 0.039155341901054186
23 0.5422987773710892 0.25615988631293496 0.04098862667090888 0.03290534190105419
23 0.5419351507001803 0.22490988631293493 0.04098862667090888 0.03290534190105419
23 0.7071965240292715 0.18691118471632945 0.022529528007635947 0.05714133794672147
23 0.7259465240292714 0.1861471807619967 0.022674978675999567 0.06964133794672148
23 0.6632999786759995 0.041755193613578004 0.025727253341817757 0.06351867193911026
23 0.7220931760025453 0.00423392486767874 0.01918635200509069 0.00846784973535748
23 0.9974204400063634 0.08438045642797823 0.005159119987273186 0.06275466798477755
2 0.3803998560629971 0.4487824209133461 0.05039998933799979 0.036412343878220454
9 0.2888454186823629 0.1111683102663926 0.14019083736472576 0.2223366205327852
6 0.4013646947008166 0.23532741597043016 0.03535679201145392 0.08577567391627658
6 0.39909312269254427 0.17445358296662455 0.04411362667090888 0.03303267589344294
6 0.4002556333545445 0.14001491597043017 0.03466590133672707 0.026400673916276585
6 0.4003999893379998 0.01807624897423578 0.025218176002545258 0.019768671939110267
6 0.4001454506683636 0.004732626464284238 0.037790901336727245 0.009465252928568476
17 0.44202605736790745 0.23679707406937603 0.028888616008908664 0.06677100593149898
1 0.5418613306810902 0.09720928654039641 0.19622266136218053 0.19441857308079283
1 0.8639181440165448 0.10659492091334603 0.22783628803308958 0.21318984182669207