23 0.0078125 0.64453125 0.01484375 0.05703125
23 0.0375 0.64453125 0.0203125 0.05703125
23 0.06953125 0.64453125 0.0203125 0.05703125
23 0.1046875 0.64453125 0.0203125 0.05390625
23 0.13984375 0.6453125 0.021875 0.05546875
23 0.1734375 0.6453125 0.021875 0.05546875
23 0.240625 0.646875 0.021875 0.05546875
23 0.275 0.646875 0.021875 0.05546875
23 0.16640625 0.54140625 0.021875 0.05546875
23 0.19453125 0.54140625 0.021875 0.05546875
23 0.3 0.546875 0.021875 0.05546875
23 0.33046875 0.5453125 0.021875 0.05546875
23 0.16484375 0.315625 0.021875 0.05546875
23 0.196875 0.3140625 0.021875 0.05546875
23 0.30078125 0.315625 0.021875 0.05546875
23 0.33359375 0.31640625 0.01953125 0.05390625
23 0.41796875 0.12890625 0.01953125 0.0578125
23 0.4171875 0.22890625 0.02265625 0.05546875
23 0.41640625 0.32890625 0.02265625 0.05546875
23 0.41640625 0.43046875 0.02265625 0.05546875
23 0.34140625 0.83046875 0.02265625 0.05546875
23 0.4109375 0.83203125 0.02265625 0.05546875
9 0.48828125 0.328125 0.05703125 0.49453125
10 0.5703125 0.1625 0.0609375 0.0890625
23 0.7765625 0.5484375 0.0203125 0.05390625
23 0.80625 0.5484375 0.021875 0.05390625
23 0.9109375 0.5515625 0.021875 0.05390625
23 0.940625 0.5515625 0.021875 0.05390625
23 0.77890625 0.32265625 0.0203125 0.05390625
23 0.8078125 0.32265625 0.0203125 0.05390625
23 0.91328125 0.3265625 0.021875 0.05546875
23 0.94140625 0.3265625 0.021875 0.05546875
20 0.79296875 0.43828125 0.39140625 0.15
20 0.22109375 0.78359375 0.4421875 0.1515625
20 0.18828125 0.4375 0.3765625 0.15
6 0.0921875 0.9859375 0.025 0.028125
6 0.196875 0.9859375 0.025 0.028125
6 0.1453125 0.990625 0.04296875 0.01875