9 0.765625 0.290625 0.41875 0.15625
24 0.940625 0.6328125 0.10625 0.278125
24 0.7578125 0.6328125 0.103125 0.278125
24 0.54375 0.60625 0.125 0.375
24 0.3875 0.6015625 0.125 0.378125
24 0.225 0.60625 0.125 0.375
24 0.0609375 0.6078125 0.121875 0.378125
23 0.29375 0.034375 0.0375 0.06875
23 0.3046875 0.2765625 0.046875 0.040625
17 0.1421875 0.3015625 0.084375 0.128125
17 0.16875 0.065625 0.125 0.13125
6 0.040625 0.0375 0.03125 0.075
6 0.0375 0.1390625 0.025 0.065625
6 0.0375 0.21875 0.025 0.0625
6 0.015625 0.346875 0.01875 0.05625
6 0.046875 0.3234375 0.03125 0.084375
6 0.215625 0.278125 0.03125 0.08125
6 0.253125 0.2765625 0.03125 0.090625
6 0.2921875 0.146875 0.059375 0.11875
23 0.6828125 0.2015625 0.028125 0.065625
6 0.009375 0.0125 0.01875 0.025
1 0.003125 0.16875 0.00625 0.225