23 0.5138920816372059 0.04744527475176041 0.046005218792335614 0.029939509391540154
23 0.5156526554724955 0.08103902475176042 0.046005218792335614 0.029939509391540175
23 0.5173313421526554 0.11307027475176042 0.046005218792335614 0.02993950939154013
23 0.5191328595655099 0.14744527475176042 0.046005218792335614 0.02993950939154013
23 0.5193309334007996 0.18097535775556603 0.04431988805964089 0.027532092395345754
23 0.6766310990500604 0.08837797535978273 0.045964275214770645 0.029158259391540153
23 0.67839167288535 0.12197172535978273 0.045964275214770645 0.029158259391540133
23 0.6793300531430748 0.15475239186168555 0.045964275214770645 0.029158259391540133
23 0.6811725141334942 0.18990864186168555 0.045964275214770645 0.029158259391540133
23 0.8647961623699004 0.06408226539740129 0.046168993102595125 0.033064509391540174
23 0.8676931902982045 0.1639867649031097 0.046168993102595125 0.03306450939154013
1 0.5994035357302202 0.11719404205196597 0.10005198891872347 0.13894443627356629
19 0.10872762607385326 0.14085710475263544 0.21319712008095948 0.20046420950527089
19 0.05960513059640906 0.2596906763877346 0.045964275214770645 0.029158259391540133
19 0.11281201775153882 0.26341785425834385 0.045964275214770645 0.029158259391540133
23 0.11691634158682848 0.29710710475263546 0.046087105947465276 0.03150200939154022
19 0.09206682779201855 0.3584610988211364 0.023301381162235946 0.057858920950527096
23 0.3909779613291037 0.2755318295809456 0.046005218792335434 0.02993950939154013
6 0.43680279567984287 0.37640592148199975 0.032396420171816584 0.023148339923887828
23 0.05012490501821022 0.9118142504942917 0.007553550429541311 0.05487850098858331
23 0.06969709859577508 0.9133913379467214 0.023137606851976456 0.05473392095052709
23 0.11036304217333996 0.9158279298477756 0.023137606851976456 0.05473392095052709
23 0.13692554217333996 0.9169102687830802 0.023137606851976456 0.05473392095052709
23 0.16348804217333995 0.9179926077183851 0.023137606851976456 0.05473392095052709
23 0.19005054217333997 0.9190749466536896 0.02313760685197641 0.05473392095052709
20 0.3012503980092636 0.30383856030357365 0.05934177973732648 0.15053851087441492
20 0.31912945330004494 0.704492476311185 0.056216779737326486 0.15041117688202627
20 0.37595822817613134 0.5095739071475437 0.06791999886834618 0.4034725098858317
23 0.4370418130926975 0.4107172544858053 0.04444271879233561 0.029875842395345843
23 0.4440431648562912 0.5443110044858054 0.04444271879233561 0.029875842395345843
23 0.44674211894930577 0.6106854209877082 0.04444271879233561 0.029875842395345843
6 0.4388023869279872 0.4443110044858054 0.029107645861557074 0.01989600593149916
6 0.44584468226914586 0.5786860044858053 0.029970783016686653 0.021490339429596262
6 0.44780332993972516 0.645809837489611 0.029970783016686653 0.021490339429596262
20 0.838976043077851 0.9525297226132932 0.12994752883281535 0.09494055477341376
23 0.41237816429046437 0.7433732455885568 0.045964275214770645 0.02915825939154022
23 0.43368103346691267 0.9118513315581118 0.0231376068519765 0.05473392095052709
23 0.40461100915665316 0.9075484921285156 0.0231376068519765 0.05473392095052709
6 0.4618469770444776 0.913778587489611 0.022438244007106256 0.056264587452429994
6 0.46450498755992714 0.9756117717581251 0.023219494007106257 0.0487764564837498
23 0.5764992972617227 0.8553041957022873 0.043620525214770646 0.029062758897248388
19 0.6209862816578904 0.8711493715957305 0.02321949400710608 0.056296420950527094
23 0.6475487816578903 0.8722317105310351 0.025399469696846567 0.053266921444818746
23 0.6891154839418825 0.8918558024320893 0.046005218792335614 0.029939509391540043
1 0.5300138008797672 0.9500781848278725 0.07761374491161739 0.0826798488211363
23 0.6532366169131408 0.9820763068435326 0.1295923247398008 0.035847386312934756
23 0.056890561395216824 0.99609375 0.009784435775648758 0.0078125
20 0.7589754460639557 0.5290785712151695 0.11190345149102257 0.6477145998097196
8 0.6506029398439193 0.9927773731742924 0.04958059814554901 0.014445253651415158
25 0.3155042435528209 0.9179501398473381 0.05183581693788471 0.0668174268820259