23 0.9926589722645833 0.041093531625363125 0.013227351823611145 0.031322722872636946
23 0.7061045296352778 0.0042501210024841005 0.037790940729444424 0.008500242004968201
23 0.9436694262930552 0.4007048809614332 0.04462282218833309 0.03775453005422928
23 0.9693863267505549 0.9067367123435224 0.020204703647222287 0.06260908430895533
23 0.9506363267505549 0.9068457966524779 0.020204703647222287 0.06260908430895569
23 0.801110411856666 0.8202275614832008 0.02332970364722229 0.06262726502711473
23 0.782360411856666 0.8203366457921561 0.02332970364722229 0.06262726502711473
23 0.7604490442654854 0.8220264108192709 0.01700696846486114 0.059465903590795934
23 0.7198240442654854 0.8222627601553409 0.02325696846486114 0.05950226502711473
23 0.6861023544859715 0.8615161576960126 0.038227351823611144 0.031468168617910665
23 0.6915522674799993 0.8958547962596942 0.03837282218833345 0.03771816861791066
17 0.8306681185411111 0.02276377166641404 0.1261637629177777 0.04552754333282808
6 0.9527184243931941 0.34753442916603505 0.05414329255305574 0.04405907220870695
6 0.8539782258768742 0.9652128085563344 0.047966027735416715 0.04714771077238851
6 0.8755999591593742 0.9088446338882996 0.057341027735416716 0.04720225292686635
6 0.6889740877684716 0.8052570673369331 0.03510235182361114 0.03144998789975162
6 0.6914081035360409 0.8349263866187739 0.04142508700597212 0.03461134933607006
6 0.6868998286504159 0.9614979769778536 0.03285017401194459 0.06893180718159257
6 0.9557290959365966 0.6209173870115574 0.06046602773541672 0.04722043364502539
6 0.9592295296352777 0.0035047115579554472 0.0315409407294446 0.0070094231159108945
6 0.9901885889058333 0.015895627249000035 0.019622822188333444 0.03179125449800007
1 0.7781794452916658 0.9328457361512357 0.09040940729444458 0.12550906010845891
1 0.01053615007624993 0.38117727712736305 0.02107230015249986 0.42514544574527385
1 0.39599564570784695 0.37108309699837905 0.4555357123840283 0.6431884812604521