20 0.7905397908186029 0.045464916576264905 0.12482958163720585 0.03159219269935694
23 0.6028760165083433 0.03469987703293792 0.12762703301668665 0.025469526691745716
6 0.8536959673219975 0.23903584444687417 0.08103199400710608 0.05865209980971962
23 0.8547914778374471 0.3045653439525826 0.04452460594746519 0.03143834239534575
23 0.005915807326946278 0.023628500988583174 0.011831614653892555 0.04725700197716635
23 0.06290279172311404 0.03998301285158127 0.04444271879233552 0.029875842395345777
23 0.06274449796383508 0.37909459239534576 0.04452460594746528 0.03143834239534575
6 0.06454601537668962 0.41346959239534575 0.046005218792335524 0.02993950939154022
20 0.6671620030522177 0.32420538741306126 0.2274510498637145 0.2641911284786316
6 0.05334732304232016 0.6609202539543327 0.02556324400710619 0.05639192144481875
6 0.4294970652404041 0.6832634165390838 0.02556324400710608 0.05639192144481875
19 0.5258863070998037 0.4696876892764969 0.023219494007106257 0.056296420950527094
23 0.1575158446390462 0.5957820266917457 0.04686835594746528 0.03153384288963732
23 0.345878981794176 0.6050163997331699 0.04686835594746528 0.031533842889637495
23 0.5342830625268705 0.615032022774594 0.04686835594746519 0.031533842889637495
23 0.7218649496820003 0.624234562317921 0.04686835594746519 0.031533842889637495
23 0.8955956987774891 0.6071465158916929 0.04686835594746519 0.031533842889637495
23 0.10737640377501481 0.6654605153230392 0.024904824739800803 0.058703837946721474
23 0.1339389037750148 0.6665428542583439 0.024904824739800803 0.058703837946721474
23 0.1391796817033189 0.7665428542583439 0.023301381162235922 0.057858920950527096
23 0.11101373812575403 0.7646155983268448 0.024781994007106213 0.05636008794672147
23 0.11317045963162302 0.8652695143344559 0.024781994007106168 0.05636008794672165
23 0.14129545963162302 0.866415520265955 0.023301381162235922 0.057858920950527096
28 0.21597015377501477 0.6698853715585494 0.07917624491161739 0.08274351581733086
28 0.21882623812575402 0.7690086210642578 0.07917624491161739 0.08274351581733086
28 0.22567045963162302 0.8698535380604522 0.07917624491161739 0.08274351581733086
28 0.590475508817969 0.6906023671471061 0.07917624491161739 0.08274351581733086
28 0.5956753431687082 0.7898211171471061 0.07917624491161739 0.08274351581733086
28 0.6001348710970122 0.889789283649009 0.07917624491161739 0.08274351581733086
23 0.2941770409301445 0.674631221368269 0.024904824739800803 0.058703837946721474
23 0.3238645409301445 0.6758408942959624 0.024904824739800803 0.058703837946721474
23 0.32676156885844865 0.7757453938016708 0.024904824739800803 0.058703837946721474
23 0.29941781885844865 0.774631221368269 0.024904824739800803 0.058703837946721474
23 0.3039592339418825 0.8761618878701718 0.024904824739800803 0.05870383794672165
23 0.3313029839418825 0.8772760603035735 0.024904824739800803 0.05870383794672165
23 0.48340331524040414 0.6854599279077904 0.02243824400710608 0.056264587452429994
23 0.5107470652404041 0.6865741003411922 0.0254813568519765 0.05482942144481875
23 0.48860314959114326 0.7846786779077904 0.02642638116223601 0.05798625494291585
23 0.5144253431687081 0.7865104333449977 0.025563244007106255 0.05639192144481875
23 0.4915411210970123 0.8853644274134987 0.0256860747398008 0.05873567144481875
23 0.5197070646745772 0.8872916833449978 0.0256860747398008 0.058735671444818394
23 0.6717255088179689 0.6939130509492145 0.02556324400710608 0.05639192144481875
23 0.6975886459730987 0.696526056386422 0.0256860747398008 0.05873567144481875
23 0.664507230323838 0.7941849649796594 0.024863881162236014 0.05792258794672147
23 0.6919328674789677 0.7968616374130613 0.024863881162236014 0.05792258794672147
23 0.6698298954072718 0.8957474649796595 0.023424211894930557 0.060202670950527094
23 0.6987361454072718 0.8969253044092558 0.023424211894930557 0.06020267095052674
28 0.8778925424004825 0.5222303464240405 0.093150213703953 0.11137785178688589
23 0.8114486708491849 0.5039313325838761 0.026426381162235658 0.05798625494291585
23 0.5233953929208809 0.3924076062726912 0.02564513116223601 0.05795442144481866
23 0.5540931942549334 0.4723961952079959 0.023219494007106257 0.056296420950527094
23 0.5813550570998036 0.4719478676413978 0.023219494007106257 0.056296420950527094