23 0.5125 0.0265625 0.04453125 0.028125
23 0.5125 0.06015625 0.04453125 0.028125
23 0.5125 0.0921875 0.04453125 0.028125
23 0.5125 0.1265625 0.04453125 0.028125
23 0.5109375 0.16015625 0.04296875 0.02578125
23 0.6734375 0.0609375 0.04453125 0.02734375
23 0.6734375 0.09453125 0.04453125 0.02734375
23 0.67265625 0.12734375 0.04453125 0.02734375
23 0.67265625 0.1625 0.04453125 0.02734375
23 0.86328125 0.02890625 0.04453125 0.03125
23 0.8609375 0.12890625 0.04453125 0.03125
1 0.59453125 0.09296875 0.09296875 0.13515625
19 0.1015625 0.13671875 0.203125 0.1921875
19 0.04609375 0.2578125 0.04453125 0.02734375
19 0.09921875 0.259375 0.04453125 0.02734375
23 0.1015625 0.29296875 0.04453125 0.0296875
19 0.0734375 0.35546875 0.0203125 0.05703125
23 0.37734375 0.26015625 0.04453125 0.028125
6 0.41796875 0.359375 0.03125 0.021875
23 0.00234375 0.91171875 0.0046875 0.0546875
23 0.021875 0.9125 0.0203125 0.05390625
23 0.0625 0.91328125 0.0203125 0.05390625
23 0.0890625 0.91328125 0.0203125 0.05390625
23 0.115625 0.91328125 0.0203125 0.05390625
23 0.1421875 0.91328125 0.0203125 0.05390625
20 0.2859375 0.2921875 0.0515625 0.1484375
20 0.2828125 0.69296875 0.0484375 0.1484375
20 0.35 0.4953125 0.046875 0.4015625
23 0.41640625 0.39375 0.04296875 0.028125
23 0.41640625 0.52734375 0.04296875 0.028125
23 0.415625 0.59375 0.04296875 0.028125
6 0.41640625 0.42734375 0.028125 0.01875
6 0.41640625 0.56171875 0.02890625 0.0203125
6 0.41484375 0.62890625 0.02890625 0.0203125
20 0.78984375 0.9375 0.1234375 0.12421875
23 0.37421875 0.728125 0.04453125 0.02734375
23 0.38671875 0.89609375 0.0203125 0.05390625
23 0.3578125 0.89296875 0.0203125 0.05390625
6 0.41484375 0.896875 0.01953125 0.05546875
6 0.4140625 0.9625 0.0203125 0.05546875
23 0.5328125 0.83359375 0.0421875 0.02734375
19 0.5765625 0.84765625 0.0203125 0.05546875
23 0.603125 0.84765625 0.02265625 0.05234375
23 0.64375 0.865625 0.04453125 0.028125
1 0.48125 0.93046875 0.0734375 0.0796875
23 0.60234375 0.97109375 0.1265625 0.0578125
23 0.0046875 0.99609375 0.009375 0.0078125
20 0.7328125 0.49921875 0.078125 0.64453125
8 0.59921875 0.98046875 0.04765625 0.03671875
25 0.26796875 0.90703125 0.0484375 0.06484375