23 0.5996179980228337 0.007811458238305752 0.1257640039543327 0.015622916476611504
6 0.8307857904947291 0.19824347717424526 0.08041701186299832 0.056704517953980904
23 0.8295469426621759 0.2669843868151657 0.04502333992388792 0.031504530054229284
23 0.003125 0.025 0.00625 0.05
23 0.05778332509514021 0.03871706635497453 0.04489600593149905 0.028379530054229284
23 0.03146758692095726 0.3778522892276115 0.04502333992388783 0.031504530054229284
6 0.02400791399326382 0.40757615066392994 0.04489600593149905 0.028379530054229284
6 0.0012017667687329188 0.6592750060501242 0.0024035335374658377 0.05637726502711473
6 0.36506535962118924 0.6633433198710159 0.024167011862998144 0.05637726502711473
23 0.09937137543852001 0.5899068616327102 0.048148339923887826 0.03152271077238851
23 0.29312137543852 0.5887796571068377 0.048148339923887826 0.03152271077238851
23 0.48036670745374244 0.5939388140172834 0.048148339923887916 0.03152271077238851
23 0.6678667074537424 0.5928479709277293 0.048148339923887916 0.03152271077238851
23 0.8438853793928527 0.5668298507108122 0.04814833992388756 0.03152271077238851
23 0.0465063606097724 0.6605102531232581 0.024294345855386878 0.05950226502711473
23 0.0715063606097724 0.6603648073779841 0.024294345855386878 0.05950226502711473
23 0.06749533984952574 0.758802307377984 0.0241670118629981 0.05637726502711473
23 0.042495339849525735 0.758947753123258 0.0241670118629981 0.05637726502711473
23 0.031915984108307115 0.8652341145595764 0.02416701186299809 0.05637726502711473
23 0.057170652093084674 0.8588386688143025 0.0241670118629981 0.05637726502711473
1 0.15412785962118922 0.6645705183467643 0.07831068380210837 0.08168633723582168
1 0.15030783984952573 0.7583205183467643 0.07831068380210837 0.08168633723582168
1 0.1459784841083071 0.8645705183467645 0.07831068380210837 0.08168633723582168
1 0.5291278596211892 0.6623888321676561 0.07831068380210837 0.08168633723582168
1 0.5250531718647482 0.762388832167656 0.07831068380210837 0.08168633723582168
1 0.520978484108307 0.862388832167656 0.07831068380210837 0.08168633723582133
23 0.23400636060977237 0.6594194100337039 0.024294345855386902 0.05950226502711473
23 0.2590063606097724 0.65927396428843 0.024294345855386902 0.05950226502711473
23 0.25493167285333135 0.7592739642884301 0.024294345855386902 0.05950226502711473
23 0.22993167285333133 0.7594194100337038 0.024294345855386902 0.05950226502711473
23 0.2256023171121127 0.8656694100337038 0.024294345855386902 0.05950226502711473
23 0.25060231711211267 0.86552396428843 0.024294345855386902 0.05950226502711473
23 0.41975285962118924 0.6630251573032293 0.021042011862997968 0.05635908430895533
23 0.4463790266173836 0.6613081211988758 0.024039677870609212 0.053252265027114734
23 0.41880317186474814 0.7630069765850701 0.027292011862998143 0.056395445745273776
23 0.44224067186474814 0.7628706211988758 0.024167011862998144 0.05637726502711473
23 0.4131023171121127 0.8645785669441498 0.024294345855386902 0.05950226502711473
23 0.43810231711211267 0.8644331211988758 0.024294345855386902 0.05950226502711473
23 0.6088153596211893 0.6619252238545956 0.024167011862997967 0.05637726502711473
23 0.6337516926249949 0.6633422781093217 0.02429434585538672 0.05950226502711473
23 0.5919860038799707 0.7682479467272325 0.024167011862997967 0.05637726502711473
23 0.6169860038799706 0.7681025009819586 0.024167011862997967 0.05637726502711473
23 0.5881023171121127 0.8635604467272326 0.024294345855386902 0.05950226502711473
23 0.6193523171121127 0.8633786395456401 0.024294345855386902 0.05950226502711473
28 0.8301995641835443 0.48099234466068796 0.09195668973360753 0.10988406010845857
23 0.7682725671492937 0.4672934590238727 0.027292011862997966 0.056395445745273776
23 0.48953475490573484 0.36893881401728346 0.024167011862998144 0.05637726502711464
23 0.5112240711036264 0.45004336827200964 0.024167011862997967 0.05637726502711473
23 0.536478739088404 0.4436479225267357 0.024167011862998144 0.05637726502711473