23 0.5145426610646954 0.023562681503726153 0.04489600593149916 0.028379530054229295
23 0.5132693211408075 0.05481268150372616 0.04489600593149916 0.028379530054229284
23 0.5119959812169197 0.08606268150372616 0.04489600593149916 0.028379530054229284
23 0.5104679733082543 0.12356268150372615 0.04489600593149916 0.028379530054229284
23 0.5027536323957833 0.15953654294004463 0.044768671939110403 0.025254530054229285
23 0.6695193211408075 0.05390364559576437 0.04489600593149916 0.028379530054229284
23 0.667991313232142 0.09140364559576439 0.04489600593149916 0.02837953005422931
23 0.6667179733082543 0.12265364559576439 0.04489600593149916 0.028379530054229284
23 0.6651899653995889 0.1601536455957644 0.04489600593149916 0.028379530054229284
23 0.8644789940685008 0.02308894106989178 0.04502333992388756 0.0315045300542293
23 0.8541543063120599 0.12312530250621026 0.04502333992388792 0.031504530054229284
1 0.593118647224531 0.08871498283158603 0.09922536167271759 0.13492042154477707
23 0.0910282707230656 0.29627503630074525 0.04502333992388783 0.031504530054229284
23 0.3676199456279254 0.2556126331027325 0.044896005931498985 0.028379530054229284
6 0.40716792387909556 0.35848310304850317 0.03214133794672147 0.0220568071815924
23 0.02369230722628098 0.9137079759958949 0.02403967787060931 0.053252265027114734
23 0.04869230722628098 0.913562530250621 0.02403967787060931 0.053252265027114734
23 0.07994230722628097 0.9133807230690287 0.0240396778706093 0.053252265027114734
23 0.10494230722628098 0.9132352773237548 0.0240396778706093 0.053252265027114734
23 0.39951724996281895 0.3928944644848217 0.044896005931498985 0.028379530054229284
23 0.3941692222824901 0.5241444644848217 0.044896005931499075 0.028379530054229284
23 0.3913678744499368 0.5928944644848217 0.044896005931499075 0.028379530054229284
6 0.3966177430427368 0.4257160548439013 0.028889003954332713 0.018913626463433177
6 0.39126971536240784 0.5569660548439013 0.028889003954332713 0.018913626463433177
6 0.3884683675298546 0.6257160548439014 0.028889003954332713 0.018913626463433177
23 0.342269846769608 0.724398994539051 0.044896005931499075 0.028379530054229284
23 0.34945631118061365 0.8930671813073344 0.0240396778706093 0.053252265027114734
23 0.31820631118061365 0.8932489884889268 0.0240396778706093 0.053252265027114734
6 0.37908014418441927 0.8944569644848217 0.021042011862998054 0.05635908430895533
6 0.37159129635186605 0.9632342355620604 0.024167011862998144 0.05637726502711473
23 0.5004404910283894 0.8297035971947707 0.04489600593149916 0.02837953005422946
23 0.5702436550588341 0.841794531036188 0.024039677870609212 0.053252265027114734
23 0.6116671511045014 0.8602990913410384 0.04489600593149916 0.02837953005422946
1 0.4434318042605314 0.9253251694034776 0.07831068380210837 0.08168633723582168
23 0.5603991283670885 0.9683843021134269 0.12729201186299796 0.05697722872636959