6 0.09260399406850095 0.027888650663929936 0.0272920118629981 0.05577730132785987
6 0.19885399406850096 0.027579578455222936 0.0272920118629981 0.05515915691044587
6 0.14674766600761122 0.002761385636815291 0.044004667984777555 0.005522771273630582
6 0.1455379930799178 0.03195800624651594 0.044896005931499075 0.028379530054229295
6 0.14426465315602996 0.06320800624651593 0.044896005931499075 0.028379530054229284
6 0.14136514623594773 0.09602959660559555 0.04189833992388783 0.031486349336070064
6 0.13983713832728234 0.13352959660559555 0.028889003954332713 0.018913626463433086
6 0.1384364644110057 0.16790459660559556 0.02914367193911027 0.025163626463433085
23 0.4167816403044487 0.12254560304850322 0.045787343878220456 0.050254530054229286
23 0.49969761657845246 0.2345365429400446 0.045787343878220456 0.050254530054229286
6 0.4598021284414505 0.17853198263519432 0.08844968775644091 0.10049087939029935
6 0.4267694525480076 0.22246378981678663 0.06243101581733086 0.07534543364502548
6 0.401931278631731 0.2569751452029809 0.06581068380210837 0.0816136143631847
6 0.37578527270023193 0.2852455909482548 0.03953734387822046 0.05021816861791084
6 0.35126543376492736 0.31194444633444907 0.04278967787060939 0.05336134933607006
6 0.325246761825817 0.33708989207972295 0.04278967787060939 0.05336134933607006
6 0.11479474007698723 0.44141481947823247 0.029525673916276585 0.03453862646343318
6 0.08826673216832182 0.4790602652235064 0.02952567391627663 0.03453862646343318
6 0.04216105330912932 0.5371272952777357 0.02965300790866541 0.03766362646343317
6 0.10562669262499483 0.6664148194782324 0.029525673916276585 0.03453862646343318
6 0.13687669262499483 0.6662330122966401 0.029525673916276585 0.03453862646343318
6 0.1164262242596564 0.5163875484009937 0.026400673916276585 0.03452044574527378
6 0.11764121437382466 0.5632443676828345 0.020405341901054187 0.04073408430895533
6 0.1867095493547966 0.5550318918833312 0.032778007908665384 0.0376818071815924
6 0.18361904144613123 0.5925409822424108 0.029653007908665385 0.03766362646343317
6 0.1948457015222434 0.6237182593697739 0.029653007908665385 0.03766362646343317
6 0.13929603848038172 0.6068580122966402 0.029780341901054184 0.040788626463433175
6 0.1527218685184378 0.6224011990649236 0.03265067391627659 0.03455680718159222
6 0.4043374011416826 0.46628651268942356 0.023912343878220454 0.05012726502711473
6 0.48221305034337975 0.5486263140172835 0.024039677870609212 0.053252265027114734
6 0.5072130503433797 0.5484808682720097 0.024039677870609212 0.053252265027114734
6 0.5322130503433797 0.5483354225267357 0.024039677870609212 0.053252265027114734
6 0.5294117025108266 0.6170854225267357 0.024039677870609212 0.053252265027114734
6 0.504666370495604 0.6109808682720097 0.024039677870609212 0.053252265027114734
6 0.47941170251082654 0.6173763140172834 0.024039677870609212 0.053252265027114734
6 0.39536035467827335 0.6865990126894236 0.0240396778706093 0.053252265027114734
6 0.3915403349066099 0.7803490126894236 0.0240396778706093 0.053252265027114734
23 0.44722523809982084 0.44885357299427386 0.04489600593149916 0.028379530054229284
23 0.44569723019115537 0.4863535729942739 0.04489600593149916 0.028379530054229284
23 0.43831185863260613 0.6676035729942739 0.04489600593149916 0.028379530054229284
23 0.4370385187087182 0.6988535729942739 0.04489600593149916 0.028379530054229284
23 0.42980433886094255 0.7613808440715127 0.04802100593149916 0.028397710772388507
23 0.4285309989370548 0.7926308440715127 0.04802100593149916 0.028397710772388507
6 0.5906622203053237 0.5323740792407898 0.06390067391627667 0.034738614363184796
6 0.5886248764271033 0.5823740792407899 0.06390067391627667 0.034738614363184796
6 0.5865875325488826 0.6323740792407898 0.06390067391627667 0.034738614363184796
6 0.686773216350991 0.5505604769778536 0.11019735376405215 0.0974931444174139
6 0.6677101985564938 0.6350263805686497 0.07716467787060921 0.05356133723582168
6 0.4291517173395742 0.5473728862259905 0.01715300790866543 0.03759090359079611
6 0.4541517173395742 0.5472274404807166 0.01715300790866543 0.03759090359079629
6 0.42635036950702093 0.6161228862259904 0.01715300790866543 0.03759090359079611
6 0.4451003695070209 0.616013801917035 0.01715300790866543 0.03759090359079629
6 0.6992016431958361 0.8972809408735 0.02403967787060939 0.053252265027114734
6 0.7554516431958361 0.8969536879466338 0.02403967787060939 0.053252265027114734
17 0.731823142207253 0.9017775433328282 0.027546679847775656 0.06264544574527378
23 0.929942307226281 0.9084355677297167 0.024039677870609212 0.053252265027114734
23 0.9534434742224753 0.9067367123435224 0.020787343878220454 0.05010908430895533
6 0.09965262935567168 0.966378458041914 0.029016337946721472 0.022038626463433176
6 0.09700779042036702 0.9929500484009935 0.025509335969555135 0.012645445745273775
6 0.32148782007786225 0.8510523981298472 0.03979201186299815 0.056468168617910666
6 0.34371564715016883 0.8806035427436528 0.0490396778706093 0.05339771077238851
6 0.364317307226281 0.9117262777165382 0.06880834980971962 0.0785067950813442
6 0.39566546631380994 0.9474728801758662 0.08532468775644109 0.10047269867214012
23 0.9531304564279782 0.9910935316253632 0.012754667984777512 0.0063227228726368875