1 0.12861075814060036 0.22274377471457937 0.11254866689245616 0.15426568874502422
23 0.3401015360689045 0.33114781821223904 0.024781994007106168 0.05636008794672147
23 0.3753396732240343 0.33414282562661285 0.024781994007106168 0.05636008794672147
23 0.409796560379164 0.33710599954288945 0.024781994007106255 0.05636008794672147
23 0.441827810379164 0.3384111729648745 0.024781994007106255 0.05636008794672147
23 0.480109060379164 0.3399710143716371 0.024781994007106255 0.05636008794672147
23 0.512140310379164 0.3412761877936221 0.024781994007106255 0.05636008794672147
23 0.547296560379164 0.3427086952079959 0.024781994007106255 0.05636008794672147
23 0.579327810379164 0.3440138686299809 0.024781994007106255 0.05636008794672147
23 0.7258995952048731 0.41858939878176776 0.045882388059640886 0.02759575939154022
23 0.7260976690401627 0.4521194817855734 0.04366146879233561 0.029844008897248565
23 0.6751969103337355 0.43289463790735283 0.023055719696846565 0.05317142095052709
23 0.8102070754171693 0.5397414985914872 0.04674552521477082 0.029190092889637496
23 0.8127898428300238 0.5741483320895846 0.04674552521477082 0.029190092889637496
6 0.8153316666653136 0.6077739155876818 0.06561835594746519 0.03229784684397004
6 0.6799330772261916 0.5827673039149641 0.031533283016686654 0.02155400642579064
19 0.6817345946390463 0.617142303914964 0.04674552521477064 0.02919009288963732
19 0.6811923620519007 0.6514218034206725 0.04822613805964089 0.0276912598858317
1 0.6012249010614813 0.6130822036109529 0.10466424581612835 0.10794910425834381
28 0.8956842299851537 0.5790851828878874 0.0945079958161287 0.10753526878308044
23 0.5189955772261916 0.5762096033069417 0.046005218792335614 0.029939509391540043
23 0.5201320313192062 0.6425203528126502 0.046005218792335614 0.02993950939154022
20 0.42724408921197926 0.4617704185162502 0.39926741689245626 0.165948582546695
6 0.6115592927391669 0.7358976211014389 0.01833059814554918 0.037387253460041237
6 0.7060562432141367 0.7093443913673939 0.01833059814554918 0.037387253460041237
9 0.9606281593445534 0.834166613724246 0.07874368131089327 0.29291435326976084
6 0.5207539082975705 0.8031395178316781 0.031451395861557076 0.01999150642579082
6 0.5251348710970123 0.8867332678316782 0.031451395861557076 0.01999150642579082
6 0.7010798954072718 0.8970208049035474 0.031451395861557076 0.01999150642579082
6 0.5185816559227214 0.9550694323564148 0.020674348145549182 0.03748275395433254
6 0.6655385430778511 0.9626166299986874 0.020674348145549182 0.03748275395433254
23 0.7048500265695077 0.9540838884016445 0.023424211894930557 0.060202670950527094