6 0.228125 0.1734375 0.03125 0.021875
6 0.3625 0.278125 0.025 0.08125
6 0.4015625 0.2734375 0.015625 0.034375
6 0.4265625 0.2734375 0.015625 0.034375
6 0.4515625 0.2734375 0.015625 0.034375
6 0.4765625 0.2734375 0.015625 0.034375
6 0.5078125 0.2734375 0.015625 0.034375
6 0.5328125 0.2734375 0.015625 0.034375
6 0.5625 0.275 0.0125 0.0375
6 0.5828125 0.2734375 0.015625 0.034375
23 0.171875 0.340625 0.04375 0.03125
23 0.240625 0.3390625 0.04375 0.028125
23 0.4390625 0.3328125 0.040625 0.028125
6 0.74375 0.365625 0.025 0.08125
6 0.7796875 0.3625 0.021875 0.05
6 0.8109375 0.3578125 0.021875 0.053125
6 0.840625 0.3578125 0.01875 0.040625
6 0.865625 0.3578125 0.01875 0.040625
6 0.890625 0.3578125 0.01875 0.040625
23 0.7390625 0.25625 0.040625 0.05
23 0.7578125 0.23125 0.040625 0.05
6 0.884375 0.2578125 0.04375 0.053125
6 0.909375 0.2890625 0.04375 0.053125
6 0.859375 0.228125 0.06875 0.08125
6 0.815625 0.1671875 0.13125 0.159375
23 0.209375 0.653125 0.04375 0.03125
23 0.2609375 0.640625 0.021875 0.05625
23 0.3171875 0.5734375 0.021875 0.059375
23 0.3421875 0.5734375 0.021875 0.059375
6 0.3671875 0.5734375 0.021875 0.059375
6 0.3953125 0.5703125 0.015625 0.040625
23 0.5359375 0.5390625 0.021875 0.053125
23 0.615625 0.49375 0.04375 0.025
6 0.74375 0.809375 0.025 0.08125
6 0.7734375 0.809375 0.021875 0.05625
6 0.8046875 0.809375 0.021875 0.05625
6 0.834375 0.8078125 0.01875 0.040625
6 0.859375 0.8078125 0.01875 0.040625
6 0.8890625 0.8125 0.015625 0.0375
6 0.5265625 0.471875 0.028125 0.01875
1 0.1859375 0.9015625 0.109375 0.153125
6 0.2765625 0.9046875 0.015625 0.034375
6 0.353125 0.875 0.01875 0.05
6 0.3859375 0.875 0.021875 0.05
6 0.4140625 0.875 0.015625 0.0375
6 0.446875 0.8765625 0.01875 0.040625
6 0.471875 0.8765625 0.01875 0.040625
6 0.496875 0.8765625 0.01875 0.040625
6 0.528125 0.8765625 0.01875 0.040625
6 0.553125 0.8765625 0.01875 0.040625
6 0.578125 0.8765625 0.01875 0.040625
6 0.603125 0.8765625 0.01875 0.040625