23 0.00625 0.953125 0.0125 0.03125
23 0.29375 0.99375 0.0375 0.0125
23 0.046875 0.59375 0.04375 0.0375
23 0.009375 0.0875 0.01875 0.0625
23 0.028125 0.0875 0.01875 0.0625
23 0.1796875 0.175 0.021875 0.0625
23 0.1984375 0.175 0.021875 0.0625
23 0.2203125 0.1734375 0.015625 0.059375
23 0.2609375 0.1734375 0.021875 0.059375
23 0.29375 0.134375 0.0375 0.03125
23 0.2875 0.1 0.0375 0.0375
17 0.16875 0.975 0.125 0.05
6 0.0390625 0.646875 0.053125 0.04375
6 0.1234375 0.0296875 0.046875 0.046875
6 0.103125 0.0859375 0.05625 0.046875
6 0.2921875 0.190625 0.034375 0.03125
6 0.2890625 0.1609375 0.040625 0.034375
6 0.290625 0.034375 0.03125 0.06875
6 0.0296875 0.3734375 0.059375 0.046875
6 0.040625 0.99375 0.03125 0.0125
6 0.009375 0.98125 0.01875 0.0375
1 0.2 0.0625 0.0875 0.125
1 0.9875 0.61875 0.025 0.425
1 0.5953125 0.6265625 0.440625 0.640625