23 0.8693681653405452 0.017726150115918334 0.0378636266709087 0.0327780079086654
23 0.9083579400063634 0.013168573080792816 0.040988626670908704 0.026337146161585633
23 0.9583579400063634 0.012149901141682554 0.040988626670908704 0.024299802283365108
23 0.9876818133354544 0.011385897187349855 0.0246363733290913 0.02277179437469971
23 0.9087783000477252 0.31469930920344735 0.02256589067472703 0.06026633794672147
23 0.8884476187141797 0.31396448015397443 0.019477253341817758 0.06326400395433271
23 0.8712055747135434 0.3099773171121127 0.02256589067472703 0.06026633794672147
23 0.7333656028007212 0.9580858477581913 0.01904090133672707 0.025764003954332537
23 0.735672442791176 0.8876460137658023 0.02576361600890866 0.0666436719391104
2 0.3283679254455403 0.8135744327763442 0.05039998933799979 0.036412343878220454
2 0.3278599427911761 0.9042630997725386 0.047202264003817974 0.030035009885831698
9 0.2989906028007211 0.975785272700232 0.13779090133672706 0.030602695665106337
9 0.5147930373965426 0.4448695592406284 0.5624316534054513 0.5539154506452034
6 0.41159969080199377 0.9805762489742358 0.03757272533418181 0.007778007908665429
6 0.40149743746017597 0.9184582509514021 0.03219542934436319 0.08252333992388791
6 0.5353088161202673 0.8645453892786843 0.025327264003817972 0.02914367193911005
17 0.435708805458267 0.9029950770351256 0.025836341343090475 0.07289367193911005
17 0.829707870703362 0.23663265901316688 0.02896134134309065 0.07302100593149899
6 0.8292373454009969 0.46488499300555575 0.02205681333545435 0.01651633794672147
6 0.8272930373965426 0.4321361600017501 0.01896817600254508 0.019514003954332716
6 0.8331975920591791 0.4021939920169725 0.01893181333545435 0.016389003954332716
6 0.8312896467218156 0.37257015901316687 0.04106135200509087 0.039155341901054186
6 0.9394464973742709 0.26342596927955947 0.009774989337999784 0.03475700197716636
6 0.9957499466899989 0.322007790420367 0.008500106620002158 0.038009335969555205
6 0.9737305907065437 0.2542127953632829 0.04106135200509087 0.039155341901054186
6 0.9941885413749072 0.5878874584051446 0.011622917250185693 0.031759335969555026
6 0.8595931760025455 0.0014325770351255151 0.01918635200509087 0.0028651540702510302
1 0.9292555267345424 0.4623728052491146 0.13670221069381724 0.20547536167271757
1 0.5518610641310848 0.9435962193167405 0.19454997867599957 0.07664470752810466
1 0.8736269761298121 0.9211058181006958 0.226018154678545 0.09666804745199258
9 0.3414613413430905 0.06538096638817206 0.04542268268618095 0.13076193277634413
6 0.8305805747135434 0.3116326590131669 0.05367044000636341 0.04903967787060939
9 0.39149770401018136 0.06761462844145058 0.05799540802036267 0.13522925688290116