1 0.1067116205327852 0.2180773134281083 0.11236203163466159 0.150618144417414
23 0.31032209878395534 0.3199932956705191 0.024167011862998144 0.05637726502711473
23 0.34157209878395534 0.3198114884889268 0.024167011862998144 0.05637726502711473
23 0.37907209878395537 0.31959331987101597 0.024167011862998144 0.05637726502711464
23 0.41032209878395537 0.3194115126894236 0.024167011862998144 0.05637726502711464
23 0.44782209878395535 0.3191933440715128 0.024167011862998144 0.05637726502711464
23 0.47907209878395535 0.3190115368899204 0.024167011862998144 0.05637726502711464
23 0.5165720987839554 0.31879336827200955 0.024167011862998144 0.05637726502711473
23 0.5478220987839554 0.3186115610904173 0.024167011862998144 0.05637726502711473
23 0.6870809169590133 0.38965933841417205 0.04476867193911023 0.025254530054229285
23 0.6857439100389311 0.422471838414172 0.04489600593149916 0.028379530054229284
23 0.6380704139932638 0.40400363954564017 0.024039677870609212 0.053252265027114734
23 0.7589957262368228 0.5032764108192708 0.04802100593149898 0.028397710772388507
23 0.763972386312935 0.5344900493829523 0.04802100593149898 0.028397710772388507
6 0.7639432114080751 0.5735434590238727 0.06377333992388792 0.03161361436318479
6 0.6303322153624078 0.5555752299047197 0.032014003954332716 0.018931807181592396
1 0.5447475424347143 0.5857536092950191 0.10420202174882984 0.10370678298109545
28 0.8465302183281572 0.5402582603517325 0.09170202174883002 0.10363406010845858
23 0.46789588235860224 0.5549581272490001 0.04489600593149916 0.028379530054229284
23 0.46534920251082657 0.6174581272490001 0.04489600593149916 0.028379530054229284
6 0.5412803497353574 0.7091820189359396 0.01715300790866543 0.03759090359079629
6 0.6425536896592453 0.677350235954844 0.01715300790866543 0.03759090359079629
9 0.9017774979484715 0.7945639652703885 0.10546472729976805 0.288045421544777
6 0.44616416791041547 0.781593350121637 0.032014003954332716 0.018931807181592396
6 0.44285348410830705 0.862843350121637 0.032014003954332536 0.018931807181592576
6 0.6238488161235296 0.8680388684684013 0.032014003954332716 0.01893180718159222
6 0.43367480228336514 0.9347547115579555 0.02027800790866543 0.03760908430895569
6 0.5774248022833651 0.9339183985226306 0.02027800790866543 0.037609084308955334
23 0.616805637264337 0.9258786395456401 0.024294345855386902 0.05950226502711473