6 0.725 0.178125 0.075 0.05625
23 0.865625 0.1828125 0.01875 0.053125
23 0.890625 0.1765625 0.01875 0.053125
6 0.878125 0.134375 0.03125 0.01875
23 0.2421875 0.1703125 0.021875 0.053125
23 0.2671875 0.1703125 0.021875 0.053125
23 0.3734375 0.1703125 0.021875 0.053125
23 0.3984375 0.1703125 0.021875 0.053125
23 0.5109375 0.1765625 0.021875 0.053125
23 0.5359375 0.1765625 0.021875 0.053125
23 0.171875 0.4140625 0.04375 0.028125
23 0.171875 0.4515625 0.04375 0.028125
23 0.1609375 0.496875 0.021875 0.05625
23 0.1859375 0.496875 0.021875 0.05625
6 0.171875 0.5453125 0.04375 0.028125
23 0.253125 0.4140625 0.04375 0.028125
23 0.246875 0.453125 0.04375 0.03125
23 0.2359375 0.496875 0.021875 0.05625
23 0.2609375 0.496875 0.021875 0.05625
6 0.2484375 0.546875 0.046875 0.03125
23 0.328125 0.4140625 0.04375 0.028125
23 0.328125 0.453125 0.04375 0.03125
23 0.3109375 0.503125 0.021875 0.05625
23 0.3359375 0.503125 0.021875 0.05625
6 0.3234375 0.553125 0.046875 0.03125
6 0.4046875 0.553125 0.046875 0.03125
23 0.3921875 0.503125 0.021875 0.05625
23 0.4171875 0.503125 0.021875 0.05625
23 0.403125 0.453125 0.04375 0.03125
23 0.409375 0.4140625 0.04375 0.028125
23 0.484375 0.4140625 0.04375 0.028125
23 0.484375 0.453125 0.04375 0.03125
23 0.4734375 0.503125 0.021875 0.05625
23 0.4984375 0.503125 0.021875 0.05625
6 0.4859375 0.553125 0.046875 0.03125
23 0.5546875 0.4140625 0.046875 0.028125
23 0.553125 0.453125 0.04375 0.03125
23 0.5671875 0.503125 0.021875 0.05625
23 0.5421875 0.503125 0.021875 0.05625
6 0.5546875 0.553125 0.046875 0.03125
23 0.3234375 0.703125 0.021875 0.05625
23 0.3546875 0.703125 0.021875 0.05625
23 0.4171875 0.703125 0.021875 0.05625
23 0.4546875 0.709375 0.021875 0.05625
23 0.6546875 0.709375 0.021875 0.05625
23 0.6984375 0.709375 0.021875 0.05625
23 0.8984375 0.715625 0.021875 0.05625
23 0.9359375 0.715625 0.021875 0.05625
1 0.7234375 0.4734375 0.084375 0.109375
6 0.7890625 0.5 0.015625 0.0375
17 0.80625 0.434375 0.05 0.03125
6 0.940625 0.46875 0.04375 0.1
17 0.984375 0.46875 0.03125 0.1