23 0.0678732585493748 0.23863525312325798 0.04142508700597225 0.03461134933607006
23 0.0671095391345831 0.271447753123258 0.04135235182361115 0.031486349336070064
23 0.06641855490215252 0.30113525312325795 0.04142508700597225 0.03461134933607006
23 0.21165962614055536 0.23623644008793315 0.04149782218833335 0.03773634933607006
23 0.21082317154340258 0.27217394008793316 0.041279616641249996 0.02836134933607006
23 0.2101685549021525 0.3002989400879331 0.04142508700597229 0.03461134933607006
23 0.34912325854937476 0.2369989884889268 0.04142508700597229 0.03461134933607006
23 0.3483595391345831 0.2698114884889268 0.04135235182361115 0.031486349336070064
23 0.34763218731097195 0.3010614884889268 0.04135235182361115 0.031486349336070064
23 0.4928368909581942 0.23772517545360197 0.04135235182361115 0.031486349336070064
23 0.4875311419081248 0.2643149465308408 0.03815461664124999 0.028343168617910842
23 0.491382187310972 0.30022517545360194 0.04135235182361115 0.031486349336070064
23 0.0021014817638886274 0.6530704578455223 0.004202963527777255 0.05635908430895533
23 0.011476481763888626 0.6529795542547261 0.022952963527777252 0.056395445745273776
23 0.030183582068888343 0.6497363795866911 0.023329703647222276 0.06262726502711473
23 0.08014721447770778 0.6510079880961432 0.02325696846486116 0.05950226502711473
23 0.10031424411298558 0.6571398134281082 0.02013196846486114 0.05948408430895533
23 0.11920971447770778 0.650780729119153 0.02013196846486114 0.05948408430895533
23 0.14264721447770778 0.6506443737329587 0.02325696846486114 0.05950226502711473
23 0.3193175108304855 0.7121080727978821 0.03008884992375007 0.08453862646343317
23 0.3143715184299298 0.9246080727978822 0.03008884992375007 0.08453862646343317
23 0.2735309257243744 0.7998626028521114 0.04142508700597229 0.03461134933607006
23 0.27429333871840206 0.8342285124930318 0.03815461664124999 0.028343168617910662
23 0.0011533115516662582 0.9874090964092037 0.0023066231033325164 0.025109084308955688
23 0.09889068237388807 0.9867909519917898 0.01933188145888891 0.02510908430895533
2 0.6630701236720135 0.5757513745185255 0.02369337955902786 0.07825226502711473
2 0.5489375013311802 0.4451831514494969 0.04440461664125017 0.028379530054229284
2 0.4020988689223607 0.4444751452029809 0.05072735182361114 0.03154089149054773
2 0.26616136892236075 0.4452660064429077 0.047602351823611146 0.03152271077238851
2 0.12241136892236074 0.4461023194782324 0.047602351823611146 0.03152271077238851
2 0.5547186419081248 0.2639240610904173 0.055234320288472284 0.09093407220870695
2 0.41085953913458306 0.2694478741257421 0.055307055470833436 0.09405907220870695
2 0.26856293636104145 0.2749625968019873 0.052254790653194584 0.09716589149054773
2 0.12499477431694421 0.26798640983731215 0.05203658510611118 0.08779089149054772
9 0.5864309692273604 0.780857031036188 0.32246210714194457 0.29558625253408266
6 0.17989264133944388 0.6613637051150478 0.03641158510611118 0.08769998789975161
6 0.17923671827742993 0.7566671147559682 0.03321384992375007 0.08455680718159223
6 0.17643641375652702 0.8769796147559681 0.03314111474138892 0.08143180718159257
6 0.24496951463020764 0.8187762293155446 0.02325696846486114 0.05950226502711473
6 0.21252069054201322 0.8033421268562165 0.03844555737069451 0.040843168617910666
6 0.14729704046576328 0.7193580122966401 0.02325696846486114 0.05950226502711473
6 0.14086128324756866 0.9287421026557198 0.026527438829583395 0.06577044574527377
6 0.1745452990151381 0.9582296147559681 0.03314111474138896 0.08143180718159257
17 0.2537288784216661 0.7109273678792262 0.08728440729444457 0.12549087939029935
17 0.2486374156563881 0.929677367879226 0.08728440729444457 0.12549087939029918
6 0.11756794719152694 0.9898068676828344 0.01918641109416668 0.018859084308955686
6 0.06778615273861029 0.9807227591733823 0.019622822188333354 0.037609084308955334
6 0.02708841755624918 0.984084108509452 0.025727351823611144 0.031395445745273774
1 0.06351045402847191 0.8308318434823375 0.12702090805694383 0.22583631303532492
9 0.6362452120091658 0.9899138684684011 0.04404094072944442 0.012754530054229463
9 0.5864634175562491 0.980829759958949 0.05697735182361115 0.03157725292686635