20 0.1890625 0.10703125 0.1203125 0.0671875
6 0.2296875 0.175 0.03046875 0.02265625
6 0.36015625 0.275 0.0234375 0.0828125
6 0.3984375 0.2734375 0.0140625 0.03359375
6 0.425 0.2734375 0.0140625 0.03359375
6 0.45078125 0.275 0.0140625 0.03359375
6 0.478125 0.275 0.0140625 0.03359375
6 0.5046875 0.275 0.0140625 0.03359375
6 0.53203125 0.27734375 0.0140625 0.03515625
6 0.55859375 0.2765625 0.01328125 0.03671875
6 0.58515625 0.27578125 0.01484375 0.03515625
23 0.17265625 0.33984375 0.0421875 0.03125
23 0.23671875 0.3390625 0.0421875 0.02734375
23 0.43984375 0.33671875 0.03984375 0.02734375
6 0.74296875 0.3625 0.025 0.0828125
6 0.77890625 0.35859375 0.02265625 0.05
6 0.81015625 0.3609375 0.0203125 0.05390625
6 0.83828125 0.36015625 0.01875 0.0390625
6 0.8640625 0.36015625 0.01875 0.0390625
6 0.89140625 0.36015625 0.01875 0.0390625
23 0.740625 0.25703125 0.03984375 0.0484375
23 0.7578125 0.2328125 0.03984375 0.0484375
6 0.88515625 0.2578125 0.04296875 0.05390625
6 0.9078125 0.2890625 0.04296875 0.05390625
6 0.8578125 0.225 0.06796875 0.0796875
6 0.81484375 0.16953125 0.13203125 0.1609375
20 0.1890625 0.4984375 0.11171875 0.2296875
23 0.21015625 0.65234375 0.04296875 0.03125
23 0.26328125 0.6375 0.021875 0.05546875
23 0.31640625 0.5734375 0.02265625 0.0578125
23 0.3421875 0.5734375 0.02265625 0.0578125
6 0.36953125 0.5734375 0.02265625 0.0578125
6 0.39609375 0.57265625 0.01484375 0.0390625
23 0.53828125 0.540625 0.0203125 0.05390625
23 0.61640625 0.4953125 0.0421875 0.02578125
6 0.740625 0.80859375 0.025 0.0828125
6 0.775 0.81015625 0.021875 0.05546875
6 0.80703125 0.81171875 0.021875 0.05546875
6 0.83515625 0.81015625 0.01875 0.0390625
6 0.8609375 0.81171875 0.01875 0.0390625
6 0.88828125 0.8125 0.01640625 0.0375
6 0.5296875 0.46875 0.02890625 0.01875
1 0.18359375 0.9046875 0.10859375 0.15234375
6 0.27578125 0.90546875 0.0140625 0.03515625
6 0.34921875 0.87265625 0.01953125 0.0515625
6 0.384375 0.87265625 0.021875 0.0515625
6 0.41640625 0.87421875 0.01484375 0.0375
6 0.44375 0.875 0.0171875 0.0390625
6 0.47109375 0.875 0.0171875 0.0390625
6 0.496875 0.875 0.0171875 0.0390625
6 0.5234375 0.8765625 0.0171875 0.0390625
6 0.55 0.8765625 0.0171875 0.0390625
6 0.5765625 0.8765625 0.0171875 0.0390625
6 0.60390625 0.8765625 0.0171875 0.0390625