23 0.13001350189986108 0.05236140983731211 0.038227351823611144 0.03146816861791082
23 0.09109647226458328 0.046338668814302555 0.04135235182361115 0.031486349336070064
23 0.041096472264583295 0.04662956030485031 0.04135235182361115 0.031486349336070064
23 0.012136324088194431 0.046802277127363054 0.024272648176388863 0.031395445745273885
23 0.01526132408819443 0.015606819281840763 0.019477351823611138 0.031213638563681527
23 0.12151132408819443 0.01529774707313376 0.019477351823611145 0.03059549414626752
23 0.0871297919843747 0.3510079880961433 0.02325696846486116 0.05950226502711464
23 0.10747865957555525 0.3493273134281083 0.020204703647222287 0.06260908430895543
23 0.12477526234909693 0.3445398194782325 0.02325696846486114 0.05950226502711464
23 0.2551406823738881 0.985881916083828 0.019331881458888846 0.02510908430895533
23 0.25365222397701315 0.9155875968019874 0.026527438829583437 0.06577044574527377
2 0.6620115442654855 0.8225991034412867 0.05080008700597229 0.03466589149054755
2 0.6614647239770132 0.9132150130822071 0.047529616641249994 0.028397710772388507
9 0.689515682373888 0.9833547962596942 0.13808188145888883 0.025799951599006478
9 0.4797874578281941 0.46277062724900003 0.5686149810013893 0.534486167832344
6 0.5767974768268047 0.9933843021134269 0.0376454703647223 0.0064681686179106634
6 0.587627180474027 0.930829759958949 0.03314111474138901 0.08143180718159257
6 0.4543795758006242 0.8831740308397962 0.025654616641250173 0.028270445745273775
17 0.553579488794652 0.9169672478587007 0.02667290919430556 0.07202044574527378
6 0.1968022648176389 0.002597759173382172 0.03139547036472221 0.005195518346764344
17 0.16714590672576365 0.26930347014216244 0.029797909194305604 0.07203862646343309
6 0.16496123841340235 0.49741028942400317 0.02223867591180557 0.015752265027114732
6 0.16728745782819404 0.4645886990649236 0.01918641109416668 0.01885908430895533
6 0.16172844206062464 0.4349375605012421 0.019113675911805572 0.015734084308955332
6 0.16398192629305522 0.4052409701421625 0.04149782218833335 0.03773634933607006
6 0.05704355490215253 0.3011897952777357 0.01017508700597225 0.03442954215447767
6 0.002249564970138745 0.3624636385636816 0.00449912994027749 0.03757272287263689
6 0.02285039285805531 0.29357728317748727 0.04149782218833336 0.03773634933607006
6 0.0022469521286108546 0.6280522771273631 0.004493904257221709 0.03132272287263689
6 0.14018858890583333 0.018368204918656057 0.019622822188333354 0.03673640983731211
6 0.09033405927055554 0.01226365066392994 0.01933188145888891 0.02452730132785988
6 0.04970905927055554 0.012390915691044588 0.02558188145888891 0.024781831382089177
1 0.06721994832888872 0.4995545724050988 0.13443989665777745 0.2007817708808471
1 0.4368998286504159 0.9629524344305924 0.1953501740119446 0.06987720452587283
1 0.11524303419749919 0.9554500484009936 0.2270365851061112 0.08880901170746469
9 0.6577020908056944 0.07002056674775799 0.04709581838861112 0.14004113349551597
6 0.16540026234909694 0.34430347014216245 0.054216027735416714 0.04718407220870695
9 0.6076293556233333 0.0733091932111911 0.05974128875333342 0.1466183864223822