20 0.8078232086963464 0.13062712133717153 0.1222674565847754 0.07068823620994644
6 0.7652205200582597 0.1974138045649818 0.03112797954602886 0.02354280007914227
6 0.6318420672344081 0.29361755166198794 0.025847097651002217 0.08349446159934022
6 0.5936062813410308 0.2909411810497322 0.015039978292387702 0.03400292695960409
6 0.5670437813410307 0.29016829123714666 0.015039978292387702 0.03400292695960409
6 0.5412170672344081 0.29098063347787245 0.015039978292387702 0.03400292695960409
6 0.5138733172344081 0.2901850116119755 0.015039978292387702 0.03400292695960409
6 0.48731081723440806 0.28941212179938997 0.015039978292387702 0.03400292695960409
6 0.45989887107447414 0.290960249933493 0.015085442399010418 0.035565426959604095
6 0.4333591031277854 0.2894061101209074 0.014349656505632958 0.037105194906292736
6 0.4068193351810968 0.2878519703083218 0.01586669239901024 0.035588159012915455
23 0.8174553068095669 0.36391699445670966 0.043096782132453625 0.032477530878812375
23 0.7534155388628783 0.3612717160851797 0.04298312186589683 0.028571280878812378
23 0.5503587350228122 0.3530176322242312 0.040639371865896834 0.028503084718878392
6 0.24648357726353795 0.36997884553943106 0.027409597651002038 0.08353992570596294
6 0.2106597375300947 0.3650269210871094 0.024111101411925785 0.05065922954602886
6 0.17934154137016067 0.36646138895465574 0.021881011678482488 0.05449728338609479
6 0.15123927342347201 0.36486178503544753 0.019886602665567032 0.039608069279472156
6 0.125458023423472 0.36411162727617324 0.019886602665567032 0.039608069279472156
6 0.09811427342347201 0.3633160054102763 0.019886602665567032 0.039608069279472156
23 0.25189615446056896 0.26457829169936503 0.04125313730530315 0.049596834718878394
23 0.2354133481132205 0.2398594365265156 0.04125313730530315 0.049596834718878394
6 0.10734217240725763 0.26115411183676707 0.04453726167848249 0.05515651293212374
6 0.083776640274804 0.2917448822907382 0.04453726167848251 0.05515651293212374
6 0.13564066864633392 0.22913723370266398 0.07028741943775674 0.08166518863808658
6 0.1802233944314391 0.17491874663478774 0.13671405298213618 0.16477921700961656
20 0.7964344499873647 0.5220333713371715 0.11840197367353404 0.23293818362352176
23 0.7708624854850307 0.6753258558977653 0.04387803213245363 0.032500262932123644
23 0.7181693944979461 0.6589363262725941 0.023488975785105205 0.05610524749271768
23 0.666908422869476 0.593328046647423 0.0243384219450391 0.05847172954602886
23 0.6411271728694761 0.5925778888881488 0.0243384219450391 0.05847172954602886
6 0.6137834228694761 0.5917822670222519 0.0243384219450391 0.05847172954602886
6 0.5872436549227873 0.5902281272096663 0.015980352665567032 0.039494409012915455
23 0.4459881691085523 0.5540596435070023 0.021881011678482488 0.05449728338609496
23 0.36918162820061007 0.5064739381758683 0.04293765775927429 0.02700878087881229
6 0.23584732482276252 0.8161407916993649 0.027409597651002128 0.08353992570596276
6 0.20142686071613985 0.8167030813536661 0.023488975785105205 0.05610524749271768
6 0.16935014660951717 0.8173335671679011 0.023488975785105205 0.05610524749271768
6 0.14127061071613983 0.8149527132486929 0.019886602665567032 0.03960806927947225
6 0.11544389660951715 0.8157650554894186 0.019886602665567032 0.03960806927947225
6 0.08807741455620581 0.8157506836235218 0.01749738855894436 0.03797737311953817
6 0.45667326801319563 0.48243469609342704 0.029451819279472248 0.019591085972519552
1 0.7900825322654677 0.9253453715026063 0.11302650039571152 0.14930925699478728
6 0.6978723002121562 0.9265413634196127 0.015085442399010418 0.035565426959604095
6 0.6253895464512326 0.8915920504083467 0.021031565518548588 0.05213080133278325
6 0.5902332964512326 0.8905691080093362 0.02337531551854859 0.05219899749271732
6 0.55815658234461 0.8911995938235714 0.015934888558944316 0.03793190901291545
6 0.5307901002912986 0.8911852219576744 0.018324102665567034 0.03956260517284917
6 0.5034463502912986 0.8903896000917776 0.018324102665567034 0.03956260517284953
6 0.47766510029129855 0.8896394423325032 0.018324102665567034 0.03956260517284953
6 0.4510571361846759 0.8904290525199178 0.018324102665566853 0.03956260517284953
6 0.4244946361846759 0.8896561627073322 0.018324102665566853 0.03956260517284953
6 0.3979321361846758 0.8888832728947467 0.018324102665567034 0.03956260517284917
6 0.3705883861846759 0.8880876510288497 0.018324102665567034 0.03956260517284953