23 0.6519164563522627 0.95567897951801 0.12598264586155708 0.026030420933748032
6 0.8808249491161735 0.748005174482217 0.08107293758467123 0.06080026308359247
23 0.8787844142904643 0.6791641692205452 0.04538774310259512 0.0337981473268119
23 0.054222584800965166 0.9748179894766563 0.008870388964152065 0.050364021046687316
23 0.10973560040479739 0.9574793000564696 0.04522396879233552 0.030673147326811544
23 0.07946608774164125 0.6191448421498446 0.04538774310259504 0.033798147326811724
6 0.07166023179417595 0.5898213631965319 0.04522396879233552 0.03067314732681172
6 0.03503889981828591 0.3396239421216097 0.02482293758467107 0.05752407366340586
6 0.4097113511977669 0.3115326793203659 0.024822937584671044 0.05752407366340586
23 0.144891934643995 0.4021855843279239 0.048512743102595034 0.03398015785015538
23 0.33864193464399495 0.39090093188061464 0.048512743102595124 0.03398015785015547
23 0.5258143860234761 0.3737303004799927 0.048512743102595124 0.03398015785015547
23 0.7133143860234761 0.36280966907937084 0.048512743102595124 0.03398015785015547
23 0.8896245805055522 0.3776170797721238 0.048512743102595124 0.03398015785015547
23 0.09120701266315616 0.3347852527014231 0.02498671189493056 0.06064907366340586
23 0.11620701266315617 0.3333291685146735 0.02498671189493056 0.06064907366340595
23 0.11104812188998178 0.2348916685146735 0.024822937584671044 0.05752407366340595
23 0.08604812188998179 0.2363477527014231 0.02482293758467107 0.05752407366340586
23 0.07422979534115866 0.1304617737481105 0.024822937584671044 0.05752407366340586
23 0.09955734396167767 0.1352556895613609 0.02482293758467107 0.05752407366340586
1 0.1987738511977669 0.3238183896460655 0.07925813206674714 0.08561825256024883
1 0.1938606218899818 0.23006838964606552 0.07925813206674706 0.08561825256024883
1 0.18829229534115866 0.12381838964606551 0.0792581320667471 0.08561825256024877
1 0.5737738511977669 0.30197712684482175 0.07925813206674696 0.08561825256024873
1 0.5685330732694627 0.20197712684482175 0.07925813206674696 0.08561825256024873
1 0.5632922953411587 0.10197712684482174 0.07925813206674714 0.08561825256024873
23 0.2787070126631562 0.32386462130080124 0.02498671189493056 0.06064907366340595
23 0.30370701266315614 0.3224085371140516 0.02498671189493056 0.06064907366340586
23 0.298466234734852 0.22240853711405162 0.02498671189493056 0.06064907366340586
23 0.27346623473485204 0.22386462130080123 0.02498671189493056 0.06064907366340595
23 0.26789790818602893 0.1176146213008012 0.02498671189493056 0.060649073663405904
23 0.2928979081860289 0.11615853711405162 0.02498671189493056 0.060649073663405904
23 0.4643988511977669 0.30834749516185117 0.02169793758467122 0.05734206314006211
23 0.4910432383528967 0.3083629057134297 0.02465916327441171 0.05439907366340595
23 0.46228307326946283 0.20816548463850743 0.027947937584671047 0.05770608418674961
23 0.48572057326946283 0.20680040571342975 0.024822937584671044 0.05752407366340586
23 0.45539790818602893 0.10669398990017931 0.02498671189493056 0.06064907366340586
23 0.4803979081860289 0.10523790571342975 0.02498671189493056 0.06064907366340586
23 0.6534613511977669 0.29733585849955746 0.024822937584671224 0.05752407366340586
23 0.6783794640426372 0.29431727431280785 0.02498671189493056 0.06064907366340595
23 0.6353930246489438 0.1918139005929322 0.024822937584671044 0.05752407366340591
23 0.6603930246489438 0.19035781640618263 0.024822937584671044 0.05752407366340586
23 0.6303979081860289 0.09650140059293222 0.02498671189493056 0.060649073663405904
23 0.6616479081860289 0.09468129535949524 0.02498671189493056 0.060649073663405884
28 0.8769408740376884 0.4645556376505141 0.09323210085908258 0.11447129465362345
23 0.8151778584338562 0.4822583481173881 0.027947937584671224 0.05770608418674961
23 0.5376061363621603 0.5987303004799928 0.024822937584671224 0.05752407366340595
23 0.5583480042954132 0.5160242162932432 0.024822937584671044 0.05752407366340577
23 0.5836755529159322 0.5208181321064936 0.024822937584671044 0.05752407366340577