6 0.13221038670084453 0.8480287053463764 0.0292581320667471 0.0827060841867496
6 0.23813283808032554 0.8355903475526907 0.029258132066747145 0.0827060841867496
6 0.1897440049727817 0.9888665369728773 0.025327548620519023 0.007706084186749606
6 0.1899144233355759 0.9622130317112054 0.029271420171816543 0.02351309471009344
6 0.1896754059227214 0.9277470264495336 0.04522396879233552 0.030673147326811544
6 0.1877920013547371 0.8918095264495335 0.04506019448207601 0.027548147326811545
6 0.18459175825214205 0.8606505317112054 0.04193519448207601 0.027366136803468066
6 0.18287212799441727 0.8278380317112054 0.042098968792335524 0.030491136803468065
6 0.49658050316375935 0.9224099951618513 0.04522396879233561 0.030673147326811544
23 0.48294072704447755 0.8714845319935541 0.024822937584671044 0.05752407366340577
23 0.5079407270444776 0.8700284478068046 0.024822937584671044 0.05752407366340577
1 0.7888897546340974 0.7282834796591843 0.18137390999505137 0.1912605787839034
23 0.9009869629109832 0.6841400955571393 0.02860303482570927 0.0702060841867496
23 0.15247870533620986 0.3077075422345491 0.024822937584671044 0.05752407366340586
23 0.3646511567156908 0.2890808266471777 0.024822937584671044 0.05752407366340595
23 0.5771511567156908 0.2767041110598062 0.024822937584671044 0.05752407366340595
23 0.7959011567156908 0.26396337442574735 0.024822937584671224 0.05752407366340595
6 0.06221663274411564 0.5292478842432193 0.04899077792830413 0.10254814732681172
17 0.034091632744115634 0.5308859789533126 0.01774077792830412 0.1007280420933748
6 0.09527479420950488 0.5320242737481105 0.024659163274411578 0.05439907366340595
6 0.12652479420950488 0.5302041685146734 0.024659163274411578 0.054399073663405774
23 0.43662349050060323 0.585804637226991 0.024822937584671044 0.05752407366340577
23 0.4612959418800842 0.5780985530402415 0.024822937584671044 0.05752407366340577
6 0.48670537765573296 0.5844549688534919 0.024659163274411533 0.054399073663405774
6 0.4831023428300239 0.5157049688534918 0.024659163274411533 0.054399073663405774
1 0.5577615061044355 0.5646437268165869 0.08254690637700648 0.08892526308359247