9 0.8498440782691663 0.538732121788051 0.2854738662600006 0.4515999031980128
9 0.4139793134515274 0.5381433319712643 0.33220339589527814 0.44562261397040126
9 0.06184277051722209 0.5402432049186561 0.12368554103444418 0.43201359016268787
23 0.9908405927055555 0.11921853162536314 0.013954703647222289 0.06257272287263693
9 0.04367726481763889 0.0841204699457707 0.08735452963527778 0.15675906010845858
9 0.37147365007624994 0.08220240417997136 0.5317617591180557 0.1593225413689108
6 0.8977815769379859 0.0900764531701402 0.06533667211208324 0.1222386143631847
6 0.7092295296352777 0.004231940284324865 0.031540940729444425 0.00846388056864973
1 0.7999272648176389 0.0009251331027325105 0.0876454703647223 0.001850266205465021
17 0.7767417251143749 0.12202641081927075 0.17078919794763897 0.22283857806243948
9 0.63981576804868 0.5008968202637993 0.057421601442361594 0.4533977107723885