23 0.3855323812737776 0.6875183266471776 0.02498671189493056 0.06064907366340577
23 0.41686426842890734 0.6872607214137407 0.024822937584671044 0.05752407366340595
23 0.54565100972248 0.6625197846949773 0.02153416327441171 0.05421706314006229
23 0.5783816225673503 0.6590461741998684 0.024822937584671224 0.05752407366340577
23 0.6097135097224801 0.6587885689664313 0.02465916327441171 0.054399073663405774
23 0.6409635097224801 0.6569684637329944 0.02465916327441171 0.05439907366340595
23 0.6783816225673502 0.65322183745287 0.024822937584671224 0.05752407366340577
23 0.7158816225673503 0.6510377111727457 0.024822937584671224 0.05752407366340595
23 0.7471316225673503 0.6492176059393087 0.024822937584671224 0.05752407366340577
23 0.7783816225673503 0.6473975007058718 0.024822937584671224 0.05752407366340577
23 0.31361535843385613 0.5114710371140516 0.024822937584671044 0.05752407366340595
23 0.33861535843385615 0.510014952927302 0.024822937584671044 0.05752407366340577
23 0.3636153584338561 0.5085588687405524 0.024822937584671044 0.05752407366340577
23 0.21102154567984294 0.3481813528143626 0.024822937584671044 0.05752407366340595
23 0.24695904567984295 0.3460882317959101 0.021697937584671045 0.05734206314006211
23 0.27977154567984297 0.34417712130080125 0.024822937584671044 0.05752407366340595
23 0.3111034328349727 0.3439195160673642 0.024659163274411533 0.054399073663405864
23 0.3486034328349727 0.34173538978723983 0.024659163274411533 0.054399073663405864
23 0.37977154567984295 0.3383527845538029 0.024822937584671044 0.05752407366340595
23 0.41102154567984295 0.3365326793203659 0.024822937584671044 0.05752407366340586
23 0.4485215456798429 0.3343485530402415 0.024822937584671044 0.05752407366340586
23 0.4797715456798429 0.3325284478068046 0.024822937584671044 0.05752407366340595
23 0.5110215456798429 0.33070834257336756 0.024822937584671044 0.05752407366340586
23 0.5485215456798429 0.3285242162932432 0.024822937584671044 0.05752407366340586
23 0.5797715456798429 0.32670411105980623 0.024822937584671044 0.05752407366340595
23 0.6169439970593239 0.3182699847796818 0.024822937584671044 0.05752407366340586
23 0.648521545679843 0.3226998795462448 0.024822937584671044 0.05752407366340595
23 0.679771545679843 0.3208797743128079 0.024822937584671044 0.05752407366340595
23 0.7169439970593239 0.3124456480326835 0.024822937584671044 0.05752407366340586
23 0.7857758842144537 0.3100039165191221 0.024659163274411533 0.05439907366340595
23 0.8544439970593238 0.3044371850055607 0.024822937584671224 0.05752407366340595
23 0.8172715456798428 0.3128713112856851 0.024822937584671224 0.05752407366340586
23 0.8856939970593238 0.3026170797721238 0.024822937584671224 0.05752407366340595
23 0.9231939970593238 0.3004329534919994 0.024822937584671224 0.05752407366340586
23 0.9544439970593238 0.2986128482585624 0.024822937584671224 0.05752407366340595
23 0.9856939970593238 0.2967927430251254 0.024822937584671224 0.05752407366340586