23 0.006795440006363343 0.046620332015222435 0.012863626670908896 0.03175933596955514
23 0.2938227253341818 0.0006473043348935489 0.037645450668363625 0.0012946086697870978
23 0.051602146721815643 0.4043399901141683 0.04418635200509067 0.03928267589344294
23 0.019992898790539754 0.9121179980228338 0.01947725334181779 0.06326400395433254
23 0.038742898790539756 0.9113539940685008 0.01947725334181779 0.06326400395433254
23 0.18928724411199485 0.8176782954376449 0.022602253341817802 0.06339133794672165
23 0.2080372441119948 0.8169142914833124 0.022602253341817757 0.06339133794672165
23 0.22993042544554027 0.8175854535365907 0.01631589067472685 0.06001166996194414
23 0.2705554254455403 0.8159301116355365 0.022565890674726852 0.06026633794672165
23 0.3038224587841764 0.8536556047154544 0.03786362667090888 0.03277800790866543
23 0.2979724481221762 0.8882852727002319 0.03793635200509069 0.03902800790866543
17 0.1690409013367271 0.02283532212939069 0.12558180267345423 0.04567064425878138
6 0.04317148138127052 0.3515333250951402 0.053634077339272446 0.04591467787060939
6 0.13472810813172123 0.9652828073006431 0.04742044000636332 0.0487850098858317
6 0.11376108012408519 0.9098604782511701 0.056795440006363315 0.04916701186299797
6 0.3016054307765404 0.7974692717116488 0.03473862667090888 0.03265067391627667
6 0.2988258761139039 0.8272841057040375 0.041024989337999786 0.03603034190105418
6 0.3018610641310849 0.9537829387078431 0.03204997867599957 0.07002333992388791
6 0.03697821475172336 0.6253528270723065 0.05992044000636334 0.049294345855386903
6 0.04069772533418178 0.005740664030444868 0.03139545066836356 0.011481328060889737
6 0.009593176002545337 0.01875 0.019186352005090675 0.0375
1 0.2109088001272669 0.9293506244871178 0.08895450668363551 0.12856535178688588
1 0.9884817920114539 0.3410124584051446 0.02303641597709216 0.42601867193911025
1 0.5996578387173613 0.3491803744499368 0.44807934675363226 0.6585790929268185