24 0.6091450366660413 0.6104354467272325 0.1943344943004167 0.16048402380771343
9 0.33730771067798565 0.5432762595661657 0.34761019034819485 0.4363385175611974
9 0.0244155056995832 0.5435863735365669 0.0488310113991664 0.45032725292686615
23 0.5953826223408333 0.12776839247250643 0.04149782218833344 0.03773634933607006
23 0.45446406876986084 0.2754433440715128 0.04135235182361115 0.031486349336070064
23 0.455191420593472 0.24419334407151277 0.04135235182361115 0.031486349336070064
23 0.29029377241708315 0.21390692213395224 0.023184233282499987 0.05637726502711464
23 0.27154377241708316 0.21401600644290766 0.0234751740119445 0.06887726502711464
23 0.3358998259880555 0.06678648243880257 0.02645470364722229 0.06264544574527389
23 0.2776885889058333 0.017968229119152877 0.019622822188333354 0.035936458238305755
23 0.002033972264583294 0.12498181928184078 0.004067944529166588 0.06253636143631844
2 0.6141988254193746 0.46042635636815293 0.05080008700597212 0.034665891490547905
9 0.7098087982526388 0.11375238602959874 0.14288240349472242 0.22750477205919747
6 0.5957073178199304 0.2480627117543472 0.03633884992375016 0.08457498789975162
6 0.5986881538759721 0.18711612139526754 0.04447735182361114 0.031504530054229284
6 0.5979257408819443 0.15275021175434716 0.034956881458888846 0.025199987899751575
6 0.5991999129940278 0.03088430211342679 0.025436411094166545 0.018895445745273888
6 0.5997090592705556 0.010809193211191104 0.03808188145888884 0.02161838642238221
17 0.5550095826375692 0.25142406109041726 0.02965243882958326 0.06578862646343317
1 0.4569020037997221 0.10519551834676436 0.19869599240055572 0.2103910366935287
1 0.13466332788791657 0.12180227712736307 0.23067334422416685 0.24360455425472613