9 0.44375 0.5 0.8875 1
10 0.9754908563858325 0.91875 0.01003222948277802 0.1625
10 0.9176238049990616 0.92109375 0.08492312670923638 0.1578125
19 0.9433901372553812 0.75390625 0.07981609298989589 0.07265625
19 0.9456631117041662 0.65625 0.07994337955902786 0.078125
19 0.9584735426499649 0.57578125 0.05663251291777769 0.05
19 0.959528856004583 0.496875 0.05897626291777769 0.05
23 0.9519722355636109 0.41875 0.07727232123840296 0.0640625
19 0.9565889600123956 0.32109375 0.07343880642076392 0.0671875
19 0.9914750659200692 0.1984375 0.009030814304548329 0.05234375
19 0.9927297478157986 0.14453125 0.008921711531007048 0.04765625
6 0.9327943162044097 0.00078125 0.06878636759118066 0.0015625
8 0.43034984907072876 0.50859375 0.6306558136389585 0.2765625