9 0.9931640625 0.20515551463221376 0.013671875 0.41031102926442753
23 0.9804801256577089 0.0008639958149488508 0.039039748684582064 0.0017279916298977016
1 0.8754774131118273 0.02998913709866515 0.16657982622365458 0.0599782741973303
23 0.9723583743246443 0.03000248413169576 0.055283251350711285 0.06000496826339152
9 0.10571094468185842 0.0578125 0.21142188936371684 0.115625
23 0.9646224840738101 0.09921194045121527 0.06678495257436623 0.06310362158778722
10 0.4946215262377721 0.07397146226302628 0.29705555247554416 0.14794292452605257
17 0.6969421604104042 0.10782522167222239 0.20399506818997254 0.21565044334444478
6 0.8470709630271227 0.09842003598415458 0.13972119461127122 0.13818070430044493
19 0.9391667287415512 0.17325090798622655 0.045114349901177776 0.1057256151776464
23 0.9720170260965979 0.1858215285405565 0.0500748656861937 0.110631438998964
10 0.23868233937783428 0.09780658793454808 0.2218959287556686 0.19561317586909616
19 0.8357533024049569 0.20000180666231904 0.14142020250377918 0.14059722890755086
23 0.722494439208425 0.24601212758815247 0.07242800782192056 0.07972819540910478
2 0.7609569707078689 0.3280412235353765 0.10137205517696728 0.09510063833701014
9 0.9115653735081141 0.6432016890034732 0.17686925298377182 0.6389298751024439