9 0.86484375 0.109375 0.26015625 0.21796875
25 0.7953125 0.33359375 0.0453125 0.0765625
25 0.79609375 0.4203125 0.046875 0.0828125
25 0.79609375 0.50546875 0.05703125 0.075
4 0.81328125 0.7984375 0.15078125 0.19921875
2 0.91796875 0.42421875 0.10859375 0.2078125
23 0.7625 0.63515625 0.05546875 0.05234375
19 0.76015625 0.578125 0.06796875 0.05390625
23 0.70859375 0.33359375 0.05703125 0.04765625
23 0.71015625 0.4203125 0.0578125 0.04609375
23 0.7078125 0.5 0.06796875 0.05625
6 0.678125 0.03515625 0.04453125 0.0703125
6 0.5515625 0.2515625 0.05078125 0.07890625
23 0.3890625 0.50625 0.040625 0.06875
6 0.196875 0.453125 0.0390625 0.07890625
19 0.16171875 0.38984375 0.04296875 0.07265625
19 0.1375 0.3515625 0.04296875 0.0703125
19 0.1171875 0.31015625 0.04453125 0.0703125
6 0.0828125 0.24765625 0.03671875 0.0703125
6 0.02265625 0.1703125 0.040625 0.075
9 0.0296875 0.3984375 0.059375 0.321875
9 0.3078125 0.80859375 0.615625 0.378125
1 0.321875 0.21484375 0.64375 0.4296875
23 0.8609375 0.2640625 0.05546875 0.0375
8 0.86171875 0.04609375 0.1125 0.09140625
8 0.321875 0.0765625 0.359375 0.153125