9 0.80703125 0.0265625 0.3859375 0.053125
1 0.24296875 0.21328125 0.4859375 0.42578125
19 0.7546875 0.00703125 0.0328125 0.0140625
23 0.69609375 0.034375 0.0390625 0.04609375
23 0.3375 0.43046875 0.040625 0.1015625
23 0.37265625 0.44453125 0.0421875 0.1015625
23 0.4078125 0.45703125 0.0421875 0.10390625
23 0.11015625 0.409375 0.06640625 0.07421875
9 0.64453125 0.54921875 0.5609375 0.9015625
1 0.353125 0.5578125 0.1140625 0.16171875
6 0.29921875 0.67265625 0.0453125 0.09921875
23 0.33515625 0.690625 0.0453125 0.10390625
23 0.37109375 0.70390625 0.0421875 0.10625
9 0.13671875 0.6125 0.2734375 0.446875
9 0.16484375 0.83046875 0.3296875 0.3390625