9 0.19296875 0.2359375 0.3859375 0.471875
19 0.5412390600668395 0.25587338483006017 0.0283937812495882 0.06127042243340188
23 0.5796294042226409 0.24806354342329762 0.03505683847375849 0.04046317391627667
1 0.7483037175358913 0.4895267791260226 0.5033925649282175 0.9790535582520452
19 0.24510794845787248 0.0070551425287608245 0.03322160308425506 0.014110285057521649
23 0.6086425685882562 0.06185678798609012 0.03826365909060954 0.04527800790866541
19 0.5802408790588374 0.03412837741568636 0.03003810186643907 0.06602158942959624
9 0.12086979505177727 0.9439662228139628 0.24173959010355453 0.11203572087397759
29 0.5895898218412576 0.9744841219784789 0.0859647735389503 0.005064184790691683
29 0.5007727836918107 0.9640506407615593 0.0833306972400564 0.033061850798302574
6 0.45010062784761196 0.9598698181378769 0.06244149878218401 0.043921096349678376
6 0.6647125527665342 0.9643968561611482 0.06433523538950325 0.018235346843970036
6 0.5541432455423637 0.9478234628909499 0.06116537094116268 0.06026367935348418
6 0.7664796043086616 0.9485397514085128 0.0670880884737585 0.041768347338261694
6 0.6716307544708174 0.9258609381763705 0.05956196063273715 0.05785626235728962
6 0.5653358900224766 0.8880346274156864 0.059643781249588204 0.06254376235728962
9 0.15241465858510844 0.7131645503805608 0.3048293171702169 0.5728896492388783
19 0.27693368344692937 0.7725329387078432 0.03003810186643907 0.06602158942959627
23 0.3043456172943052 0.7675125162744413 0.03189092816533297 0.03799208992388792
6 0.7798659943245477 0.8972491654389575 0.05952105032431163 0.05551251235728962
6 0.6813563563372564 0.8606670196973013 0.059643781249588204 0.06254376235728998
6 0.576637628658391 0.8219957919404228 0.059684691558013724 0.06488751235728962