9 0.03873521753259592 0.11793957509514022 0.07747043506519184 0.16724584980971957
25 0.005979444400682673 0.42618049802283364 0.011958888801365346 0.07576400395433272
9 0.10235779220993199 0.308106977262587 0.18482678774240985 0.16757345505664656
9 0.17727815138326705 0.4885173774528674 0.18717053774240983 0.16766895555093822
9 0.2925644119365739 0.6821161857420937 0.19289838636243806 0.18273554003761844
9 0.29067680925935585 0.8797087687458994 0.1927483818982112 0.17414179003761845
9 0.3981972086107327 0.9815020790122919 0.10317954707790075 0.00732702174883002
9 0.5122869821496832 0.9752918882901014 0.10401534415580134 0.010483855246926766
19 0.149062053577313 0.8526899653995889 0.06770747158978567 0.16670468034206715
19 0.14819680317027592 0.6786303828900749 0.030979038960225847 0.11992783942959626
19 0.09768828855977932 0.6650745602663927 0.05418075973923264 0.15210101087441502
23 0.04357748701765177 0.6789898216350991 0.029679591720169374 0.09020850593149916
6 0.010541894178130387 0.6242359960456673 0.021083788356260773 0.08617492193911022
6 0.030553155847493928 0.4859083250951402 0.024210841720169386 0.08998567144481875
9 0.6500654460288311 0.8642841096211893 0.10379102191409721 0.2212621877564409
9 0.7609211254119801 0.8644512528913875 0.10128363068039511 0.21179168726214925
23 0.8395546400224767 0.8768610695835706 0.028267096184396222 0.0987385889353046
6 0.8792523396981651 0.9283307276825165 0.04419605925276535 0.07206334239534584
10 0.9495881590972001 0.8794037963518662 0.07080519805083547 0.16526951433445589
19 0.9805905174564609 0.713414040420367 0.013768219561190875 0.07316558596955502
19 0.9838439768713819 0.6164753734241726 0.009971063716992034 0.07925641847906917
19 0.9891684508967998 0.5350662059336867 0.0024352532464106957 0.05006366699619438
19 0.9905457646137918 0.4561599559336867 0.0024352532464106957 0.05006366699619438
23 0.9880031915613088 0.37819412342417263 0.009711965096963837 0.06441266847906917
19 0.99047540097623 0.28128728992607543 0.008971625405389361 0.06672458498097189
7 0.8719457690780187 0.4524048976444604 0.10633932345622484 0.23307643825073257
19 0.9715498973227821 0.1579280443746997 0.050900026785361166 0.053599843878220546
19 0.9693521976470937 0.10493037836708849 0.056300592937985526 0.049916428364900914
23 0.9625585012178159 0.011994380514304048 0.05619149878218401 0.023988761028608096
23 0.5674029504930579 0.8590647104194918 0.02648640787279355 0.08617492193911006
23 0.44711376989209295 0.8179051526245573 0.08192965868357245 0.22115209980971962
9 0.83548571225759 0.1444464186890339 0.1399660754848199 0.2888928373780678
19 0.699174290992116 0.24241176821442662 0.08266822402541774 0.08456068380210838
6 0.6732143940796664 0.7009564386706622 0.04522672524323355 0.04165825939154004
23 0.5896479176186167 0.702800122967062 0.05228524878218401 0.04350726087441501
1 0.6289673364484589 0.507585782054591 0.15836547361838066 0.2617399491251476
19 0.7211842897775953 0.6810458452867332 0.026663685875970698 0.09633117193911023
19 0.7735280397775953 0.678913000914221 0.03071994034019756 0.10508408942959627
6 0.7994474318220762 0.5357704959713052 0.02804890787279355 0.0862385889353046
6 0.8017247723244296 0.4053017459713052 0.024251752028595065 0.09232942144481875
6 0.7530044488649095 0.15512267384191453 0.030679030031772213 0.10274033942959626
23 0.6980851237838317 0.17063226870871823 0.051804007710637735 0.06066292737631769
23 0.7173823689125676 0.019057446607213317 0.029284125405389362 0.03811489321442663
6 0.5209516538156038 0.07635963977297604 0.06252331939903506 0.04860859634967847
1 0.6268976907472347 0.058852440685009534 0.1337046185055307 0.11770488137001907
1 0.1950437187504119 0.052728086948843046 0.0674386903401976 0.10545617389768609
9 0.3152277593354908 0.15192993192992438 0.14063823132901837 0.30385986385984876
1 0.4337067982957167 0.030219416606885173 0.07868015340856668 0.060438833213770346
10 0.35674746307166433 0.4936956728905124 0.0939835994308071 0.15138076927737193
23 0.4305298364484589 0.5156714905712787 0.034367091720169364 0.09039950692008211
6 0.4819014216758065 0.5245079796968639 0.045287000810778896 0.13456334239534584
23 0.31588845820040035 0.32985334878395534 0.06252331939903506 0.04860859634967847
23 0.3125083137202874 0.3893238492782469 0.06020684293798535 0.0500755958553869
6 0.45816568709708194 0.40837098513407133 0.08870003571381488 0.07231535178688589
6 0.4373191732973643 0.26088849007698717 0.028089818181219074 0.08858233893530461
6 0.5227736578760889 0.3745106382901013 0.029679591720169363 0.09020850593149898
19 0.48707371144681133 0.2729136461987667 0.04758588636243814 0.17681450939154014
23 0.12049768628300783 0.07394022429683747 0.06564831939903501 0.048735930342067246
23 0.12240901379971772 0.1433441403044487 0.06426309740221221 0.05882851334587284
6 0.45456299472499423 0.1227836536131405 0.02559606371699221 0.07989308844101303
23 0.41303401379971766 0.13150207901229188 0.03195515787279355 0.08639775642579064
29 0.6342311294658745 0.20602328205459108 0.04752165665497756 0.12840884288963733
6 0.5780259939142154 0.250470960419492 0.0514358149348082 0.03956917737631773
6 0.5785657362035777 0.3090010434232976 0.0514358149348082 0.03956917737631773
29 0.8547604488682048 0.63188415061021 0.07062219155801372 0.06533318133065044
23 0.8502581351512127 0.7109177346025988 0.07687219155801372 0.06558784931542797
1 0.018375635147093554 0.6436717455513757 0.03675127029418711 0.7126246753991514
19 0.561475467939633 0.16995313087572747 0.08746481818121907 0.09100168479069151
8 0.4471819537394688 0.8139989026245573 0.02570515787279355 0.0861430884410133
8 0.3609537220001181 0.47634900540002645 0.02663641233702041 0.0947686719391104
8 0.852629158690163 0.7092597341083071 0.031972748782184014 0.042679589923887915