1 0.24296875 0.9234375 0.4859375 0.153125
9 0.3453125 0.446875 0.68984375 0.70859375
9 0.87109375 0.85078125 0.25703125 0.2984375
29 0.27734375 0.85546875 0.0796875 0.1875
6 0.21875 0.84140625 0.05546875 0.15078125
6 0.33125 0.88515625 0.05859375 0.15546875
29 0.39296875 0.90625 0.0859375 0.1875
29 0.48203125 0.92578125 0.0828125 0.1484375
9 0.03203125 0.71015625 0.0640625 0.4546875
6 0.5328125 0.9453125 0.06171875 0.10859375
6 0.2234375 0.94921875 0.06171875 0.06015625
6 0.31875 0.98046875 0.06328125 0.0390625
6 0.21640625 0.990625 0.06640625 0.01875
9 0.84375 0.99140625 0.3125 0.0171875