9 0.59296875 0.07265625 0.2 0.1453125
9 0.73984375 0.128125 0.08125 0.25546875
6 0.68671875 0.26953125 0.02421875 0.0890625
6 0.3296875 0.00078125 0.025 0.0015625
19 0.253125 0.1625 0.06171875 0.04609375
23 0.2515625 0.21015625 0.0578125 0.04609375
25 0.18984375 0.1875 0.04296875 0.07890625
9 0.053125 0.11953125 0.10625 0.1640625
9 0.86484375 0.78671875 0.26015625 0.4265625
6 0.678125 0.996875 0.04453125 0.00625
19 0.93984375 0.4625 0.04921875 0.15625
6 0.8921875 0.48203125 0.03515625 0.1
19 0.64140625 0.51484375 0.02421875 0.1015625
19 0.61328125 0.490625 0.025 0.1
6 0.54765625 0.41796875 0.04140625 0.075
23 0.096875 0.365625 0.06484375 0.1203125
23 0.06484375 0.4265625 0.06796875 0.1125
6 0.17265625 0.3546875 0.0390625 0.0640625
19 0.03828125 0.51875 0.07578125 0.1265625
25 0.01328125 0.4265625 0.0265625 0.075
23 0.06171875 0.24453125 0.053125 0.03984375
1 0.32265625 0.64453125 0.64453125 0.7109375
8 0.86171875 0.846875 0.1125 0.30546875
8 0.32265625 0.8046875 0.36015625 0.390625