1 0.7556948465914333 0.06608927912602261 0.48861030681713336 0.13217855825204522
9 0.6450326672115796 0.5264485285945499 0.7022122999139793 0.7367027288198239
9 0.1287109375 0.1492107916254757 0.257421875 0.2984215832509514
29 0.7201334476470935 0.11508526426009394 0.08296032467404083 0.19074701680591394
6 0.7784817357965406 0.12676025190280427 0.05810064650870785 0.15304142836490092
6 0.66674539488715 0.08759427562880044 0.0613074671255589 0.15785626235728967
29 0.6053948376629796 0.08225810718691233 0.08921032467404082 0.16451621437382466
29 0.5166732568998589 0.0645095330803553 0.08540348620028233 0.1290190661607106
9 0.9629095085247119 0.25040204585757453 0.07199909983454873 0.45729784684397
6 0.46623292613673806 0.045602683156358084 0.06361426095704861 0.09120536631271617
6 0.7756761099841138 0.025237150533113328 0.0627687812495882 0.050474301066226655
6 0.6809090807631207 0.006296473166090869 0.06396308847375849 0.012592946332181738
9 0.15625 0.00859375 0.3125 0.0171875