6 0.15159494400023615 0.9759364644110058 0.049037517856907444 0.036348676882026254
6 0.16975065463297323 0.9197673774528674 0.039150049106495555 0.09605925790866543
6 0.11833420495728479 0.8687752218253795 0.047126190340197605 0.1057525928896375
10 0.03475832488085463 0.8318429076046542 0.06951664976170926 0.14699701680591418
6 0.1915728819048018 0.7877215400004376 0.04560460064862308 0.10803267589344294
9 0.5547331753292546 0.645670713879533 0.824831593745469 0.6948574215191808
10 0.13674506007013476 0.7532629683653385 0.06858813311602718 0.12770584733826168
6 0.13470309334831776 0.6018914693539216 0.04227504910649556 0.09618659190105419
6 0.17350649472828952 0.6151435444490618 0.045522780031772084 0.10334517589344294
6 0.2162570564166868 0.625892702053716 0.043919369723346605 0.10093775889724857
9 0.06213981686411524 0.4809197361598356 0.12427963372823048 0.21859744418223173
18 0.09926415939588734 0.30058097874546175 0.19852831879177468 0.26993179250907656
9 0.00703125 0.3812181665019028 0.0140625 0.7624363330038056
23 0.24081236607319392 0.2478167815974805 0.10080061525911965 0.09466785425834381
6 0.1216862650175337 0.18475039030444868 0.07058128124958811 0.06298943133065045
23 0.012394859984113951 0.1322713305323477 0.024789719968227902 0.06358233893530466
19 0.45299872037526495 0.2571268201150433 0.2856955868489054 0.26614755931499046
6 0.25882775487126397 0.15496077813743941 0.12557847280760176 0.12768594269935693
23 0.019333516842610036 0.06482916254757011 0.03866703368522007 0.08752917490485979
23 0.01953125 0.0140625 0.0390625 0.028125
1 0.12621189813356087 0.06388874505708413 0.16320120373287822 0.12777749011416825
6 0.6466044444006827 0.16804577958313313 0.13178756249917606 0.1255968606841345
9 0.8930606586868677 0.24707799946852735 0.21387868262626455 0.4941559989370547
10 0.5086152950493058 0.0806209821962076 0.2905682731319132 0.1612419643924152
17 0.3093244070620146 0.04307587313711129 0.19149379910649555 0.08615174627422258
10 0.7658101862830079 0.0652214926813133 0.21289724066450919 0.1304429853626266