4 0.81171875 0.2421875 0.16171875 0.18515625
19 0.7171875 0.3890625 0.06328125 0.04609375
6 0.75 0.45703125 0.0578125 0.04140625
6 0.64609375 0.503125 0.06796875 0.05
9 0.59296875 0.7703125 0.2 0.459375
9 0.73984375 0.85546875 0.08125 0.2890625
23 0.3953125 0.54296875 0.02265625 0.1
6 0.31015625 0.58828125 0.08203125 0.07890625
6 0.3296875 0.946875 0.025 0.10625
6 0.2515625 0.58125 0.02265625 0.08515625
25 0.20078125 0.52421875 0.053125 0.0828125
6 0.1390625 0.509375 0.05078125 0.04140625
23 0.096875 0.57578125 0.084375 0.05859375
23 0.01015625 0.70703125 0.0203125 0.1328125
1 0.18671875 0.84296875 0.1171875 0.2015625
6 0.03046875 0.94140625 0.02265625 0.09140625
25 0.00078125 0.84375 0.0015625 0.09140625
9 0.2984375 0.2109375 0.596875 0.421875
8 0.00859375 0.7046875 0.01640625 0.05859375
8 0.09609375 0.571875 0.03515625 0.04140625
8 0.18046875 0.83984375 0.06171875 0.11640625