23 0.974949914990798 0.70703125 0.019497495250347184 0.1328125
23 0.9576669235401727 0.94609375 0.02703658510611149 0.0875
19 0.9248907911313534 0.94453125 0.024838305470833433 0.09375
25 0.9569240007624993 0.84375 0.04900250408406244 0.09140625
9 0.13922539485482557 0.96640625 0.13592062262517368 0.06640625
19 0.12711182703489524 0.71484375 0.032796275835555645 0.1
19 0.13283710980430505 0.603125 0.03259625408406257 0.09140625
25 0.010960339999530864 0.959375 0.021920679999061728 0.0765625
25 0.039917032297638134 0.903125 0.04934734298989589 0.07265625
1 0.04521262590307272 0.66328125 0.09042525180614544 0.403125
23 0.1064947749825343 0.49296875 0.03375936379145843 0.1078125
23 0.14324989257371484 0.49140625 0.033722996200277855 0.10625
7 0.2026943617041661 0.65625 0.05928800028434047 0.19765625
23 0.14175359565225626 0.82421875 0.06195579255305557 0.04375
23 0.22680008966833265 0.8625 0.030942835106111132 0.0875
23 0.2453669452916659 0.9375 0.06015690321038196 0.03359375
23 0.2582293147827075 0.9890625 0.028634146276527783 0.021875
9 0.3542178812714577 0.7921875 0.19380781743868072 0.1703125
18 0.4578020486338884 0.5375 0.20243924145062522 0.2390625
19 0.3074221485576385 0.453125 0.06297343189572917 0.05390625
25 0.5779469752112841 0.74609375 0.04471439437666671 0.075
25 0.7509169222089926 0.49765625 0.04700359298989589 0.07265625
19 0.45285148376065887 0.98515625 0.062391550436840325 0.02890625
1 0.6753466924418743 0.8578125 0.0676979526972918 0.0890625
23 0.6146819493757285 0.84609375 0.02625533510611113 0.0875
23 0.5778904641933673 0.84921875 0.022385452697291797 0.0890625
1 0.690522976445555 0.575 0.05959516517822934 0.11015625
6 0.8385415959365968 0.6265625 0.043987042553055744 0.04375
1 0.3491452555121519 0.9765625 0.13234102773541673 0.046875
1 0.8408145703853815 0.52890625 0.06350141517822934 0.11015625
23 0.8754402242613535 0.71953125 0.03141561379145834 0.1078125
23 0.740372280397777 0.85 0.03268717306201392 0.0953125
23 0.7731302290110061 0.85234375 0.03016158510611113 0.0875
23 0.8166055124460062 0.96484375 0.05634157218833309 0.0375
9 0.6595378948548255 0.96640625 0.13670187262517358 0.06640625
1 0.5421140055121519 0.9765625 0.07765352773541671 0.046875
25 0.18738109907072875 0.50859375 0.04876611474138892 0.08125
25 0.241632841186944 0.49375 0.04485986474138901 0.08125
25 0.6056771573913537 0.49453125 0.04842062262517359 0.06640625
23 0.8741478683536797 0.8421875 0.027418444813507036 0.10390625
23 0.8396819493757285 0.84609375 0.027218423062014097 0.0953125
1 0.828474305283402 0.7234375 0.06442813554295128 0.11640625
9 0.3898210202555122 0.2078125 0.7796420405110244 0.41171875
9 0.8896216251906248 0.2109375 0.22075674961875044 0.421875
23 0.6911022450629162 0.684375 0.05556032218833344 0.0375
23 0.760688046449687 0.68203125 0.05556032218833344 0.0375
23 0.7651222797321869 0.62578125 0.05556032218833344 0.0375
23 0.7149560127303467 0.7671875 0.05556032218833344 0.0375
6 0.6231698626540967 0.6828125 0.06019327080156245 0.03515625
19 0.6437895275479855 0.7703125 0.06273704255305575 0.04375
9 0.3131428588543745 0.5765625 0.10176578780340292 0.1765625
8 0.978910716377569 0.7046875 0.009957534669270985 0.05859375