9 0.5558818072241705 0.018606425637001905 0.888222748782184 0.03721285127400381
9 0.6545145815771949 0.3410376106097724 0.24377646265803676 0.6376113824329643
10 0.004555086445163611 0.20368341551331964 0.009110172890327221 0.19888316897336072
10 0.05736466639750546 0.2022044871484187 0.08320578652459387 0.204809516805914
10 0.15654250608907996 0.20050538289007486 0.08796147037196973 0.20890676779449713
18 0.2672618177774772 0.2084850261602731 0.13304391964062107 0.33175136018984297
9 0.052114104709108176 0.6805523216350992 0.10422820941821635 0.6013953567298017
9 0.4572154728141923 0.8206163171492937 0.2950239480508355 0.17440572828835138
19 0.4359695385597793 0.6512906555903069 0.14934325527500575 0.14739094764227278
19 0.3097752313356089 0.6353539322820525 0.08738299756436803 0.0863141847906915
19 0.31128891274735276 0.5486351822820525 0.09988299756436803 0.08682352076024671
19 0.31133555154542286 0.45651134927824694 0.09363299756436802 0.08656885277546919
19 0.4138741704579905 0.4859030775294171 0.06791024878218402 0.04414393083635879
25 0.47648326461379187 0.4771063976816414 0.04683981818121907 0.08934634288963732
19 0.5594479488682048 0.6439172128909499 0.08512106818121908 0.09090618429640003
25 0.1897781513832671 0.4880080414833123 0.0730847183433748 0.11695934832684482
17 0.38321014610496607 0.1405242519399853 0.06707049756436803 0.08548651384016445
23 0.38473746428618505 0.0530242519399853 0.06556649878218401 0.04404843034206725
6 0.3558333940763711 0.23298100737719274 0.051503998782184014 0.04347542737631773
29 0.432244115262415 0.37273457406937605 0.10209037986961622 0.07910652125453818
29 0.4336759760573079 0.290703324069376 0.09579946956119087 0.07650810326976068
29 0.46070785470910813 0.17327840213026574 0.055920537742409945 0.16232092787060934
17 0.5336562053577313 0.06413155380342092 0.07477390340856668 0.07955484882113642
10 0.003125 0.02265625 0.00625 0.0453125
10 0.06054203368522006 0.022242414524736458 0.08204093262955987 0.044484829049472915
8 0.7088066152624151 0.3614655157429687 0.09394268912238157 0.14903701927737192