4 0.48909429511850677 0.23359375 0.17891016926229178 0.2015625
9 0.331527876521805 0.659375 0.249900042171806 0.465625
9 0.43243967914284676 0.9859375 0.8648793582856935 0.028125
9 0.6342313831713187 0.8453125 0.19064644984750015 0.16875
29 0.6028067305296176 0.48359375 0.05734233415618064 0.1140625
17 0.4561771587225339 0.94296875 0.08157861474138883 0.08125
25 0.5096320798846868 0.79453125 0.05516158510611113 0.0875
6 0.7590131776242355 0.8546875 0.046169098023889 0.1375
29 0.5348379805296176 0.48359375 0.05450892809600703 0.16015625
29 0.5545666394395828 0.609375 0.1001831443766669 0.075
29 0.5559278112673258 0.68515625 0.10432578371934031 0.08515625
6 0.6640169874634718 0.471875 0.035030923062014094 0.0953125
2 0.7528606287060065 0.51484375 0.09017236474138883 0.08125
2 0.7505694704616314 0.61328125 0.08543031335461819 0.07890625
23 0.694153856670173 0.72109375 0.09138937262517359 0.06640625
23 0.7435960379003121 0.44296875 0.057994991166284746 0.04140625
19 0.8276430763693051 0.490625 0.031124673062014097 0.0953125
19 0.8627084073913537 0.49453125 0.0392281137914587 0.1078125
6 0.7981328418525342 0.71796875 0.046222342989895894 0.07265625
23 0.8353224109067355 0.7984375 0.04627689437666689 0.075
23 0.8578507211272214 0.8375 0.04705814437666689 0.075
6 0.886465377187395 0.88359375 0.048802482332569494 0.0828125
6 0.9116277249269438 0.94375 0.07214971656499998 0.1125
25 0.9753447328107285 0.95859375 0.006469511967847552 0.0765625
1 0.9165932075438536 0.66328125 0.14453908852458355 0.403125
8 0.303602898273298 0.65078125 0.1301447077312849 0.15390625
9 0.9029937941685763 0.20703125 0.19393967648048652 0.4109375