23 0.20859375 0.04609375 0.08515625 0.0578125
2 0.39921875 0.09765625 0.12265625 0.1109375
28 0.29453125 0.10390625 0.0875 0.075
9 0.74921875 0.1890625 0.3578125 0.3078125
6 0.196875 0.2234375 0.07421875 0.0484375
23 0.9671875 0.3609375 0.05703125 0.0796875
23 0.9921875 0.36875 0.015625 0.08203125
6 0.09375 0.2390625 0.04765625 0.075
19 0.63984375 0.33984375 0.0828125 0.05546875
6 0.4828125 0.3609375 0.04765625 0.075
17 0.6328125 0.39296875 0.0875 0.0640625
19 0.6234375 0.44609375 0.0765625 0.05078125
1 0.278125 0.43046875 0.38203125 0.3828125
23 0.4859375 0.50078125 0.0765625 0.05078125
23 0.0328125 0.49921875 0.05234375 0.08203125
6 0.0765625 0.5078125 0.04375 0.07265625
1 0.546875 0.6125 0.15078125 0.128125
6 0.63828125 0.64296875 0.05 0.07265625
6 0.23359375 0.62578125 0.0828125 0.053125
6 0.33203125 0.64140625 0.07890625 0.053125
6 0.09921875 0.609375 0.04609375 0.07265625
6 0.1734375 0.62265625 0.05 0.07265625
6 0.13515625 0.6171875 0.04765625 0.0796875
23 0.6859375 0.85078125 0.05234375 0.08203125
6 0.259375 0.98515625 0.04375 0.0296875
1 0.6140625 0.92421875 0.6 0.1515625
6 0.31171875 0.99296875 0.0515625 0.0140625