6 0.7389344678675464 0.018518676889485875 0.045545832211595895 0.03703735377897175
1 0.38083715987084527 0.14676214707427554 0.6093966982049981 0.2935242941485511
6 0.6873265037609236 0.021244995105858568 0.05347199247815269 0.042489990211717135
6 0.858226373977468 0.11675583631336757 0.050429560503983596 0.09697669292109108
6 0.1050916991294349 0.3311458178786821 0.043906775864247474 0.08738343811176766
6 0.017481702032428773 0.42965029446503716 0.034963404064857546 0.0438244110699257
6 0.08815058854630907 0.45739085934849444 0.07817647578510518 0.05814237141421188
6 0.7692989516367174 0.329803962536903 0.08052022578510502 0.05822421696770821
6 0.09230087945425132 0.5025123863903364 0.08045202962517117 0.05588046696770821
1 0.46179136236549245 0.6519443796820964 0.6786517812080166 0.6855258823836212
6 0.1527667372008903 0.9725768605296207 0.08013378087881237 0.04494296696770803
6 0.8322844041313646 0.8473882774203603 0.08038383346523723 0.05353671696770803
6 0.8410539988793728 0.8946898633552095 0.09504572703874636 0.04780507213985139