6 0.590625 0.44140625 0.09375 0.0421875
23 0.20859375 0.428125 0.08046875 0.05546875
23 0.2828125 0.4390625 0.08046875 0.05546875
23 0.06015625 0.4046875 0.08046875 0.053125
23 0.13671875 0.415625 0.08046875 0.053125
23 0.01328125 0.39296875 0.0265625 0.05546875
23 0.68359375 0.50625 0.07890625 0.053125
6 0.43046875 0.48984375 0.05234375 0.090625
6 0.4734375 0.496875 0.04765625 0.07734375
6 0.1296875 0.46015625 0.08046875 0.053125
6 0.203125 0.47109375 0.0828125 0.053125
6 0.053125 0.44765625 0.08046875 0.05546875
6 0.2765625 0.4859375 0.08046875 0.05078125
6 0.01015625 0.43828125 0.01953125 0.053125
1 0.565625 0.5390625 0.153125 0.1390625
23 0.66171875 0.57421875 0.05234375 0.07734375
23 0.27109375 0.5265625 0.07890625 0.0578125
23 0.1203125 0.50546875 0.0828125 0.05546875
23 0.00625 0.48203125 0.0125 0.0578125
23 0.04765625 0.49453125 0.0828125 0.05546875
23 0.196875 0.51875 0.0828125 0.05546875
23 0.46171875 0.58046875 0.05 0.07734375
6 0.5765625 0.63046875 0.07421875 0.0484375
9 0.0875 0.6578125 0.175 0.68359375
9 0.69921875 0.015625 0.6015625 0.03125
6 0.6015625 0.03125 0.0984375 0.0484375
10 0.359375 0.05390625 0.12890625 0.07265625
23 0.43046875 0.14296875 0.05234375 0.07734375
28 0.3453125 0.13828125 0.11796875 0.10390625
23 0.2609375 0.1359375 0.05 0.07734375
28 0.6265625 0.19765625 0.3453125 0.3078125
23 0.41953125 0.234375 0.07890625 0.053125
6 0.340625 0.2234375 0.07890625 0.053125