23 0.09140625 0.8875 0.04765625 0.08828125
6 0.28046875 0.9234375 0.071875 0.10859375
1 0.1671875 0.95859375 0.14375 0.0828125
23 0.075 0.9734375 0.04140625 0.053125
6 0.253125 0.996875 0.07421875 0.00625
23 0.74140625 0.14453125 0.09375 0.04609375
23 0.73125 0.1890625 0.09609375 0.0421875
23 0.72578125 0.2359375 0.08984375 0.04609375
23 0.71640625 0.28203125 0.09609375 0.04609375
23 0.71171875 0.3296875 0.09140625 0.04453125
9 0.3796875 0.3296875 0.6328125 0.659375
23 0.70234375 0.37265625 0.09375 0.04609375
23 0.6953125 0.42109375 0.09375 0.0421875
23 0.6875 0.46484375 0.0875 0.04453125
1 0.79140625 0.71328125 0.346875 0.31171875
6 0.9734375 0.77421875 0.04375 0.084375
10 0.4421875 0.78125 0.08046875 0.128125
28 0.5296875 0.803125 0.10234375 0.1015625
6 0.8953125 0.89453125 0.07890625 0.05546875
23 0.51171875 0.890625 0.08046875 0.05078125
19 0.1875 0.859375 0.05234375 0.08203125
23 0.14375 0.853125 0.04375 0.08203125