6 0.9552270576009896 0.013754898919390099 0.0889093873053028 0.027509797838780197
23 0.02360968157845765 0.3911780715068792 0.0472193631569153 0.0582688569862416
23 0.3039922003830761 0.335126445831498 0.0844264757851052 0.0583606262235354
23 0.22789270163671738 0.3487102853945445 0.0844264757851052 0.05836062622353531
23 0.1517250067304246 0.36463787495759103 0.0820827257851052 0.05827878067003915
23 0.0771880079840658 0.37816715081830665 0.08208272578510518 0.05827878067003898
23 0.6045976056350679 0.27702124683513907 0.08435827962517113 0.05601687622353539
23 0.45311166198241637 0.30650539411006666 0.08435827962517113 0.05601687622353531
23 0.3785519311827462 0.3208159199707823 0.08435827962517113 0.05601687622353531
23 0.5300151427820865 0.29211302269585476 0.0844264757851052 0.05836062622353531
23 0.9664132955267958 0.20741306344787686 0.05388952962517131 0.05495288402808374
23 0.9067200467804369 0.22042398413644934 0.0821509219450391 0.06062253067003907
23 0.8305523518741442 0.23635157369949583 0.0844946719450391 0.060704376223535396
23 0.7560153531277854 0.24988084956021153 0.08435827962517113 0.05601687622353531
23 0.6814783543814267 0.2634101254209272 0.08435827962517113 0.05601687622353531
6 0.02584604145246176 0.4371626941022175 0.05169208290492352 0.055334829944399644
6 0.3850459720906885 0.36585560145912804 0.0820827257851052 0.05827878067003907
6 0.30972772334432974 0.3794121591710091 0.0844264757851052 0.05836062622353531
6 0.23512252843803694 0.39528518503172483 0.0844264757851052 0.0583606262235354
6 0.15902302969167814 0.40886902459477137 0.0820827257851052 0.05827878067003915
6 0.6087024324363874 0.3237052738769811 0.0821509219450391 0.06062253067003907
6 0.5357279336900287 0.33717998603536586 0.0844946719450391 0.060704376223535306
6 0.458778988783736 0.35313485744957784 0.0844946719450391 0.060704376223535306
6 0.08361385273207403 0.4255505823066524 0.08435827962517115 0.05601687622353531
6 0.8363333389420206 0.279074787039007 0.08442647578510502 0.05836062622353531
6 0.7625093940357277 0.29492053104855726 0.08677022578510521 0.058442471777031636
6 0.685628645289369 0.30853165246276915 0.08208272578510503 0.05827878067003907
6 0.969069282594672 0.25024540419204966 0.04685827962517095 0.05470734736759475
6 0.9124101056350679 0.2662721974759605 0.08435827962517095 0.05601687622353531
23 0.02836864203971124 0.48080356669755575 0.05673728407942248 0.06024058475372307
23 0.3147047283588947 0.4229439043616857 0.0844264757851052 0.05836062622353531
23 0.08865905390657298 0.46673857749732894 0.08442647578510516 0.05836062622353531
23 0.4653639579049235 0.39504953893792355 0.08670202962517112 0.05609872177703164
23 0.24005406934597917 0.44037943022240145 0.08435827962517113 0.05601687622353531
23 0.16473582059962041 0.45393598793428236 0.08201452962517113 0.05593503067003915
23 0.7675318631569154 0.33688977623923383 0.08677022578510503 0.058442471777031636
23 0.6913641682506225 0.3528173658022803 0.0820827257851052 0.05827878067003907
23 0.543003224597971 0.3821923856725462 0.08038383346523723 0.05353671696770821
23 0.39151728094531935 0.4116765329474738 0.0844264757851052 0.05836062622353531
23 0.6175856874509524 0.3671006098118305 0.08435827962517113 0.05601687622353539
23 0.9165603965430101 0.3113937245178025 0.08208272578510503 0.05827878067003907
23 0.8443444157433401 0.32562240482502186 0.08208272578510503 0.05827878067003907
23 0.9715888773426802 0.2977652449362226 0.03904577962517095 0.05443452885594056
9 0.4954024422177814 0.640352115254126 0.9908048844355628 0.7185145194917478
6 0.18109087562682064 0.002992922006737417 0.07922449874635876 0.005985844013474834
6 0.1890026640274804 0.023110109506737416 0.09738947703874637 0.04622021901347483