23 0.21127840521931956 0.03759420600804873 0.08852344468185844 0.061282351292594336
2 0.40490657885449055 0.08138933247233297 0.12911762357870132 0.11593535920125975
28 0.30058309990117793 0.09190502121735719 0.09186825256024882 0.07856535178688592
9 0.7602303866622938 0.15986514819452355 0.37574053654935435 0.3197302963890471
6 0.2098887524190744 0.21541545847950666 0.0770399131118273 0.05146168231923358
23 0.9786867281367826 0.3215276293556717 0.04262654372643482 0.08201134536109525
6 0.10767380503579291 0.23524248022833652 0.05202450256024873 0.07694184338392898
19 0.6596373944136272 0.31377211505839664 0.08604318678935066 0.05884310079830275
6 0.5038347154461972 0.341264398175933 0.05202450256024882 0.07694184338392898
17 0.65570032331047 0.36718361654127146 0.09123121572854594 0.06762785178688588
19 0.6494195022073128 0.4206906185184378 0.07952017100433509 0.05390093281352524
1 0.3031969495905944 0.4191360246773983 0.40432753910960295 0.39837908056952875
23 0.5151046863658276 0.4809808141835442 0.07952017100433509 0.05390093281352524
23 0.061888681104155775 0.4978817430799178 0.05712152623777209 0.08416409437251211
6 0.10613921004335095 0.5046928171864747 0.04798174466774099 0.07443892589344295
1 0.5825490625753649 0.5902165513319629 0.1582436814570917 0.13426886513275882
6 0.6757299151779659 0.6169607820545912 0.054231744667741034 0.07469359387822046
6 0.27004135729957557 0.6162630340689385 0.08590667889684286 0.05649935079830275
6 0.36938890991629403 0.6278770133086918 0.08200042889684286 0.05634018330781672
6 0.13471080205202113 0.6053321457416562 0.050325494667740944 0.0745344263877346
6 0.20970309677623183 0.6155892134224226 0.054231744667741034 0.07469359387822046
6 0.1711033283603804 0.6116803048291851 0.052297518345264304 0.08162934338392898
23 0.7354898649803218 0.8228314386706621 0.057121526237772 0.08416409437251211
6 0.31675381748410086 0.9745875286317311 0.04547909997176518 0.031470175893443295
1 0.6678921122788987 0.8991976204956043 0.6088275103821694 0.17601062653864616
6 0.3695525937924601 0.980267184259219 0.05238154735504672 0.01616351087441501