2 0.12414096821820739 0.208729059772101 0.12429361568619353 0.11340060821267653
1 0.44700859179690866 0.3067739930427368 0.16122446828879458 0.1453018656270503
6 0.7567167917404389 0.353670261788636 0.054231744667741034 0.07469359387822046
23 0.34245759968941647 0.31338343178776096 0.05684851045275652 0.07947659437251212
1 0.6735325654179622 0.3641076960850359 0.11906008411616238 0.10383460722409339
23 0.5679805154320797 0.35352963483006017 0.11551712613894996 0.19020318874502423
28 0.13391705759604164 0.30935114228161503 0.04789073940606912 0.07287642589344294
6 0.39162241275889154 0.40456950589431795 0.08186392100433508 0.05399643330781671
23 0.4664781995905944 0.41248282357508437 0.08604318678935066 0.05884310079830275
23 0.04022724175455638 0.3679859960456673 0.04227777623777208 0.08355925790866543
23 0.07731001280124378 0.3727398216350991 0.06337152623777206 0.08441876235728962
23 0.16650131541796226 0.38476763635011596 0.05684851045275652 0.07947659437251212
23 0.12307753910960302 0.37870597874546175 0.061672518345264306 0.08201134536109533
19 0.6983707546263873 0.6426637776059667 0.11360674466774104 0.07711293973360753
19 0.5738866941171611 0.6297247203053237 0.11126299466774103 0.07701743923931588
6 0.5688344440465739 0.7043254722824901 0.11374325256024882 0.07945668973360735
17 0.3378805756589573 0.6784964372249684 0.39405019176867384 0.36912266209045974
6 0.6942817650791439 0.720357696085036 0.11360674466774086 0.07711293973360753
17 0.8724107747105926 0.7518929030816679 0.2551784505788149 0.3680920612921568
6 0.5625837150226741 0.7852398912558508 0.11360674466774104 0.07711293973360753
6 0.6856417834244082 0.8005863655526883 0.11387976045275643 0.08180043973360754
6 0.7536020991247192 0.8917896857049126 0.05464126834526439 0.08172484387822046
23 0.6914206175405706 0.8998051155526883 0.08186392100433508 0.05399643330781671
6 0.4527907570454618 0.8766381654761386 0.07952017100433509 0.05390093281352506
23 0.5253482965080006 0.8854282336511965 0.08356292889684287 0.05640385030401092
6 0.4994830174982182 0.9522629065788901 0.05111444994353036 0.061316843383929155