23 0.8827701374383171 0.8557712070946074 0.05022497202418137 0.08994544292109126
6 0.6926619629859955 0.898310915076641 0.07503475541027634 0.11110368030721958
1 0.8049202705869851 0.929511296657654 0.14615959765100223 0.08783236061443844
23 0.8966758615740698 0.9411357882201333 0.04295202962517095 0.05457093811176748
6 0.7178688999747294 0.9707935502858509 0.07440060642649086 0.008841775860715727
23 0.254388320137402 0.13550095726424335 0.09509119114536908 0.049367572139851344
23 0.2632488430986556 0.17967754319909282 0.09732128087881238 0.04554316769334763
23 0.26735366989997517 0.2263615702409348 0.09118494114536908 0.0492311628840242
23 0.27538747875460606 0.2721279380269497 0.09743494114536908 0.04944941769334763
23 0.2786883235026143 0.3196204969199571 0.09270197703874636 0.04772322658635506
9 0.6107195735026143 0.32438117994832427 0.6519983529947714 0.6487623598966485
23 0.28681306057049055 0.362261864705972 0.09509119114536908 0.04936757213985139
23 0.29243492326518744 0.4104538280454831 0.09497753087881237 0.04546132213985139
23 0.2989744282797524 0.45393100953382887 0.08879572703874636 0.04758681733052796
1 0.18783938532674607 0.7059969957388308 0.3559450892712249 0.32383189191745
6 0.013568783023636946 0.7732911670603755 0.02713756604727389 0.08590278366526398
10 0.5350804466886594 0.7617707582678845 0.08419680674305993 0.13093503067003914
28 0.44694394919594194 0.7867013255984124 0.10529891693047429 0.10513642250267097
6 0.07865929895851506 0.8908754819438325 0.08052022578510518 0.058224216967708034
23 0.46236670922507184 0.8735738430216076 0.08194633346523723 0.053591280670039154
19 0.7874947413575254 0.831001874787955 0.05473061559769068 0.08385913402808357
23 0.8314265977840162 0.823224091122691 0.0461368655976905 0.08355903366526399