20 0.390625 0.01796875 0.06953125 0.0359375
20 0.32578125 0.12890625 0.0734375 0.121875
20 0.26640625 0.58203125 0.5328125 0.0671875
20 0.4875 0.41953125 0.0453125 0.18359375
20 0.30625 0.36953125 0.259375 0.05859375
19 0.278125 0.45 0.0546875 0.05390625
19 0.19375 0.45390625 0.05625 0.0546875
9 0.0515625 0.48203125 0.103125 0.0609375
9 0.0375 0.33046875 0.075 0.11640625
9 0.0515625 0.18515625 0.103125 0.0625
25 0.15546875 0.334375 0.02421875 0.03984375
20 0.3890625 0.27109375 0.06953125 0.09765625