23 0.387331989258458 0.5309269369073025 0.1290795200111358 0.08874599672063965
23 0.6366143739258671 0.5123971856641071 0.13217724801081765 0.08656602103089917
23 0.8491780085932762 0.4957917825664609 0.1314232700111358 0.08886882745333438
23 0.5769451885344152 0.9433882360936483 0.050390898671227015 0.036214138964152195
6 0.3783911518937321 0.7625044855278216 0.04677609735040829 0.12815597749876276
6 0.444943947247004 0.6122311685899369 0.049219297342454026 0.06972600180902226
6 0.8864320132479584 0.5820667972657819 0.0508272506763177 0.07371413896415202
6 0.9874468838717785 0.8922053578720887 0.003506808004454598 0.03297627431025951
6 0.8757463152053241 0.8964977894638657 0.05038180800445424 0.0354328889641522
6 0.8753190538670061 0.9332165394638657 0.04960964867122684 0.03617319538658705
6 0.8743196278644607 0.9520074830414306 0.050036362667091085 0.005745388964152198
6 0.44664916120309694 0.9353820635469827 0.05117214867122719 0.036255082541716985
6 0.4463037158657334 0.9650695635469827 0.05025453866963616 0.0244953889641522
6 0.3745383512094603 0.8923148162605162 0.048347688017181055 0.12901911465389232
6 0.37519178453218804 0.9703579291053863 0.04865567600254535 0.02128850180902262
12 0.7398768286123661 0.36098077058067324 0.15827776603277127 0.2495540219354103
1 0.5164360445576414 0.7755699722988385 0.14137152936027136 0.20572545680654777
1 0.937575247891505 0.7495951339913705 0.10769596335931694 0.19693363297125827
9 0.5183921799411391 0.4061615530315331 0.18366757001909004 0.15016485357261616
9 0.9310467212762752 0.3712620940772786 0.12976132001909021 0.14733974672063965
8 0.3850155112587762 0.5287060176399971 0.06301816800604518 0.04780673620519007
8 0.6366507365929579 0.5092721856641071 0.0591028273392725 0.04682076831736577
8 0.8476518712603671 0.49274866972159065 0.05987498667249973 0.046080461894930556
8 0.7366427406110935 0.37051954489093275 0.0996192866804538 0.10672139077317447
8 0.5761548478676424 0.9442104296712133 0.01580681333545435 0.016443871551297562
9 0.5193739719525932 0.32178655303153314 0.227907918682363 0.12749863749381402
9 0.9178660159532294 0.2962178284734464 0.1568505313494537 0.1268977719354103
9 0.34752350724064063 0.6641831722079814 0.09141588800922688 0.0727182049975255
9 0.3009104945496872 0.8454232061291794 0.08134309603754372 0.28065685775648747
9 0.6703048372056422 0.9049222003634281 0.038881781349453706 0.12071529172311415
19 0.5774537185312335 0.9667847925160835 0.05161704400063627 0.007389776119281777