23 0.3043329639958638 0.022761121523412104 0.021802822008272393 0.04552224304682421
23 0.2287517086648637 0.007897169550218814 0.04718408267027261 0.015794339100437628
23 0.17482727733131828 0.010676910476207033 0.04721135467059075 0.021353820952414067
23 0.3824745033020469 0.21028356626051617 0.048764764003817976 0.030663501809022265
23 0.33011257196850147 0.21458928595736282 0.04796533267027261 0.029060058231457474
6 0.1284393419398664 0.4359673982364062 0.09216986600890867 0.07041539857509047
23 0.3553563779440026 0.39362501074259215 0.050236357336090796 0.02293288896415202
2 0.29830694661045715 0.3981763919048282 0.05809431066995439 0.0272485747398008
12 0.05825512266271608 0.1563042316826343 0.11651024532543217 0.2084852866347314
28 0.2174500346515007 0.10025454828183473 0.14326074602163538 0.16678578753924253
28 0.33830578528804756 0.31566046302658435 0.20953972668681722 0.15932849163225704
9 0.47699775732018246 0.08691547475734393 0.19834823535963508 0.17383094951468786
9 0.13616838391154953 0.6440288817280628 0.16022207403722555 0.28244840909054003
9 0.33202632391791287 0.5869179873368437 0.21591863804899775 0.37203320952008134
8 0.0328484521602503 0.16230192616471034 0.0656969043205006 0.14254270409301445
8 0.38402791263527414 0.2109829291053864 0.015797722668681756 0.01566262155129756
8 0.33011257196850147 0.21458928595736282 0.017405676002545344 0.019650758706427317
8 0.1756267086648637 0.006751849700558275 0.017396585335772617 0.01350369940111655
8 0.2295329586648637 0.004732886985787618 0.015806813335454528 0.009465773971575235
8 0.3043784173297275 0.011700790790717477 0.012009651336727068 0.023401581581434953
8 0.22439037798377348 0.10769855608375085 0.040943720679499404 0.09661937245580869
10 0.16725803596436525 0.253574300090857 0.13611077001113586 0.08911448891872346
8 0.1837461019653198 0.24568323496199468 0.04966419267186337 0.04086069538658723
19 0.0578125 0.0015625 0.115625 0.003125
2 0.3042415099856825 0.0894598111721335 0.028316451344681325 0.08502677521477064
9 0.3529335486553187 0.0650463093631112 0.05750451201463562 0.11076043758467106
9 0.024254017982182637 0.3259516683627942 0.04850803596436527 0.13230788896415202