23 0.9765625 0.01953125 0.01953125 0.0390625
23 0.94921875 0.0203125 0.02109375 0.040625
23 0.88984375 0.0203125 0.01953125 0.040625
23 0.86171875 0.01875 0.0203125 0.0375
23 0.803125 0.02109375 0.02109375 0.0421875
23 0.77734375 0.021875 0.021875 0.04375
23 0.81328125 0.1265625 0.046875 0.03203125
23 0.8140625 0.165625 0.04765625 0.03203125
23 0.6734375 0.01015625 0.046875 0.0203125
23 0.59921875 0.12890625 0.04765625 0.03515625
23 0.6 0.16796875 0.0484375 0.03359375
23 0.6 0.240625 0.05 0.0359375
23 0.93515625 0.3390625 0.021875 0.06875
23 0.95 0.4796875 0.046875 0.03203125
6 0.92265625 0.02109375 0.0203125 0.0421875
6 0.8359375 0.0203125 0.02109375 0.040625
6 0.75078125 0.02109375 0.01953125 0.0421875
6 0.59921875 0.0921875 0.05 0.03515625
6 0.6 0.20390625 0.04765625 0.03125
28 0.6296875 0.3015625 0.0578125 0.07265625
28 0.9984375 0.378125 0.003125 0.1828125
9 0.44296875 0.00625 0.3953125 0.0125
9 0.39609375 0.1796875 0.29765625 0.359375
9 0.33359375 0.4640625 0.10703125 0.18359375
9 0.36171875 0.628125 0.1359375 0.14453125
9 0.4953125 0.628125 0.13203125 0.14375
9 0.63125 0.62734375 0.1375 0.14453125
9 0.765625 0.6234375 0.13671875 0.14296875
9 0.8984375 0.6203125 0.1359375 0.14296875
8 0.59921875 0.12890625 0.0171875 0.0171875
8 0.6 0.16796875 0.01640625 0.015625
8 0.60078125 0.23984375 0.01484375 0.0171875
8 0.67421875 0.00859375 0.01640625 0.0171875
8 0.7765625 0.009375 0.01328125 0.01875
8 0.86328125 0.009375 0.0125 0.01875
8 0.94921875 0.00859375 0.0125 0.0171875
8 0.80078125 0.00859375 0.0109375 0.0171875
8 0.8875 0.00859375 0.009375 0.0171875
8 0.975 0.00859375 0.01171875 0.0171875
8 0.8125 0.128125 0.015625 0.01484375
8 0.81328125 0.16640625 0.015625 0.0171875
8 0.93359375 0.3421875 0.009375 0.02265625
8 0.95 0.48203125 0.015625 0.01796875
9 0.99765625 0.11328125 0.0046875 0.0671875
4 0.98515625 0.584375 0.02890625 0.1609375
9 0.9671875 0.3765625 0.046875 0.18984375
9 0.74375 0.51484375 0.05546875 0.0625
9 0.740625 0.2234375 0.04375 0.0640625
4 0.95859375 0.209375 0.0828125 0.1625
25 0.90078125 0.365625 0.02578125 0.03828125
25 0.6703125 0.36875 0.028125 0.04921875
9 0.521875 0.41015625 0.2609375 0.0578125
9 0.7890625 0.396875 0.09296875 0.06484375
9 0.78984375 0.33359375 0.09375 0.0625
9 0.82734375 0.2234375 0.04375 0.0609375
9 0.8296875 0.51484375 0.05078125 0.0640625