19 0.21399337657582737 0.9963033535570748 0.21050641847906917 0.0073932928858504
23 0.0826160425834386 0.9927373965140104 0.024042336463846726 0.014525206971979187
23 0.442517624598661 0.9903334325839499 0.050364755931498986 0.019333134832100286
23 0.38460962410436944 0.9873168821471096 0.050555756920082115 0.025366235705780938
23 0.5230672876405227 0.9742415062682641 0.02598417984777566 0.051516987463471865
9 0.5762758592756219 0.9258280689572921 0.06649377471457943 0.11862401985163196
9 0.7115130223174835 0.9027081056459638 0.22174896049385406 0.19458378870807244
28 0.06862518535934521 0.8796699694147918 0.07312045950527088 0.20463425503399293
2 0.5227542698460257 0.8957035046527434 0.03331651878308044 0.08975348423243049
28 0.4288132688574424 0.8888339491819099 0.16025570357377178 0.1785640239356944
12 0.22323708950395832 0.8239499123284377 0.19891629695770083 0.22707491232843752
23 0.6034392426599883 0.768797472167674 0.05202275642579064 0.03165069671336802
23 0.5463124921656968 0.7651263050895837 0.05202275642579064 0.03165069671336802
10 0.06413932072087802 0.7312688370059723 0.0715977687830803 0.09064449021635426
10 0.3735634002646425 0.7205190538553128 0.15056768577927465 0.09404355357097245
9 0.21363530193779773 0.6457703609416668 0.061198779657495275 0.14191604948690967
28 0.554323968933992 0.6552609958190282 0.23171686809850822 0.17008068313000013
23 0.571198451139495 0.5713587745043756 0.05323508794672147 0.023093314304548685
2 0.5093842006452034 0.5675785046527435 0.0627692554372075 0.027217769851631955
2 0.06045461072131554 0.525909189779514 0.06653092539915137 0.04291550503399311
6 0.328949942736538 0.5259144154625697 0.10289684832684483 0.07342127583555573
10 0.12219060676698286 0.5086138934267362 0.027992348821136392 0.07401938145888884
9 0.06152767939066513 0.45646885875746535 0.08878526878308031 0.09104453371934032
9 0.5431994906456409 0.3630916796146185 0.24885658304098665 0.399168771085903
9 0.3307512287826428 0.3019502386008336 0.1848166462731288 0.30245611882545154
9 0.07898314034162973 0.2718944902163542 0.1473975593149905 0.28441398043270844