20 0.36776796894302005 0.9892813291916364 0.07036770459715277 0.021437341616727324
20 0.3055063179168395 0.8843683187065305 0.07627417211208343 0.1248673488211363
9 0.042443326511475366 0.816944760874415 0.08488665302295073 0.06670202174883003
20 0.37209701871427026 0.7447593320524035 0.07180422444878473 0.10048943133065044
9 0.03038558997530356 0.6710592579086654 0.06077117995060712 0.11946226581733085
25 0.13997615615708278 0.671959866121342 0.025146123575104172 0.04083058844101313
20 0.2915756769586453 0.6429474812541007 0.2607387846692709 0.06916247136826889
20 0.47398943987642317 0.6003328528126501 0.04958569196371556 0.1854400928896373
19 0.265323607904444 0.5613327253226016 0.05594218189572917 0.056134594866803764
19 0.18103952688239536 0.5539884575281044 0.0575228656913195 0.05697951186299797
9 0.04588915577583313 0.5200697608744149 0.09177831155166626 0.06513952174882984
20 0.2619330362847915 0.4288239728511437 0.523866072569583 0.08889794570228737