23 0.027928681824942007 0.07245688145888891 0.05140067391627662 0.03553876291777782
23 0.4681226003040111 0.09128810837621566 0.05218192391627667 0.03555694671336811
9 0.24216493676785786 0.10085855765503493 0.053861123535715726 0.19169784393982642
6 0.3151421803420672 0.07211726823611138 0.056869423916276675 0.03566604948690977
19 0.46759867688202605 0.059275042171805944 0.05383992441056833 0.03793706430454864
19 0.02620967292769344 0.03026938145888891 0.05165534190105418 0.04178876291777782
23 0.4653849194676523 0.024100608376215665 0.051831755437207506 0.0269631967133681
9 0.40732558802108354 0.8212100380877434 0.250501360189843 0.13305346181534752
9 0.06678150106294527 0.7961125870059723 0.07334861117842606 0.13361324021635426
9 0.4101057367284892 0.7361992584524656 0.20695694863085592 0.1562357354667016
9 0.05018956726083691 0.7145534624809375 0.04829953163466159 0.15098192496187507
23 0.5071969595424519 0.6096750856747921 0.14269151878308045 0.09229921561506949
23 0.30459854155767435 0.59871548261691 0.1444131862735663 0.09624183320625015
23 0.09018587307860522 0.5851393726251737 0.13679168726214946 0.10074749525034736
6 0.33773735231835855 0.4925570548052433 0.053773598821136394 0.07461944671336802
12 0.196272752508639 0.41121352298576397 0.19279097235685216 0.2682993243725349
1 0.023974646767420362 0.3010540069338542 0.03190521049385407 0.20835801386770836
1 0.40166856524648953 0.3184305302039586 0.1570962114824372 0.21595492116215292
6 0.3129987015966055 0.17275304787138915 0.05368075692008221 0.03403081430454864
6 0.029086616615633536 0.15833983007211808 0.046840507908665396 0.03855466014423614
6 0.47046103311753634 0.1678324245806254 0.05348975593149916 0.029343314304548684
23 0.028244358212676558 0.11851426386770836 0.04821200692008223 0.033903527735416716
23 0.4696506082126765 0.12878810837621568 0.05192725593149916 0.029306946713368108
6 0.3132096072240934 0.12046384925815998 0.055402424410568155 0.037973431895729215
12 0.13908635771838498 0.1187526128415279 0.18364146543676996 0.2353049864166321