9 0.2777866211386199 0.9720360678425608 0.04857676285158128 0.055927864314878305
23 0.06423345710817505 0.98203125 0.049901840912471004 0.0359375
10 0.2108962569944443 0.8275652215989933 0.14894151878308026 0.09244468597979179
9 0.5026725801124182 0.785964828740938 0.11194287897292324 0.2188065110179167
10 0.212993314789379 0.7066351257593058 0.1608194362735663 0.09662369291364606
6 0.08962214037881078 0.6670797036472222 0.023400349315428004 0.07625402868534721
9 0.3660427189339921 0.6508787010817711 0.19748903710905008 0.5751487364166321
10 0.2042483730786052 0.5877942067813543 0.16534776878308027 0.09282654568718769
19 0.5483074377936221 0.5076047458190283 0.19546232760377916 0.3721692067813544
9 0.49258401980884453 0.5000636963321184 0.12150887996150636 0.22371221656499998
9 0.019771260911595968 0.44691136759118055 0.010987874030007349 0.19304148518236114
28 0.1900890780980708 0.37438567021222235 0.1784074787826428 0.2984043984607293
23 0.3026434748283101 0.28256380575517387 0.05227742441056815 0.03790069671336811
6 0.05726996642535311 0.237046711531007 0.02505834980971957 0.07863414627652779
10 0.11428662897292323 0.2188610624046876 0.07101944863085596 0.15307175503399312
6 0.3666303789729232 0.2247344283803475 0.05514775642579064 0.03172343189572917
12 0.015484373041424174 0.18846308795590277 0.023042205056646607 0.18239492591180556
23 0.454772366121342 0.1659062486688198 0.02642984882113648 0.07398301386770836
1 0.36485036167271767 0.14273954597152808 0.14434686068413444 0.13292421561506956
19 0.17798969022789898 0.11575555262104183 0.21922879695770078 0.2275476910137849
23 0.04346083992388783 0.03223192496187503 0.02598417984777566 0.06304551386770836
23 0.40162616699619436 0.010908970933403114 0.05012733399238876 0.004288762917777816
23 0.4838802514828748 0.018287019470382353 0.02401050296574958 0.014608013867708353
9 0.6754775024714579 0.027429549390000564 0.21423625494291584 0.02840167619614602
12 0.17458070809675824 0.9874641223166059 0.17526925543720745 0.025071755366788295