20 0.7538811694377567 0.044682913982082594 0.1325600989046432 0.07795167969333909
9 0.0824263359060126 0.49370930459089524 0.08457723997087015 0.09132066687305755
20 0.09066839640999615 0.5887670934660247 0.1087194336235217 0.11663103597964533
20 0.26671641937124974 0.5359759255595099 0.1438960671679011 0.19940930272886845
20 0.2947802687381115 0.29058849689962807 0.13165682845067223 0.10053515508623327
20 0.4727762027573446 0.5467185647250896 0.13901233887551356 0.1656336162111037
20 0.6791936873179385 0.5159821792835635 0.13934495948776907 0.20387847890755087
9 0.5729961969513568 0.2807596168347855 0.07865150039571134 0.15580054383752823
20 0.7400018405248662 0.2667227338744588 0.1337959899708702 0.09361306699689198
9 0.8655845137235467 0.3078121526095431 0.046680086368230886 0.1831785270883052
20 0.9384477007122805 0.5386939714684619 0.12310459857543918 0.0736644400324213
9 0.9932996794336331 0.436855335612651 0.013400641132733782 0.0621746683207995
9 0.989739107251167 0.1391626983090981 0.020521785497665944 0.06366439371369373
25 0.9323855688172538 0.2914015945039912 0.024596834718878212 0.04093536910658786