9 0.715625 0.0421875 0.04296875 0.084375
6 0.48515625 0.009375 0.0546875 0.01875
6 0.39921875 0.03984375 0.0546875 0.0796875
23 0.6171875 0.01640625 0.05078125 0.0328125
6 0.6203125 0.053125 0.05390625 0.03671875
19 0.99453125 0.06484375 0.0109375 0.06484375
19 0.87265625 0.06953125 0.03984375 0.06484375
19 0.93984375 0.06796875 0.04140625 0.0625
23 0.61953125 0.0953125 0.05234375 0.034375
23 0.521875 0.134375 0.06328125 0.05625
6 0.4265625 0.15078125 0.1 0.07109375
9 0.7421875 0.16875 0.1453125 0.06953125
19 0.6046875 0.190625 0.04765625 0.0609375
6 0.8375 0.21328125 0.0203125 0.07578125
9 0.74453125 0.2328125 0.146875 0.0625
1 0.88359375 0.24375 0.05546875 0.11015625
23 0.96015625 0.25546875 0.05078125 0.034375
23 0.96328125 0.30625 0.05078125 0.0328125
23 0.66953125 0.32109375 0.021875 0.07578125
23 0.9640625 0.34765625 0.05234375 0.0328125
6 0.6390625 0.37421875 0.03203125 0.08203125
6 0.73125 0.37890625 0.021875 0.078125
14 0.69921875 0.38125 0.03203125 0.08671875
9 0.4359375 0.39140625 0.30546875 0.40234375
23 0.96484375 0.38671875 0.05078125 0.03671875
1 0.8390625 0.42421875 0.09296875 0.1296875
6 0.96640625 0.42734375 0.05390625 0.03671875
6 0.67578125 0.4625 0.021875 0.07578125
23 0.6453125 0.4640625 0.021875 0.07109375
23 0.6140625 0.4671875 0.021875 0.0734375
6 0.96328125 0.47734375 0.07265625 0.07109375
23 0.9671875 0.52734375 0.04921875 0.0328125
23 0.96484375 0.56484375 0.05078125 0.03046875
6 0.79453125 0.57890625 0.021875 0.07578125
23 0.6171875 0.58203125 0.05078125 0.034375
23 0.765625 0.58046875 0.025 0.06484375
23 0.828125 0.57890625 0.0265625 0.07578125
23 0.88984375 0.59296875 0.05234375 0.034375
23 0.71015625 0.59921875 0.05078125 0.034375
6 0.7109375 0.64375 0.05234375 0.0328125
6 0.85234375 0.6625 0.0171875 0.078125
7 0.8921875 0.66328125 0.06328125 0.10625
6 0.9984375 0.67890625 0.003125 0.07578125
6 0.81171875 0.69453125 0.05390625 0.13828125
6 0.71796875 0.7015625 0.05078125 0.03046875
6 0.97265625 0.696875 0.05234375 0.13828125
6 0.934375 0.71640625 0.0203125 0.0734375
6 0.7703125 0.72109375 0.021875 0.078125
23 0.71953125 0.746875 0.04921875 0.0390625
9 0.4734375 0.79296875 0.43046875 0.41328125
23 0.72109375 0.828125 0.05234375 0.04140625
9 0.8921875 0.82890625 0.21484375 0.078125
6 0.72265625 0.87421875 0.05234375 0.034375
23 0.9890625 0.9234375 0.021875 0.07109375
6 0.86015625 0.93203125 0.0203125 0.07578125
23 0.925 0.9296875 0.0203125 0.07109375
6 0.9546875 0.9296875 0.0203125 0.0671875
23 0.8015625 0.93359375 0.0234375 0.07578125
23 0.89609375 0.93203125 0.0234375 0.07109375
23 0.83203125 0.9359375 0.021875 0.07578125
23 0.72421875 0.93828125 0.05234375 0.03671875
6 0.7703125 0.95703125 0.021875 0.078125
6 0.72578125 0.98046875 0.05234375 0.034375
9 0.315625 0.090625 0.0875 0.18125