19 0.5546875 0.97265625 0.05546875 0.03671875
6 0.3875 0.978125 0.05390625 0.0390625
23 0.0859375 0.984375 0.05 0.03125
19 0.99765625 0.97109375 0.0046875 0.04140625
9 0.74921875 0.925 0.04921875 0.14921875
9 0.9078125 0.20390625 0.184375 0.1328125
9 0.48125 0.228125 0.253125 0.12734375
9 0.06875 0.246875 0.1375 0.134375
12 0.24375 0.28125 0.1546875 0.2640625
12 0.71015625 0.27265625 0.17421875 0.25078125
9 0.925 0.28671875 0.15 0.14921875
9 0.48203125 0.303125 0.19453125 0.16015625
9 0.0546875 0.32890625 0.109375 0.15546875
23 0.9953125 0.41640625 0.009375 0.09765625
23 0.6 0.4328125 0.1421875 0.08671875
23 0.8171875 0.42734375 0.140625 0.09296875
23 0.3703125 0.44296875 0.1421875 0.09296875
23 0.13125 0.45 0.1421875 0.0953125
6 0.4015625 0.52890625 0.05390625 0.07578125
6 0.865625 0.5171875 0.05390625 0.078125
1 0.93828125 0.69921875 0.1234375 0.2078125
1 0.490625 0.7171875 0.1484375 0.20546875
1 0.04609375 0.73515625 0.09140625 0.21015625
6 0.8515625 0.84453125 0.05390625 0.0390625
6 0.9953125 0.84296875 0.009375 0.03671875
6 0.08515625 0.890625 0.05390625 0.03671875
6 0.55390625 0.8875 0.05703125 0.034375
6 0.3859375 0.896875 0.05390625 0.03671875
23 0.99765625 0.88203125 0.0046875 0.0328125
6 0.8515625 0.88515625 0.05390625 0.0390625
9 0.309375 0.9046875 0.05859375 0.190625
9 0.1796875 0.9015625 0.04609375 0.196875
23 0.08671875 0.94375 0.05078125 0.034375
23 0.55390625 0.93203125 0.05078125 0.0328125
6 0.38515625 0.93828125 0.05234375 0.03671875
6 0.853125 0.92734375 0.05390625 0.03671875
9 0.6609375 0.90234375 0.04609375 0.19453125