23 0.025 0.928125 0.05 0.034375
23 0.46484375 0.91953125 0.05078125 0.034375
9 0.23828125 0.9046875 0.04609375 0.190625
6 0.3125 0.93515625 0.05546875 0.034375
19 0.465625 0.9515625 0.05234375 0.03671875
19 0.025 0.9703125 0.05 0.040625
23 0.46484375 0.98671875 0.05078125 0.02578125
9 0.37421875 0.1875 0.2453125 0.12734375
9 0.034375 0.2046875 0.06796875 0.13203125
9 0.38046875 0.27265625 0.20078125 0.1515625
9 0.02109375 0.2859375 0.0421875 0.15
23 0.4828125 0.4015625 0.1390625 0.0890625
23 0.28046875 0.4078125 0.140625 0.09296875
23 0.06640625 0.41640625 0.1328125 0.09765625
6 0.31796875 0.51484375 0.05078125 0.0734375
12 0.1796875 0.59296875 0.18203125 0.2640625
1 0.01171875 0.69921875 0.0234375 0.2078125
1 0.3890625 0.690625 0.1484375 0.2125
6 0.30625 0.834375 0.05234375 0.0328125
6 0.02265625 0.8421875 0.0453125 0.0375
6 0.4640625 0.84296875 0.05234375 0.028125
23 0.0234375 0.88203125 0.046875 0.0328125
23 0.46484375 0.88203125 0.05078125 0.028125
6 0.30859375 0.88671875 0.05390625 0.03671875
12 0.134375 0.884375 0.17421875 0.23125