23 0.29990000266550004 0.001356972665408178 0.04785624466899989 0.002713945330816356
23 0.29999036199077317 0.052205472637522767 0.04878294533736342 0.03222600180902231
23 0.2642462885503235 0.8426600542747286 0.022674978675999567 0.06989642017181659
23 0.12105136656591373 0.7353908661242305 0.04881930800445433 0.035351001809022266
23 0.2931150811983244 0.9785632547496984 0.02122101933481808 0.012042976594251797
6 0.15920227733131828 0.01114776161820311 0.051898854670590744 0.02229552323640622
6 0.180543997891505 0.7892694606517351 0.05109033267027256 0.02922383254171699
12 0.0373046875 0.04530226410560878 0.074609375 0.09060452821121756
28 0.046209739298228886 0.6497643046134127 0.09241947859645777 0.27547139077317445
1 0.18124288454809637 0.8634063234966053 0.12947950934913566 0.12312099672063966
9 0.17577796594527523 0.3936670335825137 0.1600333594048149 0.5346283847802805
9 0.4665889438654153 0.966348780530296 0.1962937446689999 0.02746433796878378
8 0.30154377132400045 0.05290483548239302 0.01816874466899989 0.018129202283992153
10 0.05213584264601231 0.3432686431480236 0.10427168529202462 0.08924396370395282
10 0.04790074015356878 0.2302330546134128 0.09580148030713756 0.08480544719560949
10 0.04992563263845584 0.45272553030315327 0.09985126527691168 0.08517393939369348
8 0.0356813193030014 0.22143126469932106 0.04499487400540884 0.04217753392119796
8 0.026840479272775514 0.4444150633198401 0.04260567067154523 0.03814845318850324
8 0.03659783461968398 0.34396468396662644 0.04268748667249973 0.04517970318850324
8 0.12183261656591374 0.7353499225466658 0.014226132001908986 0.014799484396167805
8 0.031938017126842744 0.6137415954320158 0.06387603425368549 0.06145647840327406
8 0.04591555390677701 0.6838936431480235 0.050327264003818005 0.030745388964152198
8 0.265826969883869 0.8410156671195989 0.01119203866963625 0.02244821008590847
9 0.297572244629229 0.2600179726375228 0.09528687002704421 0.20409103573022022
9 0.29439051125877613 0.5334554726375227 0.10471641402768057 0.20926985866099876
19 0.3499138052594125 0.5258609786304166 0.16720841804581604 0.3460572077110591
19 0.30118978266231833 0.01716704927101696 0.050390898671227015 0.03433409854203392
9 0.08987956532463677 0.062209803115189366 0.041334619350726465 0.12441960623037873
19 0.05321262261300247 0.8922826752601992 0.10642524522600494 0.21543464947960161