23 0.2884639438654153 0.9756839162150877 0.04785624466899989 0.019685058231457477
23 0.2899360845401422 0.9162679726375227 0.04878294533736342 0.03222600180902226
23 0.2725551579805918 0.12859755427472855 0.022674978675999567 0.06989642017181655
23 0.12668757996500163 0.2510158661242306 0.04881930800445433 0.035351001809022266
6 0.14791166919959706 0.9768037601767652 0.051898854670590744 0.03160852611928178
6 0.18750744863941035 0.19083196065173516 0.05109033267027256 0.0292238325417169
12 0.03201391943827557 0.9527222082768858 0.06402783887655114 0.09451463986866315
28 0.04798241931890975 0.34507680461341284 0.0959648386378195 0.2754713907731744
1 0.18993356198281897 0.1165313234966054 0.1294795093491356 0.12312099672063966
9 0.1735234805856401 0.5874170335825136 0.16003335940481495 0.5346283847802805
8 0.2907804218650971 0.9779048354823929 0.01654261000159085 0.012578565128862351
8 0.2915076752069149 0.9154048354823932 0.01816874466899989 0.01812920228399193
10 0.05034498129178601 0.6510811431480235 0.10068996258357202 0.089243963703953
10 0.04479173211729773 0.7646080546134129 0.08958346423459546 0.08480544719560949
10 0.04940746463241067 0.5417880303031533 0.09881492926482134 0.08517393939369348
8 0.02924512722791394 0.774556264699321 0.04499487400540884 0.04217753392119796
8 0.025585967258139823 0.5522275633198401 0.04260567067154523 0.03814845318850324
8 0.03301611191123136 0.6517771839666265 0.04268748667249973 0.04517970318850324
8 0.1274688299650016 0.2509749225466657 0.014226132001908986 0.014799484396167805
8 0.03328343580920566 0.3824915954320157 0.06656687161841132 0.06145647840327406
8 0.05026089262413832 0.3104561431480236 0.050327264003818 0.03074538896415202
8 0.27409947664704637 0.1300781671195988 0.011192038669636162 0.022448210085908294
9 0.2923542019016864 0.7084554726375227 0.09528687002704421 0.20409103573022022
9 0.29553593527213917 0.43501797263752273 0.10471641402768057 0.20926985866099876
19 0.35095014127150287 0.43679847863041654 0.16720841804581604 0.3460572077110591
19 0.29029916386859694 0.952164529059958 0.050390898671227105 0.036214138964152195
9 0.07973438120627858 0.9311880450024745 0.041334619350726465 0.13021312245580888
19 0.0578125 0.1046875 0.115625 0.209375