9 0.26084734032753554 0.9714097149952046 0.047512086056041715 0.05718057000959078
23 0.047075781056979994 0.98203125 0.0492739545971528 0.0359375
10 0.19650947055215345 0.8265330466708637 0.1473854526972917 0.09159893912238175
9 0.48913207522555613 0.7832229719935275 0.10816191137850702 0.21820630357072232
10 0.20072223223566033 0.7055620275961401 0.1591951216752431 0.09570974066450902
6 0.07799259384291722 0.6667159415580135 0.022076328172257 0.0761358060063543
9 0.3548090137707992 0.648900744721699 0.18751110457649353 0.5741347495929627
10 0.194052045305938 0.5867438437487642 0.1637917026972917 0.09188531128136024
19 0.5396535264042365 0.5045309561652149 0.1890333177230211 0.37111884374876425
9 0.4840393060395143 0.49731274553247784 0.11764601415204883 0.2230574448044244
9 0.011963631077639264 0.4469022735389503 0.007616397510798773 0.19302329707790059
28 0.18361911910979195 0.37336713636243807 0.17326154093753496 0.2974358818982113
23 0.2978251298433683 0.2808677650142384 0.051635888392743114 0.03760514001588611
6 0.05314775626826409 0.23676934293798535 0.02369337955902784 0.07850682954530477
10 0.11050566137850712 0.21824721387914794 0.068371406344514 0.15269435186643907
6 0.3628494113785071 0.22265189041962782 0.054615418028020814 0.031409687093786685
12 0.012194794737257103 0.18841761769475168 0.019861824372534875 0.18230398538950338
23 0.4520560753224654 0.16329625567874756 0.025146776785486224 0.07384660308425514
1 0.36250261284152796 0.1406479139585782 0.1420810100679862 0.13211484496658024
19 0.17603778276940982 0.11474611282348772 0.21533863174322931 0.22632454098882074
23 0.04291485182361114 0.03198638555165918 0.024892203647222277 0.0629091030842551
23 0.4015988675911806 0.008571799510237375 0.05007273518236115 0.003997753246410879
23 0.48375740416031243 0.015472410305130224 0.023764808320624907 0.014471603084255102
9 0.6752727569338541 0.02350091882654687 0.21382676386770835 0.027160338066721405
12 0.15734113383052167 0.987326574776624 0.17481881525447923 0.025346850446752