20 0.390625 0.008643850209599506 0.06953125 0.017287700419199012
20 0.32578125 0.11183277815544675 0.0734375 0.1257236962910983
20 0.26640625 0.5680694900503773 0.5328125 0.09511101989924527
20 0.4875 0.39398245759951744 0.0453125 0.18596847749876283
20 0.30625 0.3534813675945686 0.259375 0.07218701775153882
19 0.278125 0.4354240863869042 0.0546875 0.05677230042954129
19 0.19375 0.4437522427639108 0.05625 0.057635437584671045
9 0.0515625 0.4793289738807182 0.103125 0.06634205223856356
9 0.0375 0.32850345827688593 0.075 0.12033683344622811
9 0.0515625 0.18245397388071818 0.103125 0.06790455223856365
25 0.15546875 0.3262272280645897 0.02421875 0.04111300090451113
20 0.3890625 0.2507038483726918 0.06953125 0.10130022840327398