20 0.730141988794652 0.9509363251695022 0.13214165919430557 0.07719119418223172
9 0.9685343011993396 0.8550812915948555 0.02645470364722229 0.06351867193911005
20 0.7149755029467008 0.7290149042189752 0.13328658510611113 0.09284802768032882
20 0.26973573812906193 0.7077448103035737 0.13110648926642368 0.09978377718603718
9 0.5479334733114231 0.7159525356261753 0.07776459014010424 0.15536793231923376
9 0.9812914871791314 0.7101507935720217 0.008178135542951636 0.11662908448668041
9 0.8402852806821175 0.6872014304164293 0.04562489057694456 0.18293717539915128
9 0.9746810773192358 0.5573932080967582 0.027980836056041625 0.062019838935304605
9 0.0562583856398607 0.5058945143344561 0.08406783510611118 0.09084251730020547
20 0.6527346485576385 0.4801516398845192 0.13819425028434046 0.2030997781746205
20 0.24025283235322878 0.4625623028891998 0.14277264751079874 0.1986032791632036
20 0.446194361038576 0.4506220128887623 0.1380844943004167 0.16485036167271758
20 0.920740419359201 0.45588244623376006 0.14062630642076393 0.0728538626613009
20 0.06394555870187466 0.4108048488211364 0.10806903276940982 0.1160162722431215