6 0.21283012459866102 0.9876331389387936 0.055052255931499074 0.02473372212241287
9 0.6178213721272031 0.9795375102101564 0.24428851087441483 0.040924979579687104
23 0.4451651221272031 0.9817578663795402 0.05393542490485981 0.03648426724091962
23 0.09003195315384235 0.9637449367875522 0.024867348821136392 0.07251012642489556
23 0.058750119655745156 0.9625909189779513 0.026493515817330792 0.07481816204409739
6 0.04062220216525918 0.9586301175911807 0.006308349809719571 0.07819773518236132
23 0.7592793602642051 0.9347705771254173 0.055306923916276673 0.03562968189572935
28 0.9832199778033548 0.8995503307118842 0.03356004439329041 0.20089933857623166
28 0.8627425998840816 0.8880066395301048 0.13215987847863175 0.2169355397032639
1 0.6021725144088181 0.8717951855985422 0.14893886018984298 0.13068956838861112
9 0.17897509494116579 0.8486765021842014 0.14996284931542797 0.07919980357097245
12 0.3891485909868331 0.8348361269935767 0.17091597235685213 0.267790178096007
23 0.6908702584773191 0.8457613220914242 0.02496284931542796 0.07629039627652787
6 0.604044079123835 0.7836412221676741 0.05218192391627667 0.0355569467133682
23 0.28022457714666865 0.7667381307932988 0.05368075692008221 0.034030814304548684
4 0.07321057319233595 0.7431876087574654 0.09238245406806345 0.17932578371934033
23 0.2770704022418089 0.7276392632021182 0.05383992441056815 0.037937064304548684
10 0.974326468164669 0.7528166347804521 0.05134706367066215 0.0908990633546182
10 0.8591334857399062 0.7419674409168756 0.15056768577927498 0.09404355357097245
23 0.6568706487817677 0.7200885216545838 0.05202275642579064 0.03165069671336802
6 0.5641738128122127 0.705442833774931 0.023495849809719617 0.0785977786853472
1 0.5069833953217266 0.7002091666968406 0.09314911661563344 0.15983090131052097
23 0.27538322684265754 0.6862330132021183 0.05071492441056815 0.03786432912218753
9 0.37670830490354723 0.6636150904244447 0.10474584980971961 0.08048889342673622
23 0.035353793040549135 0.599473323138264 0.024867348821136403 0.07394664627652787
28 0.6857848745614801 0.6060266748649659 0.22910120406806342 0.18250794794763897
9 0.37671362209002207 0.5871253256068059 0.10465034931542797 0.07814514342673622
9 0.06663828513188375 0.5627370425530556 0.060715959999562474 0.2066870643045487
28 0.19954628562617532 0.568172037803403 0.21211929250907646 0.2063084706490626
23 0.31419903463759213 0.5661575557551739 0.024771848326844825 0.07160289627652787
23 0.5886751112156071 0.5405451855985421 0.034930756920082115 0.033594403210381964
2 0.8983856922422465 0.5368266524478826 0.06653092539915165 0.04291550503399311
23 0.9625291052841082 0.5211484074818757 0.026525349315427958 0.07632676386770836
23 0.044053677907790356 0.4490375652544792 0.05061942391627661 0.035520579122187534
9 0.8946757604173043 0.46493346865229246 0.09191026878308044 0.09111726890170146
4 0.11225323817418295 0.3413536582443751 0.09853695357377186 0.1771275040840626
9 0.03550239577883719 0.29663926386770834 0.05330536661563353 0.15890352773541672
9 0.717964727299768 0.30393815121361173 0.24225641456191732 0.3904295507211808
9 0.4947354743340185 0.28469326947038237 0.24235191505620915 0.3927733007211807
9 0.26922613836446335 0.2669563363403822 0.23957708353527832 0.40129431553881967
9 0.9901421803420671 0.293296817626112 0.01971563931586573 0.28183188145888893
9 0.902597053877783 0.27623464456409796 0.17371997878264267 0.2982952956871876