19 0.1734375 0.0046875 0.21015625 0.00859375
23 0.0421875 0.0078125 0.0234375 0.01484375
23 0.40234375 0.0140625 0.04921875 0.028125
23 0.34453125 0.01640625 0.04921875 0.0328125
23 0.48359375 0.03125 0.0234375 0.0625
9 0.5390625 0.08671875 0.06171875 0.1171875
9 0.675 0.10390625 0.21328125 0.2078125
28 0.0328125 0.12109375 0.06484375 0.203125
2 0.48671875 0.115625 0.0296875 0.0890625
28 0.39296875 0.1203125 0.153125 0.175
12 0.18984375 0.18046875 0.18984375 0.22265625
23 0.57265625 0.24453125 0.05078125 0.03046875
23 0.515625 0.246875 0.05078125 0.03046875
10 0.034375 0.26953125 0.06796875 0.0890625
10 0.34453125 0.2875 0.146875 0.090625
9 0.1875 0.35859375 0.05546875 0.140625
28 0.528125 0.35703125 0.225 0.16484375
23 0.5484375 0.44140625 0.05234375 0.021875
2 0.48671875 0.44375 0.06171875 0.02578125
2 0.0390625 0.475 0.06484375 0.04140625
6 0.3078125 0.48125 0.1 0.07109375
10 0.1015625 0.49375 0.025 0.0734375
9 0.04296875 0.54453125 0.08515625 0.0890625
9 0.52890625 0.64921875 0.2328125 0.39375
9 0.31875 0.70546875 0.17265625 0.2984375
9 0.06796875 0.7296875 0.1359375 0.28125