23 0.9816144352172925 0.9973195639172154 0.025509146276527873 0.005360872165569219
6 0.1956042000349314 0.9872091287535596 0.05456086664125 0.02558174249288072
23 0.8722758028084729 0.9978115775134146 0.051998911094166544 0.00437684497317079
9 0.6008001931010771 0.9782075050714873 0.24338763050895834 0.04358498985702539
23 0.4281439431010772 0.9806540757900976 0.05325293977951393 0.038691848419804845
23 0.0732018699628133 0.9636289876216168 0.02358427678548618 0.07274202475676646
23 0.041933686167223025 0.9625681838473759 0.025183144376666734 0.07486363230524837
6 0.023874017189271637 0.9586210235389505 0.004943379559027844 0.07817954707790094
23 0.7432409598185771 0.930569124995057 0.05470633700597212 0.035315937093786685
28 0.9764292508061636 0.8957885706102605 0.047141498387672696 0.20425685186643888
28 0.8475641306963896 0.883191338874205 0.12841985999173638 0.216217109577077
1 0.5871714913537159 0.8684940446389733 0.14671395868121523 0.1298529155834313
9 0.16420611682868128 0.8478353023529064 0.148638828172257 0.07834496266133187
12 0.37470720573451455 0.8327672301112024 0.16630237290951405 0.26685803774240996
23 0.6763606247124659 0.8419372731286179 0.023638828172257043 0.07616307954530477
6 0.5905854724520145 0.7803082520252996 0.05158133700597212 0.03526139001588611
23 0.2669297669049312 0.7652876294625792 0.05310746941479163 0.033726163554836396
4 0.06024335581076451 0.7429375223211343 0.08928397159899319 0.17883015787279355
23 0.2644580771254173 0.7261978559236288 0.053198388392743115 0.03763241355483622
10 0.9683342487641322 0.7472283396849839 0.0633315024717355 0.09043981371699221
10 0.8465075109210076 0.7371384991826305 0.1489843202884721 0.09318871266133186
23 0.6445449674180214 0.7164327126580367 0.05149041802802081 0.03135514001588611
6 0.5520665266885769 0.7023235738599667 0.02213087955902786 0.0784795560063543
1 0.49494435771062556 0.6974218396882792 0.09039187670923621 0.15932618141174384
23 0.2634943359591325 0.6847916059236289 0.05007338839274311 0.03757786647693564
9 0.3652562045002436 0.6615780227248761 0.10338087955902786 0.07989778003177221
23 0.024884471217743558 0.5994096647726523 0.02358427678548617 0.07381932954530476
28 0.6754656994662505 0.602175343745469 0.22600272159899326 0.18121659253094827
9 0.3665991925323963 0.5850700698027769 0.10332632817225704 0.07755403003177222
9 0.0568241490294102 0.5624824090906095 0.05712608824024321 0.20638241355483639
28 0.189691200416181 0.5671444099013885 0.2085976692622918 0.20512169683301948
23 0.30442584764263936 0.5644615150142384 0.02352972539871532 0.07147557954530477
23 0.579461562023438 0.5372440446389735 0.03435746941479181 0.033398881087432386
2 0.889363238885174 0.5317203421206159 0.06580749116628475 0.04253810186643907
23 0.953806945382188 0.515664693987055 0.025201328172256864 0.07619035308425523
23 0.03621874866881982 0.44888751339268057 0.05001883700597225 0.03523411647693564
9 0.8869090796908685 0.45983170535114065 0.0903542026972918 0.09060345495069413
4 0.10632926728618083 0.34078073295387146 0.09547942021222236 0.1765955020285949
9 0.03032915852871552 0.2965028530842551 0.05054812670923624 0.15863070616851022
9 0.7129416367772224 0.29982763960555364 0.23552711122600734 0.38911091314779933
9 0.48995807845659745 0.28187866030513026 0.23558166261277816 0.3914546631477993
9 0.264667137727153 0.26545127069628127 0.23265668436427117 0.3999938660698986
9 0.9890092550339931 0.28754937661661484 0.021981489932013785 0.28168637662320545
9 0.8981336011580211 0.27104194074064414 0.16857404093753486 0.29735406128136016