9 0.5163106088176003 0.8235186208222217 0.9673787823647995 0.2928065083555566
6 0.8989578083104398 0.4436420975521173 0.1789726782455972 0.18990156743868064
13 0.7146170415612166 0.41508460572024247 0.1104901978903042 0.11026731240468753
23 0.5410211838271684 0.4996810773192356 0.0679002834984459 0.06713425503399328
2 0.5354196931327933 0.4129986949104162 0.09241013192686935 0.07394795269729179
6 0.6221062481379731 0.1919939042572217 0.11969618568919511 0.3079235624046876
6 0.6136280064101408 0.017472725138602197 0.10143837551672874 0.034945450277204394
6 0.4651905064101408 0.019218369515268924 0.10456337551672874 0.03843673903053785
6 0.3183155064101408 0.0209276463007551 0.10456337551672865 0.0418552926015102
1 0.4512137053339022 0.21708808928708295 0.09688577026387968 0.1700417026972917
23 0.36619019602827735 0.3058797919843747 0.07047947394515201 0.055488240216354255
23 0.3611709021907491 0.23169740957555524 0.06764557237357546 0.06166550503399311
23 0.3580779813887502 0.16529115957555526 0.06764557237357546 0.06166550503399311
1 0.3115691242738744 0.4932901794271872 0.08565717183545622 0.16353712955902786
1 0.19203787427387436 0.49607230015249987 0.08565717183545622 0.16353712955902786
1 0.07250662427387436 0.49885442087781245 0.08565717183545625 0.16353712955902786
1 0.12244438833701024 0.09589389155110242 0.24407113937046754 0.19178778310220485
1 0.853125 0.15662467439319414 0.29375 0.31324934878638827
8 0.87890625 0.06305585913871496 0.2421875 0.12611171827742992
8 0.05694135876750565 0.01484375 0.1138827175350113 0.0296875