23 0.8461383900185335 0.04573529578949317 0.02959821996293286 0.04300585391920826
23 0.5106125738691318 0.20332986929210745 0.03917660580511537 0.13850021034569898
23 0.4704414416551467 0.21154553457322905 0.03586063284695733 0.13294053213245363
6 0.9058605864830035 0.2390737703209571 0.18033980834485347 0.20270276583511765
6 0.20899799936702781 0.12886210055399597 0.042264400270152526 0.11517637061225568
6 0.008430664634509236 0.2550512128529815 0.016861329269018472 0.06632969365265158
23 0.35758183230665236 0.10659595862983932 0.1515228383819201 0.15971964396922064
1 0.08359375 0.06495506175762478 0.1671875 0.1298191953020042
6 0.9781696400185336 0.04957701279910972 0.04287946996293286 0.04339229882550104
6 0.9383258900185336 0.048417678080231355 0.03975446996293286 0.043301370612255696
6 0.07480899392473221 0.2539948297043134 0.07204118030721936 0.0738981527447093
9 0.4876686032732266 0.853125 0.9753372065464532 0.29375
8 0.0328125 0.0579859962390763 0.065625 0.1159719924781526
8 0.3563467145206375 0.09717549452321665 0.054226197730414503 0.05542929757185981