6 0.046875 0.015625 0.04375 0.03125
6 0.23203125 0.0375 0.04375 0.075
6 0.0234375 0.06875 0.046875 0.075
23 0.02734375 0.146875 0.0546875 0.08125
6 0.7859375 0.059375 0.04375 0.11875
6 0.51796875 0.0875 0.06484375 0.075
6 0.44375 0.10625 0.046875 0.125
6 0.31484375 0.146875 0.04375 0.13125
6 0.50703125 0.184375 0.07265625 0.06875
6 0.85703125 0.153125 0.03984375 0.11875
6 0.6 0.19375 0.03984375 0.125
23 0.03046875 0.29375 0.0609375 0.075
6 0.5015625 0.25625 0.07578125 0.075
6 0.83125 0.284375 0.03984375 0.13125
12 0.93671875 0.275 0.046875 0.125
6 0.8953125 0.278125 0.04375 0.13125
6 0.48359375 0.3625 0.07578125 0.075
6 0.796875 0.353125 0.04375 0.11875
6 0.72265625 0.403125 0.06875 0.08125
6 0.65546875 0.4125 0.06484375 0.075
6 0.853125 0.39375 0.06875 0.075
23 0.16484375 0.484375 0.090625 0.14375
6 0.99453125 0.390625 0.0109375 0.11875
6 0.51796875 0.48125 0.07265625 0.075
6 0.8046875 0.471875 0.04375 0.13125
6 0.99609375 0.478125 0.00703125 0.06875
6 0.91640625 0.49375 0.07265625 0.075
6 0.51640625 0.590625 0.06875 0.08125
6 0.6578125 0.575 0.06875 0.075
6 0.7265625 0.56875 0.07578125 0.075
6 0.81171875 0.596875 0.04375 0.10625
23 0.30625 0.675 0.08359375 0.1625
6 0.8734375 0.65625 0.04375 0.125
23 0.9796875 0.64375 0.0328125 0.125
6 0.69375 0.684375 0.07578125 0.08125
6 0.56171875 0.70625 0.06484375 0.075
6 0.81875 0.709375 0.0359375 0.10625
6 0.5359375 0.80625 0.07265625 0.075
20 0.06875 0.746875 0.1375 0.50625
6 0.775 0.853125 0.07265625 0.08125
23 0.26796875 0.921875 0.09453125 0.14375
6 0.4875 0.94375 0.046875 0.1125
6 0.8390625 0.9625 0.07578125 0.075
6 0.6921875 0.96875 0.04375 0.0625
6 0.80078125 0.996875 0.07265625 0.00625