19 0.12323751210024843 0.040124193961362735 0.04414997579950315 0.07078768899896401
25 0.07950569281840765 0.03496150496239873 0.03630111436318471 0.06417381596343472
6 0.8891528827099491 0.1601951387467858 0.06918633723582168 0.07820208271265772
23 0.9783421268562165 0.2768796786553726 0.04057097872636959 0.12685575248119943
6 0.9259983768562166 0.27444172931732636 0.07309258723582168 0.07838401923042237
6 0.8664233889564649 0.3060512942473038 0.04763859016268768 0.1334332382131757
23 0.11987564188333125 0.21501503205070396 0.03350336729005097 0.12027826674922296
23 0.15810234972885354 0.22617300992479744 0.03666472872636941 0.1266738159634347
23 0.08390178044701276 0.2195912160872692 0.0335760901626879 0.13277826674922294
23 0.04800064188333123 0.2116674001238345 0.03350336729005095 0.12027826674922296
6 0.8043592053114395 0.3625516972666224 0.047674951599006476 0.13968323821317571
6 0.9813211602300956 0.43643661517313725 0.03350336729005079 0.12027826674922296
6 0.8545768530485031 0.4617918719975628 0.04763859016268768 0.1334332382131757
6 0.050471136029598754 0.3243129493380462 0.06914997579950317 0.07195208271265781
6 0.9628433501216371 0.52309970719142 0.06914997579950324 0.07195208271265763
6 0.14614672951193636 0.4006635876750565 0.07309258723582168 0.07838401923042237
6 0.8414587086310892 0.5674596751407159 0.07312894867214012 0.08463401923042238
23 0.4916041543763631 0.5261581631490039 0.040607340162688035 0.13310575248119944
23 0.5587007507855669 0.5449124712545558 0.03666472872636941 0.1266738159634347
6 0.8728718142136753 0.675201554586386 0.06531644867214012 0.08427014619489306
23 0.015042696138057341 0.5382641333746114 0.030085392276114682 0.13902826674922295
23 0.05150587432213379 0.549422111248705 0.0367010901626879 0.13292381596343467
6 0.10506669067710832 0.611307835193857 0.07309258723582164 0.07838401923042237
23 0.44540079918656056 0.677172699542934 0.07309258723582168 0.07838401923042237
28 0.35868204918656055 0.6731337088485588 0.08759142447164336 0.15403899069437516
6 0.018317296402235693 0.6540710698923762 0.036634592804471386 0.07060575248119942
6 0.7815195854873058 0.7959806273742462 0.044513590162687855 0.13328768899896398
23 0.07552411554153508 0.7193365049623988 0.07305622579950319 0.07213401923042237
23 0.48451732046019114 0.8040284520241332 0.07301986436318479 0.06588401923042256
6 0.6507054018422803 0.8492789476809073 0.04447722872636941 0.12703768899896417
6 0.1368428897420319 0.7909611019430802 0.06531644867214012 0.08427014619489306
25 0.02131035597536945 0.7667166191065878 0.0426207119507389 0.07093323821317572
23 0.9110247574248664 0.952172699542934 0.03666472872636959 0.095654600914132
6 0.6923474802975033 0.9449938620727654 0.06918633723582168 0.07820208271265798
6 0.1831542874790956 0.8900193401562557 0.04447722872636941 0.12703768899896417
23 0.8490151159343184 0.9941488184947287 0.06513464149054755 0.011702363010542527
10 0.4639134080887962 0.9758407354724847 0.06211872579950324 0.048318529055030625
1 0.08515468735745862 0.903125 0.17030937471491725 0.19375