20 0.66484375 0.05625 0.1484375 0.1125
23 0.04921875 0.296875 0.03984375 0.13125
28 0.1484375 0.353125 0.0796875 0.15625
20 0.56171875 0.371875 0.159375 0.33125
23 0.06015625 0.459375 0.08359375 0.15625
23 0.15546875 0.475 0.06484375 0.0625
23 0.00390625 0.5375 0.00703125 0.1375
6 0.11796875 0.6375 0.06171875 0.075
6 0.01484375 0.653125 0.02890625 0.06875
6 0.15234375 0.74375 0.04375 0.1375
25 0.0125 0.765625 0.025 0.06875
20 0.6953125 0.70625 0.15234375 0.2875
23 0.16328125 0.878125 0.02890625 0.10625
1 0.05625 0.903125 0.1125 0.19375
6 0.12109375 0.946875 0.03984375 0.10625