19 0.9561894927715254 0.7676248590667872 0.05470165641946636 0.1382872616784825
25 0.9872379422292324 0.7518036307743996 0.025524115541535154 0.13055131802583092
6 0.20107578765647763 0.9849419866721648 0.07198408430895542 0.020841348904643196
23 0.09769625760224834 0.9441926177092619 0.047488599237874185 0.10683267319868044
6 0.14842296544777062 0.9333400342440246 0.07628576492891881 0.08892375917120035
12 0.019575802781788148 0.9472470730403959 0.02873405405833439 0.10550585391920819
6 0.19650139626412572 0.8702118969387215 0.05860790641946654 0.1384009219450391
23 0.9222361527070333 0.5724858553058635 0.040530072110511385 0.11912808471887822
23 0.8847906948615112 0.5829519938648078 0.04369143354682947 0.12546901293212365
23 0.956502068398078 0.5527356449601646 0.04372779498314827 0.13171901293212365
23 0.9850743422350927 0.5393490948810222 0.02985131552981457 0.11892349623907635
6 0.24992131205336618 0.7850496352602392 0.058644267855784984 0.1446509219450391
6 0.06251221564416236 0.8061303280549608 0.051503933546829604 0.12569633346523723
6 0.18469576697202225 0.7213113956850803 0.05860790641946654 0.1384009219450391
6 0.9685929665524741 0.4281077180005603 0.06281406689505183 0.08235551042484132
6 0.06903440553570378 0.7184257395751587 0.08019201492891878 0.08903741943775678
6 0.8673754150036735 0.409991866984346 0.07628576492891881 0.08892375917119999
6 0.17855887557967037 0.6066267700582597 0.07632212636523725 0.0951737591712
23 0.5192242613146816 0.46934911276120383 0.05157665641946672 0.13819633346523724
23 0.4544532341873184 0.48373587318604516 0.04369143354682965 0.12546901293212365
23 0.00886399911623722 0.5834346256268207 0.01166018354682961 0.12453699874635867
6 0.13117936065075156 0.5212719432569402 0.06929087636523726 0.09496917069139794
23 0.9770317897874854 0.20439743336082428 0.04593642042502921 0.14433267319868043
23 0.9381459363754999 0.21805676807970267 0.04763404498314827 0.13183267319868044
6 0.8731021984757484 0.18556852850454392 0.07628576492891881 0.08892375917120003
23 0.5416845477136226 0.3006984011618637 0.07628576492891881 0.08892375917119999
28 0.6242834242752515 0.26157005351086154 0.09859710216474049 0.16456025666391758
6 0.9642977130411851 0.09304239621380575 0.07140457391762993 0.08256009890464333
6 0.20209532776785188 0.35433684435229684 0.05470165641946654 0.1382872616784825
23 0.8864965570833965 0.07031560154493981 0.07624940349260037 0.08267375917120004
23 0.4817323099120669 0.20320728721352554 0.07230679205628192 0.07631009890464338
6 0.3155260478118184 0.2424242145688411 0.05154029498314809 0.13194633346523715
6 0.8143715722087069 0.03846139289764106 0.06929087636523726 0.07692278579528213
25 0.9439136264634331 0.01494609209275031 0.07610850292686636 0.02989218418550062
23 0.048429451402614634 0.26582357680131957 0.043691433546829604 0.12546901293212373
6 0.2612061864736958 0.1728989762473236 0.07237951492891881 0.08881009890464328
6 0.7548329457452738 0.014389814116931793 0.05107214149054773 0.028779628233863586
23 0.09874254791001433 0.18387724333608244 0.06527554205628186 0.07610551042484129
10 0.46973123789975163 0.02782039558615248 0.06523918061996348 0.05564079117230496
23 0.06385848780155573 0.09737745368178141 0.04056643354682961 0.1253780847188784
6 0.036028403590796176 0.015625 0.07205680718159235 0.03125