1 0.95078125 0.41015625 0.078125 0.1734375
1 0.83125 0.41015625 0.078125 0.16171875
1 0.71015625 0.41328125 0.075 0.16796875
24 0.51328125 0.36796875 0.146875 0.41328125
6 0.66015625 0.04765625 0.1671875 0.0953125
23 0.84296875 0.140625 0.06796875 0.05390625
23 0.91328125 0.1375 0.06484375 0.06015625
23 0.37890625 0.41640625 0.14296875 0.16171875
23 0.37734375 0.08984375 0.13984375 0.16796875
4 0.50546875 0.05390625 0.12265625 0.1078125
25 0.25234375 0.33828125 0.034375 0.1140625
1 0.1296875 0.1765625 0.259375 0.353125
9 0.5 0.84375 1 0.3125
1 0.88203125 0.05390625 0.23515625 0.1078125
8 0.94375 0.003125 0.1125 0.00625
8 0.49296875 0.2578125 0.06484375 0.04765625
8 0.51328125 0.47890625 0.0921875 0.071875
8 0.559375 0.37734375 0.02734375 0.13203125
8 0.37890625 0.41953125 0.04765625 0.06015625
8 0.37734375 0.08984375 0.0515625 0.04765625
8 0.07109375 0.08046875 0.1421875 0.1609375