1 0.592065679166035 0.9261279874105177 0.062173267953980905 0.08171970783603796
6 0.6031082391762979 0.7731927032096506 0.17135789129415607 0.1896070735222315
1 0.8322730435292198 0.8496586797438889 0.2574317466803503 0.21804986291418338
13 0.5829917027773568 0.6064525242422206 0.11007041246959073 0.12590161831702956
1 0.6025416543763631 0.4678604611021585 0.13371699072842205 0.16320419724210708
1 0.6073705758229442 0.30903919794797885 0.12743517447164338 0.15737142619541977
23 0.7271416785768599 0.5293300401684106 0.06828236738824671 0.05786497888272546
23 0.726360949457707 0.3950460454300824 0.06519372882456516 0.06393296835938181
23 0.7271109040817756 0.2661397954300824 0.0651573673882467 0.05768296835938171
23 0.7278608587058439 0.13723354543008243 0.06519372882456516 0.06393296835938171
9 0.876883645104785 0.3244024793238952 0.17825941461089023 0.6488049586477904
1 0.6566312742004967 0.05334735946203954 0.25704995159900645 0.10669471892407908
1 0.25078125 0.5 0.5015625 1
8 0.19453125 0.5 0.3890625 1
8 0.839254296554282 0.8578429060663655 0.0792067527304745 0.19048776308359266
8 0.6552414910230095 0.023056949603463543 0.2121732679539809 0.046113899206927086