23 0.8695634771345091 0.13635193560207876 0.06750744773041432 0.055815742478152595
6 0.5839012848463903 0.05296380793019408 0.0407911803072194 0.07298887061225567
6 0.3872817451906766 0.01752509844242492 0.05978422776748147 0.013446386051661884
6 0.4222023490968754 0.24924411137454863 0.07182292549789579 0.0676481527447093
6 0.39346968077055555 0.4673803459351425 0.0650099303072194 0.07369356426490725
6 0.31259671452063753 0.0959024995377816 0.038358150270152436 0.115062710345699
6 0.2581919235989794 0.3101635763391012 0.06166667549789597 0.06735263605166182
6 0.25823158521705925 0.46579145071228056 0.06479167549789597 0.06744356426490725
6 0.12279501598761478 0.9177821965556454 0.06791667549789593 0.06753449247815269
6 0.021341120443549157 0.41097460391920826 0.042682240887098315 0.06723897578510521
6 0.12439976615725079 0.2671684311162392 0.042046145460829056 0.10892637061225567
6 0.1054463471979588 0.6083700926364372 0.03460566769334763 0.09700303213245362
23 0.732001445831498 0.3356806826990849 0.0879861280376339 0.1282135797043134
23 0.5946303874866448 0.529540679796091 0.07789436542376223 0.15211408095795456
23 0.6356918639881818 0.7645665491547055 0.09111112803763391 0.12830450791755865
6 0.4236531662577672 0.8123578768139549 0.04538940027015244 0.11526729882550094
6 0.37433026725355917 0.6795393651354724 0.06791667549789597 0.06753449247815269
6 0.34956093494690677 0.5826272612162641 0.06166667549789597 0.06735263605166182
6 0.3924652306778883 0.36177520361527443 0.06791667549789597 0.0675344924781526
6 0.22836545890870585 0.8731493096460536 0.042264400270152436 0.11517637061225586
6 0.14614821435100148 0.7417198017284949 0.0681349303072194 0.07378449247815269
6 0.08516109593201443 0.8533416118367672 0.07204118030721937 0.07389815274470948
6 0.2231075623515685 0.5758196685798269 0.0720411803072194 0.07389815274470948
6 0.19260658521705926 0.4638819582341279 0.07182292549789593 0.0676481527447093
6 0.19423855100364112 0.30517454796757126 0.0650099303072194 0.07369356426490725
6 0.4609821400185334 0.03452839350700227 0.042879469962933216 0.04339229882550105
6 0.39848957450210404 0.0772865433487177 0.06772570253973793 0.06206574247815262
6 0.4046825215995463 0.14628659593514243 0.07182292549789579 0.0676481527447093
6 0.12984126742319516 0.021765002902993873 0.0395362151536097 0.037051370612255684
6 0.0628968148834572 0.08003449247815261 0.038139895460829056 0.10881271034569899
6 0.08997269165514674 0.20047502461060623 0.03854912322831048 0.12053146034569898
6 0.029598186845823316 0.204974656505633 0.04245537322831048 0.12064512061225567
6 0.006083819692780632 0.20103130258642476 0.012167639385561264 0.11456260517284952
6 0.11729161588709831 0.38114000290299394 0.04245537322831048 0.12064512061225567
6 0.10921124265878786 0.5005575926364372 0.04163691769334763 0.09720762061225585
6 0.05153266271438819 0.562224866851332 0.04226440027015248 0.11517637061225568
6 0.06891116878965597 0.3109124194377567 0.06479167549789593 0.06744356426490725
20 0.8801263994675443 0.6703234895086517 0.21759433791858385 0.6593530209826965