6 0.9530340964092037 0.06001751033457301 0.04393180718159258 0.03328768899896402
6 0.7677505813820892 0.07326871939252891 0.04418633723582168 0.07703768899896402
6 0.9761625242004968 0.11423412944116088 0.047311337235821684 0.07718323821317571
23 0.9718017562465159 0.19217719292339625 0.05516019867214013 0.08379711124870504
6 0.2137170663549745 0.06934512117350247 0.044440867290050964 0.120787688998964
6 0.48152218989154144 0.10995096629215699 0.06528008723582168 0.07802014619489306
6 0.555631855582586 0.13215776012968522 0.04760222872636941 0.12718323821317573
6 0.6843017562465159 0.17878666521591846 0.044513590162687855 0.13328768899896398
6 0.4918960876286051 0.20733538854189798 0.07305622579950324 0.07213401923042237
6 0.14207789481019745 0.15978387655018594 0.040534617290050964 0.12060575248119934
6 0.39887279547412746 0.21238029941909947 0.04057097872636941 0.12685575248119943
23 0.9678222624930319 0.3389066437091845 0.06137383723582168 0.07783820967712848
6 0.49694668111094276 0.2794650996667685 0.07621758723582168 0.0785295684446341
6 0.16709555464750955 0.2922346575674326 0.040607340162687855 0.13310575248119944
12 0.06168134680198728 0.27794737158778726 0.04760222872636941 0.12718323821317573
6 0.10306941608382805 0.28300089867609246 0.0445135901626879 0.13328768899896398
6 0.5142972866935287 0.38655200764848585 0.07621758723582168 0.0785295684446341
6 0.20107057884800641 0.3625856989237614 0.044440867290050964 0.120787688998964
6 0.27499843735745866 0.41604249276128974 0.06922269867214012 0.08445208271265763
6 0.3421313952029809 0.4285468008668416 0.06528008723582168 0.07802014619489306
6 0.14458422951193634 0.40059081306795064 0.06918633723582168 0.07820208271265763
23 0.8323382386853184 0.5232730274980808 0.09146131303532493 0.14797092721213972
6 0.004505171937560521 0.3908797111248705 0.009010343875121042 0.11925942224974104
6 0.4792314194034777 0.503700966292157 0.07309258723582168 0.07838401923042237
6 0.19256721155795545 0.4809718258882322 0.044513590162687855 0.13328768899896398
6 0.002420106510694283 0.47830693651776457 0.004840213021388566 0.06907748573197629
6 0.0807211965308408 0.49764344148016343 0.07309258723582164 0.0783840192304222
6 0.4801575942679045 0.6131487408992629 0.06922269867214012 0.08445208271265763
6 0.33884224785870065 0.5909376389561828 0.06918633723582168 0.07820208271265763
6 0.27012860929501914 0.581485556243525 0.07621758723582168 0.07852956844463392
6 0.18480873283158603 0.6056443401562558 0.04436814441741399 0.10828768899896399
23 0.6898229648776051 0.7073119255550007 0.08453914734428025 0.1663934414801634
6 0.12274454918656055 0.6621447431755745 0.04447722872636941 0.127037688998964
23 0.016668568211191104 0.6446960698923762 0.03333713642238221 0.12652826674922296
6 0.30226842272312743 0.698638822992748 0.07625394867214012 0.0847795684446341
6 0.43417240769601284 0.7266632772931929 0.06528008723582168 0.07802014619489306
6 0.17712297697785356 0.7178168544242794 0.03655564441741399 0.10792381596343467
6 0.45937187471491725 0.8278640583104396 0.07309258723582168 0.07838401923042256
20 0.9269048083599427 0.7669607915612167 0.1404452763417961 0.4660784168775667
6 0.22003666394252872 0.8636045434232436 0.07312894867214012 0.08463401923042255
23 0.7266679381430257 0.9409467357820709 0.09536756303532493 0.11810652843585814
6 0.5070094231159109 0.9551392260120668 0.04752950585373252 0.0897215479758664
6 0.15533783880695548 0.9653655001547932 0.07621758723582164 0.06926899969041359
6 0.302176477370637 0.9754088765501858 0.04411361436318471 0.04918224689962827