23 0.7435287060970064 0.8786090368037056 0.06918633723582168 0.07820208271265763
23 0.5366429018422803 0.8439664013621796 0.06918633723582168 0.07820208271265763
6 0.30555652830571345 0.8050707595105127 0.19338742739850953 0.21520127667402028
6 0.041663892811439514 0.755162688998964 0.08332778562287903 0.21028899069437515
6 0.7118423688611848 0.9521535446615885 0.06528008723582168 0.07802014619489306
6 0.9475798809614332 0.9748118329175455 0.04429542154477702 0.050376334164909053
6 0.17970203455222938 0.946123790942044 0.07316531010845857 0.09088401923042255
6 0.09460032670670707 0.9327825748547749 0.06914997579950317 0.07195208271265763
6 0.7622781852161593 0.9954999374465234 0.04400453005422946 0.00900012510695305
6 0.20828103162536316 0.9982256383370103 0.04382272287263689 0.0035487233259793526
9 0.5 0.2514128742738744 1 0.5028257485477488