19 0.9515625 0.2046875 0.05390625 0.13671875
25 0.98515625 0.21953125 0.0296875 0.1296875
6 0.1953125 0.009375 0.071875 0.01875
23 0.0921875 0.053125 0.046875 0.10546875
6 0.14296875 0.0625 0.07578125 0.08671875
12 0.0140625 0.05234375 0.028125 0.1046875
6 0.19140625 0.12421875 0.0578125 0.13671875
23 0.91875 0.40078125 0.03984375 0.11796875
23 0.88125 0.39140625 0.04296875 0.12421875
23 0.953125 0.41953125 0.04296875 0.13046875
23 0.98359375 0.43203125 0.0328125 0.11796875
6 0.2453125 0.2078125 0.0578125 0.14296875
6 0.0578125 0.1921875 0.05078125 0.12421875
6 0.18046875 0.2734375 0.0578125 0.13671875
6 0.9671875 0.54375 0.06484375 0.08046875
6 0.06484375 0.2796875 0.0796875 0.08671875
6 0.86484375 0.56484375 0.07578125 0.08671875
6 0.175 0.38828125 0.07578125 0.09296875
23 0.51640625 0.515625 0.05078125 0.13671875
23 0.4515625 0.503125 0.04296875 0.12421875
23 0.00546875 0.41640625 0.0109375 0.12421875
6 0.128125 0.475 0.06875 0.09296875
23 0.9765625 0.7671875 0.046875 0.14296875
23 0.93671875 0.7546875 0.046875 0.13046875
6 0.871875 0.7890625 0.07578125 0.08671875
23 0.53984375 0.68359375 0.07578125 0.08671875
28 0.62265625 0.7203125 0.09765625 0.16171875
6 0.9640625 0.87890625 0.071875 0.08046875
6 0.2 0.63984375 0.05390625 0.13671875
23 0.8859375 0.90390625 0.07578125 0.08046875
23 0.48046875 0.7828125 0.071875 0.07421875
6 0.3140625 0.7484375 0.05078125 0.13046875
6 0.8140625 0.946875 0.06875 0.09296875
25 0.94375 0.971875 0.07578125 0.05625
23 0.046875 0.7328125 0.04296875 0.12421875
6 0.26015625 0.81953125 0.071875 0.08671875
6 0.7546875 0.975 0.05078125 0.05
23 0.09765625 0.81328125 0.06484375 0.07421875
10 0.46953125 0.965625 0.06484375 0.06796875
1 0.871875 0.990625 0.25625 0.01875
23 0.06328125 0.90078125 0.03984375 0.12421875
6 0.0359375 0.984375 0.071875 0.03125