10 0.5848935286003011 0.9507562610880409 0.061891466822512696 0.03328220783603797
19 0.7236474772724412 0.8614522954300824 0.18861356898725318 0.20232688140062188
13 0.45682307075477874 0.9488436925451327 0.10574600595192826 0.05379910516284987
6 0.8786304139425287 0.8016615245245694 0.10405273750696793 0.29971084463950604
25 0.9586138714934634 0.6119095088101411 0.03510677390590935 0.12778336575678076
1 0.8614803171405414 0.5277535876646315 0.14099368042357163 0.20580122091963063
6 0.9193842416121847 0.374431895613609 0.06842326795398108 0.08208372888272546
6 0.8420404916121846 0.37893665606636556 0.06522554508134419 0.06940171835938172
1 0.9200301779876847 0.15828658197943668 0.15993964402463057 0.31657316395887336
13 0.8037461269544124 0.2491805376081618 0.06286868042357163 0.20125095783603805
2 0.6660627571302787 0.6914274927427767 0.09267383421075959 0.08896306043863902
23 0.6688428443661003 0.6162909848502689 0.06835054508134383 0.06958372888272528
1 0.6887064133533535 0.42379267171020685 0.05840337334017516 0.10492969468185827
1 0.6859682744950845 0.2232389348643864 0.14792039129415607 0.1882419945971538
13 0.749077849434266 0.003843020724267468 0.11277725595192827 0.007686041448534936
29 0.5915910397185907 0.3365117505646974 0.048633463601058934 0.17074441048099143
29 0.5875070068356911 0.501537511088041 0.04866527985783762 0.17621316048099142
9 0.26416210328924045 0.49316835814662163 0.5283242065784809 0.7136177810759209
1 0.9757276068591324 0.8920674456700788 0.03809087334017534 0.10374662628012458
8 0.9791829850710811 0.05878013466674233 0.041634029857837616 0.11756026933348467