9 0.8724617062933981 0.9222925429404208 0.17530907220870695 0.06331758930724725
1 0.6513366609174666 0.8063090400978232 0.2580589814568439 0.325862362914183
1 0.6739303201656035 0.5472679690652534 0.07910221360105893 0.17251901308359247
1 0.5543990701656035 0.5542298715831498 0.07902949072842205 0.16001901308359248
1 0.4333053201656035 0.5612827793627181 0.07590449072842205 0.15983700256024883
1 0.41026220902387267 0.763338103026124 0.12061300273047451 0.19289940251789658
23 0.292570714975801 0.7225527502823488 0.0620323673882468 0.057500957836037966
1 0.31222975088376276 0.5652106871422864 0.07906585216474049 0.1662690130835923
1 0.1926621394474443 0.5784225896601829 0.07906585216474041 0.1662690130835925
1 0.06842520872928506 0.5887825079630951 0.07597721360105891 0.1723370025602488
9 0.48125 0.15625 0.9625 0.3125
1 0.24818595248276915 0.9314874055016682 0.4963719049655383 0.13702518899666352
8 0.19164051581268154 0.9855448449218548 0.3832810316253631 0.028910310156290465
8 0.6497918207547787 0.9376045427286593 0.21199600595192827 0.059987462956535606