23 0.1265625 0.96953125 0.065625 0.0609375
23 0.36796875 0.709375 0.0625 0.065625
23 0.565625 0.709375 0.0625 0.065625
6 0.16484375 0.80546875 0.03828125 0.1140625
6 0.39375 0.7875 0.059375 0.065625
6 0.3421875 0.87421875 0.03828125 0.1078125
6 0.41484375 0.97578125 0.03828125 0.04765625
6 0.6125 0.97265625 0.059375 0.0546875
6 0.78671875 0.7125 0.17734375 0.1796875
6 0.53828125 0.9640625 0.04140625 0.071875
6 0.128125 0.8984375 0.0625 0.06015625
6 0.86953125 0.9578125 0.03828125 0.08359375
6 0.90078125 0.865625 0.065625 0.078125
6 0.97578125 0.86796875 0.0484375 0.06015625
9 0.0625 0.72421875 0.08359375 0.27578125
9 0.51171875 0.14921875 0.9765625 0.2984375