9 0.5 0.16484375 1 0.26953125
6 0.12265625 0.5359375 0.1703125 0.1859375
13 0.30546875 0.56875 0.10546875 0.1078125
23 0.4828125 0.48828125 0.06484375 0.065625
2 0.484375 0.575 0.0890625 0.071875
6 0.3875 0.79375 0.10546875 0.30546875
6 0.3875 0.97578125 0.09921875 0.04765625
6 0.5359375 0.97578125 0.10234375 0.04765625
6 0.6828125 0.97578125 0.10234375 0.04765625
1 0.559375 0.77265625 0.0890625 0.16796875
23 0.6484375 0.6859375 0.06796875 0.05390625
23 0.65 0.76015625 0.06484375 0.06015625
23 0.65 0.8265625 0.06484375 0.06015625
1 0.71171875 0.5 0.078125 0.16171875
1 0.83125 0.5 0.078125 0.16171875
1 0.95078125 0.5 0.078125 0.16171875
1 0.88203125 0.90390625 0.23515625 0.19140625
1 0.146875 0.83515625 0.29375 0.3296875
8 0.12265625 0.928125 0.2390625 0.14375
8 0.94375 0.98515625 0.1125 0.0296875