1 0.59765625 0.0390625 0.06171875 0.078125
6 0.6078125 0.19140625 0.1703125 0.1796875
1 0.8375 0.1015625 0.25625 0.203125
13 0.58671875 0.359375 0.109375 0.11953125
1 0.60546875 0.496875 0.1328125 0.15546875
1 0.609375 0.65546875 0.1265625 0.15
23 0.73046875 0.428125 0.06796875 0.05390625
23 0.72890625 0.5625 0.06484375 0.06015625
23 0.72890625 0.69140625 0.06484375 0.05390625
23 0.72890625 0.8203125 0.06484375 0.06015625
9 0.87890625 0.65234375 0.17421875 0.69453125
1 0.65703125 0.93125 0.25625 0.1375
1 0.25078125 0.5 0.5015625 1
8 0.19453125 0.5 0.3890625 1
8 0.84453125 0.09296875 0.078125 0.1859375
8 0.65546875 0.9609375 0.21171875 0.078125