6 0.9079434111930447 0.9362444784254016 0.051213042056281924 0.07569633346523723
12 0.9901009789916557 0.9181416846144655 0.019798042016688555 0.10619617570596276
6 0.9672456883204076 0.9220168423737398 0.054483487801555694 0.10078726167848231
6 0.8609229654477705 0.9126084016240821 0.05150393354682947 0.12569633346523723
6 0.7850917184728328 0.906219660795282 0.07241587636523725 0.09506009890464355
6 0.7187718268840891 0.9229956353267461 0.0692545149289188 0.08871917069139812
6 0.9113451462641258 0.8494120681588448 0.07237951492891881 0.08881009890464356
6 0.5742405768840891 0.9272010651893441 0.07628576492891881 0.08892375917119999
6 0.8516428933372595 0.7948897042105069 0.05470165641946636 0.13828726167848232
6 0.9559349627172962 0.7238748590667872 0.07628576492891881 0.08892375917119999
6 0.5572389083643741 0.8253346883088822 0.07241587636523725 0.0950600989046432
6 0.694434381335207 0.7689900969260863 0.07237951492891881 0.0888100989046432
6 0.7622758663080923 0.7451374082879997 0.08022837636523725 0.09528741943775679
6 0.8415815712267485 0.6771937388502429 0.05143121067419258 0.11319633346523723
23 0.34243151980069264 0.837836002969501 0.09167493647369582 0.18310566818411544
6 0.8879702370159887 0.5922360656515625 0.05154029498314827 0.13194633346523724
23 0.9866743399662962 0.5557098807743996 0.026651320067407624 0.1258638180258309
6 0.7116804477883774 0.6442485096999254 0.0802647378015557 0.10153741943775678
6 0.5838054326630668 0.6909453164429853 0.0692545149289188 0.08871917069139794
6 0.8268509298343965 0.5627591658098471 0.04358234923787414 0.10671901293212364
6 0.5434208062978296 0.5991359011618637 0.07628576492891881 0.08892375917119999
20 0.08824294778837734 0.6623886882423753 0.172649764045156 0.6752226235152495
6 0.7660083577238852 0.4465407839148202 0.07632212636523725 0.0951737591712
23 0.2653867098886257 0.622853512140701 0.10559199072842196 0.15851484514371955
6 0.47400266490547766 0.48629257185326163 0.054665294983148094 0.13203726167848248
6 0.810543632022578 0.3116285748227625 0.0802647378015557 0.10153741943775678
6 0.6630873699223295 0.3502999328986059 0.05154029498314792 0.13194633346523724
6 0.76181978571157 0.2638192121280657 0.07628576492891881 0.08892375917119999
6 0.973068594823026 0.117792343627381 0.05386281035394802 0.1445372616784825
6 0.9179647257013073 0.10690631941248618 0.07241587636523725 0.09506009890464333
23 0.2829498971478885 0.2840039608079174 0.04361871067419267 0.11296901293212373
19 0.42892040641946655 0.12426158478538536 0.0833897378015557 0.10162834765100212
23 0.2698181171918551 0.17577392366089883 0.040530072110511114 0.1191280847188784
6 0.5535249757995032 0.061089298034078234 0.053924951599006475 0.12217859606815647
6 0.6628636143631847 0.05410978228126173 0.19916018354682966 0.10821956456252346
6 0.93671875 0.002917782198960625 0.1265625 0.00583556439792125
23 0.15381132211051113 0.11351326755097726 0.06918179205628183 0.07621917069139794