1 0.9473496394474443 0.5344670482726799 0.07913402985783762 0.1779877630835925
1 0.8278183894474443 0.5414289507905763 0.07906585216474049 0.1662690130835925
1 0.7067428201656035 0.5453568585701445 0.07597721360105894 0.1723370025602488
24 0.5096041997522945 0.6021360215407976 0.14927939997655884 0.4218357445971538
6 0.6546156761409729 0.9138940269436437 0.1677420119038567 0.10505006299888783
23 0.8379690525062102 0.8102776613280375 0.06828236738824671 0.05786497888272528
23 0.908263371788051 0.8093074245528042 0.06519372882456516 0.06393296835938181
23 0.37551100088376277 0.5615249740445766 0.1439096021647405 0.1700457314429741
23 0.37204861583612264 0.8881784793062485 0.14082096360105895 0.17611372091963062
4 0.4999645375772914 0.9166535478491568 0.12328348477649378 0.11495641304124007
25 0.24849398292978186 0.6470214002399963 0.035038596212812044 0.11606461575678076
1 0.12780579567051914 0.8158840632812365 0.2556115913410383 0.36823187343752684
9 0.5 0.15625 1 0.3125
1 0.8765270375772914 0.8947212797862413 0.23578348477649377 0.12150879188161312
8 0.9379503509072039 0.9419078219502032 0.11253636143631844 0.012802378840373052
8 0.4886508294371816 0.7134753399425315 0.06512100595192827 0.051432968359381805
8 0.5102496152469475 0.4911985215407976 0.09260565651766246 0.07724431043863902
8 0.5557524919067725 0.5900763663214781 0.028111885342227794 0.1336238420792574
8 0.375529181601922 0.5583999740445765 0.04800622882456533 0.06293191048099125
8 0.37204861583612264 0.8881784793062485 0.05183975595192827 0.05065942363517095
8 0.06865298858712264 0.9153905105939308 0.13730597717424528 0.16921897881213824