6 0.3824139440949539 0.8516494451053814 0.10068229781181852 0.2573413341161622
6 0.5308514440949539 0.8430039452465558 0.10380729781181852 0.25752334463950605
6 0.6777446248131132 0.831324450649402 0.10384365924813696 0.263773344639506
6 0.6598926295866911 0.028522029221543843 0.1677147408266178 0.057044058443087686
23 0.3102420875304092 0.10142120292730203 0.06880506303532483 0.1477087288827254
4 0.5035875665513663 0.17613975284259745 0.12407486689726746 0.3522795056851949
1 0.6831750726014905 0.16638969538773013 0.14085277985783762 0.18158247091963048
13 0.6954791090004315 0.33358490066351937 0.11316359621281222 0.12061487884037314
18 0.3232723108940255 0.4122754029414194 0.24288291246959073 0.13363706555913665
2 0.537629726683266 0.48335592946154016 0.04550846360105894 0.17056239995764777
2 0.478254726683266 0.4868141294050705 0.04167039129415606 0.18205363680346806
13 0.380075781036188 0.5823457082595611 0.1060959847764936 0.11395535516284987
6 0.24703602205919753 0.6291436555016683 0.10724591520006524 0.31161160516284986
1 0.10186442262493159 0.6133883948371501 0.1450231711519936 0.3614519814429741
1 0.1296875 0.1828125 0.259375 0.365625
1 0.8791223350945223 0.4777378378635239 0.24097407981095528 0.9554756757270478
1 0.1442615217646099 0.9406642554028462 0.2885230435292198 0.11867148919430762
8 0.1183757326351943 0.9600435869587599 0.2367514652703886 0.07954880503579317
8 0.10413544975229463 0.6257518869446425 0.10036868042357164 0.20343508411616237
8 0.9408410850945224 0.47415450568519485 0.11831782981095529 0.9483090113703897
8 0.0716796875 0.08670737434229102 0.143359375 0.17341474868458204
9 0.32082908782499686 0.29526991346476317 0.25691359621281207 0.1289873629141832