23 0.5921855592246958 0.6539765138565606 0.07237951492891881 0.0888100989046432
23 0.3894781948615111 0.5973641156641978 0.07237951492891881 0.0888100989046432
6 0.16555436065075155 0.5202717329112412 0.20375275565734077 0.2480751018076372
9 0.8746122398446591 0.7137389926111666 0.0665800085842072 0.30032426042484134
6 0.5752702491162373 0.5669538869760987 0.0692545149289188 0.08871917069139794
6 0.8123344327612628 0.6194410748227626 0.05154029498314827 0.13194633346523724
6 0.06523113202257799 0.3333149536817814 0.07635848780155574 0.10142375917119999
6 0.008785689302366222 0.301357911520198 0.014530653492600312 0.0808779269596041
6 0.6381560684962738 0.4971438406578802 0.05150393354682965 0.12569633346523723
6 0.8587412792686624 0.5376084016240821 0.07234315349260037 0.08256009890464337
23 0.8676799420328407 0.46233561698434594 0.07624940349260037 0.08267375917119998
6 0.10758628278470381 0.2265959407496577 0.05470165641946654 0.1382872616784825
6 0.3721532977136226 0.30563125673042457 0.0692545149289188 0.08871917069139794
6 0.4480254513044188 0.31905124755922454 0.054665294983148094 0.13203726167848248
6 0.5778038548952149 0.330902726709542 0.05470165641946654 0.1382872616784825
6 0.396666963502863 0.2213100810244617 0.07624940349260037 0.08267375917119998
6 0.05295734923787419 0.10394570242814019 0.047597683546829604 0.12558267319868044
6 0.30966186719185507 0.17461458894202048 0.04763404498314809 0.13183267319868044
23 0.883272604895215 0.32201449386480785 0.07230679205628192 0.07631009890464338
6 0.4126777828828997 0.15286395790492352 0.08022837636523725 0.09528741943775669
6 0.09783805718159236 0.0301986425343505 0.0511448643631847 0.060397285068701
12 0.01257272287263694 0.0125 0.02514544574527388 0.025
6 0.038390334308955415 0.01858519261349278 0.05412441861791083 0.03717038522698556
6 0.4441272499018042 0.05193194371915856 0.08022837636523725 0.09528741943775673
23 0.7732153070833965 0.07640617085683282 0.10168574072842204 0.15281234171366564
9 0.42243614060678497 0.6214093694251215 0.8417633784083407 0.757181261149757
20 0.915625 0.06603154763836681 0.16875 0.13206309527673363