20 0.6538622245385513 0.9609499944559794 0.1497465560152719 0.0781000110880413
23 0.04103714990454985 0.7059916657426633 0.04137098201781736 0.1335706341726322
28 0.14091042791218586 0.6555204998588258 0.08150563335454448 0.1608912683452644
20 0.5544098539147312 0.6608413915710297 0.16322944271163423 0.3405325366905284
23 0.0538655085932761 0.5441287025743662 0.08541188335454448 0.16111878149944392
23 0.14935982192873057 0.5340550235363489 0.06557100334181776 0.0662767183593818
23 0.0014200894732739567 0.4627275131541796 0.0028401789465479135 0.13790952367752335
6 0.11375068061745681 0.36937089725622463 0.06259145401018133 0.07859470783603806
6 0.01283030414545552 0.3477395499858826 0.02566060829091104 0.07043359734092913
6 0.14936201129854704 0.2651230130130052 0.045349957351999134 0.14004814732681173
25 0.011336394653091534 0.2351030420933748 0.022672789306183067 0.0702060841867496
20 0.6918944092934564 0.33424734144397283 0.1556891153723619 0.29637301301300534
23 0.1618631059834553 0.13138504984470822 0.03014258068109026 0.10793359734092922
1 0.05625 0.10015118942018657 0.1125 0.20030237884037314
6 0.12047558465945488 0.06017790777956831 0.04108008068109026 0.10857063417263216