9 0.5350606088176002 0.8230822097280551 0.9298787823647995 0.2919336861672228
1 0.9529753742738742 0.47836128324756866 0.08565717183545622 0.16353712955902786
1 0.8342253742738743 0.481125220177291 0.08565717183545622 0.16353712955902786
1 0.7109334234880861 0.487123259880555 0.08594827026387968 0.16978712955902786
1 0.5896941242738744 0.4868167481970481 0.08956342183545622 0.16362804853697915
1 0.4742146734880861 0.4926329499444093 0.08282327026387967 0.16971439437666672
1 0.3507771734880861 0.49550598964767334 0.08985452026387968 0.16987804853697916
1 0.3873396040099947 0.32337576329902745 0.13667386228216233 0.15301851006798622
1 0.3947410734070328 0.14644958738722189 0.15524407981717364 0.18310605357097237
19 0.1808691261359012 0.2898586677436804 0.06452057237357552 0.06159276985163196
23 0.17948425454811395 0.22654105015249987 0.06032322394515206 0.055251850873680654
19 0.17442857340703283 0.15157741774368041 0.06452057237357547 0.061592769851632
9 0.07925096815418384 0.2742356273748263 0.09151552770747776 0.28931837955902784
1 0.40347175641014077 0.019700240098411304 0.06393837551672857 0.03940048019682261
1 0.16446491439185815 0.04159214399701387 0.2601434414801634 0.08318428799402774
2 0.5815048269216895 0.2774053806058676 0.0887949803552928 0.08010703371934032
1 0.7492278468258882 0.09009780670670117 0.5015443063482236 0.18019561341340234
8 0.80546875 0.0077338859242011325 0.3890625 0.015467771848402265
8 0.15766910483856422 0.029104965330729114 0.08096320967712844 0.05820993066145823