23 0.00859375 0.578125 0.0171875 0.12578125
23 0.065625 0.353125 0.034375 0.11953125
23 0.1546875 0.91953125 0.02421875 0.1015625
6 0.6859375 0.01484375 0.03828125 0.0296875
6 0.11796875 0.6859375 0.05546875 0.065625
23 0.07109375 0.50859375 0.07265625 0.14375
23 0.16171875 0.5359375 0.059375 0.05390625
29 0.67890625 0.51171875 0.07265625 0.26953125
28 0.159375 0.41953125 0.06953125 0.14375
1 0.0484375 0.921875 0.096875 0.15546875
6 0.14765625 0.79375 0.03828125 0.12578125
6 0.1109375 0.9671875 0.034375 0.065625
6 0.015625 0.68828125 0.03125 0.06015625
6 0.5640625 0.01796875 0.065625 0.0359375
25 0.01015625 0.7953125 0.0203125 0.059375
20 0.55390625 0.48515625 0.1421875 0.29921875
20 0.66875 0.8171875 0.13515625 0.2578125
8 0.01015625 0.93359375 0.0203125 0.1328125
20 0.66875 0.134375 0.13515625 0.209375