9 0.7548109505336602 0.5842303717949113 0.43470124113993247 0.37760541538972736
1 0.037928475143257215 0.7564173289956649 0.07585695028651443 0.26294659200867015
1 0.2868926441844193 0.8780369108339272 0.04001218775644109 0.1020931210184525
1 0.3870173195835706 0.8308973293486007 0.06225460228117754 0.09325644731269449
1 0.2554410088228865 0.7317835371140516 0.07113485376405233 0.10078822625188959
1 0.3900998517125238 0.6787355898719445 0.0402668557412186 0.10834312101845249
28 0.39432845939372774 0.9575130372552259 0.07090009041817939 0.037643484144397374
28 0.4432752257425312 0.4831276872834608 0.06596719269935694 0.1269867052052021
28 0.3206799841454882 0.4505188555863728 0.06458110623551025 0.11209745257436624
23 0.020011550306198757 0.9434623026873057 0.024690935284983118 0.08950982103256991
23 0.06454280030619876 0.9408686527296579 0.024086098821136392 0.0746660710325699
23 0.35480692783342827 0.32071025824544364 0.04325259288963732 0.04772413943430402
23 0.44593199353702834 0.3987981899142968 0.04741351087441501 0.05420165258848364
6 0.3291464697738511 0.9122075135071155 0.04140359140676262 0.0406018841726322
6 0.4152643363894846 0.7497537451618512 0.025058349809719615 0.07939907366340596
6 0.32011366247320805 0.7895890608621621 0.028469851292594404 0.0866123341867496
6 0.25284790802458373 0.8145505344832158 0.04872134288963732 0.04804265785015538
6 0.3430630256288004 0.6471817529837718 0.039123508402956995 0.042027876280124235
6 0.42968361654127146 0.606284466222656 0.043938342395345845 0.045425892065139986
6 0.4087184950199031 0.3939510661944211 0.028342517300205473 0.08348733418674961
6 0.3061956728905124 0.346923418726435 0.025408518288788783 0.08799282366340595
6 0.3258038828528938 0.5351745766471776 0.04169009288963732 0.047633134172632194
6 0.06461171486811626 0.5566224553463764 0.023655017300205562 0.08321431840173403
6 0.024018548366213456 0.5582073421498446 0.02293743429639995 0.08473131577089817
29 0.02969295642797823 0.9927797632247668 0.040879667984777567 0.008616136803468066
29 0.07353845692226982 0.9878878658979551 0.044945085475263546 0.01274989995764777
29 0.09291980969773891 0.8947903132812364 0.02684368429639994 0.08495882892507751
29 0.04191838380429595 0.9414069790238997 0.02284193380210835 0.08238756577089816
29 0.0051143396302657275 0.9617418658273678 0.010228679260531455 0.07283055524755433
29 0.006937778261012323 0.5618251658132504 0.013875556522024646 0.08321431840173403
29 0.044267381370019065 0.5585867737481105 0.02362318380210835 0.08243306840173403
29 0.5296027034994097 0.5833181321064936 0.03100460228117754 0.09143634207925722
29 0.3955606259328116 0.5638463372411084 0.026907351292594407 0.08652132892507787
29 0.3456097054765761 0.5846817529837718 0.04253500988583179 0.04924113680346807
29 0.4683932894689649 0.5744128399425316 0.03527560821267652 0.11974335260260105
29 0.4516939263133725 0.7164561267742345 0.04494242688202625 0.05094014469597585
29 0.44925999300555564 0.7953168741433986 0.04475142589344294 0.04625264469597603
29 0.4266780443746997 0.9478349293909532 0.043093425399151286 0.04381788943430394
29 0.42849255376623996 0.9033036793909531 0.04550084239534584 0.045516897326811544
29 0.33964095939372774 0.9606982214137407 0.042775090418179396 0.03600538943430394
29 0.2376274732338922 0.9011705739457545 0.04819476087441492 0.05424715521931951
29 0.30836703205459104 0.6188061240022243 0.034112356235510254 0.11032284997176518
29 0.37921013677004545 0.9077328451336164 0.06088576186299814 0.05966269731269449
25 0.26076654289182494 0.9645127371281692 0.03424500741437377 0.037067360495108656
25 0.16339679437469973 0.9631693159826596 0.03719359387822054 0.05204761838761662
25 0.20583896235947727 0.9544621739175196 0.04157734634967847 0.06399388154179633
25 0.2054489846025987 0.8492664397025352 0.04465326680591399 0.08209913943430394
25 0.10584557403219494 0.8262300290803696 0.03916992935348409 0.06229487364928836
25 0.10842408737806779 0.7629487790803695 0.043553681824942014 0.07424113680346807
25 0.10256801821442663 0.6962618080195646 0.04589743182494201 0.07437764469597585
25 0.151191202016535 0.612372655431081 0.034259594866803675 0.05655310786427279
25 0.3738394762368228 0.4848336714278581 0.04199118182494201 0.07415013154179632
25 0.37070915905034796 0.4086351924745455 0.04211851581733077 0.07727513154179633
25 0.12017862395564524 0.589238263295354 0.03886618182494202 0.07396812101845249
25 0.08749611654127146 0.6262146185287909 0.040301347832553215 0.07093412628012423
25 0.34512559133240045 0.7304569845679203 0.03201134536109525 0.05876034997176518