29 0.840468707412515 0.5211862167152265 0.031340276237772004 0.08249490016215581
29 0.7639594153191401 0.5073634500761349 0.050060184158514785 0.05550570616851012
23 0.41897313901078104 0.493537134737585 0.05075042889684287 0.05395684293798535
25 0.8712713863799451 0.5006515742637084 0.0436127630835923 0.0788068384737585
29 0.6557072995623596 0.4711338494275118 0.04840667889684287 0.05391593262955983
25 0.9991864708490432 0.47347323984713974 0.0016270583019135643 0.056713650162155814
29 0.7225307785156722 0.46605661160237644 0.046571163111827296 0.049201159090609535
29 0.8029540258848362 0.4666799488583189 0.0447356473268119 0.04448638555165907
2 0.34001441012805556 0.42425925486796867 0.11704182878390341 0.17374323741809833
1 0.6896580943571575 0.41085091436232 0.03980522362105354 0.06703354139585774
1 0.8309733390954855 0.41175666963732577 0.03980522362105354 0.06703354139585774
25 0.9677452970021108 0.40165674106495575 0.04352175782192056 0.07724433847375849
25 0.6098039943853923 0.379799737414803 0.041686242036904984 0.07252956493480811
6 0.8943232075536894 0.37383965827324006 0.044599139434303936 0.04214263555165916
6 0.795665899675299 0.3549475620888438 0.04726140785015538 0.04765229586008468
6 0.7182311444136271 0.352035021910802 0.0416106473268119 0.04443183847375849
6 0.6508693391660728 0.3344696465054125 0.028996526237772 0.08245398985373029
25 0.921090833904401 0.3376254687438213 0.03466269731269449 0.059139220779006775
23 0.40997132338105724 0.32558202150706017 0.04735241311182729 0.04921479586008468
29 0.5874137839185184 0.31697245494739895 0.04285462891096028 0.03899036201270878
25 0.9960621998729431 0.32350051338609004 0.007875600254113735 0.07853410308425506
29 0.6786912313017999 0.30295659374546896 0.029959786761115836 0.08559262662320544
29 0.8261654707784561 0.3024089431762761 0.02857929728445967 0.08869035308425506
29 0.8925262181476203 0.30278681858166556 0.04266491311182748 0.04913297524323364
29 0.9830147102551123 0.30202493384078527 0.03248554728445967 0.08875853693163087
29 0.585373870806691 0.26854859171687406 0.04772413943430394 0.04219718262955983
25 0.6467285997600036 0.2633758965054125 0.03475370257436623 0.06070172077900686
2 0.3293590892366599 0.2547143680984935 0.11557803932136448 0.16201085064862308
25 0.8511962918816133 0.2497748668773822 0.043840276237772 0.0827130884737585
1 0.9269320392507773 0.25031638351647373 0.04150423151356151 0.0694045649348082
29 0.5725784682182073 0.22305881371369685 0.048823907850155376 0.04767956939903506
25 0.6121646129847704 0.1925315624958809 0.0381517183593818 0.06544376785690745
1 0.6884540971997548 0.18918046590444754 0.058456513083592475 0.07906593709378677
25 0.5209025761530676 0.18001219723676115 0.04012374203690498 0.07250229139585782
25 0.5705385551063801 0.17463495048317204 0.040032736775233245 0.07093979139585782
23 0.39922499722798976 0.154474634737585 0.04560790258848364 0.04606252232113435
29 0.7512047261813024 0.15437481777088666 0.028860018345264395 0.0801102398537303
25 0.7192266840879276 0.14132934699187985 0.032872684158514784 0.05520569724005649
23 0.6052628946253887 0.1276332654179802 0.04482665258848364 0.04604888555165916
29 0.544143384102045 0.12344459739891696 0.04666987364928836 0.03749604586008468
25 0.9911101183876166 0.1250766501555652 0.017779763224766754 0.07538182954530477
2 0.32288303413027986 0.08992516517639418 0.11373481826055976 0.17056369034019764
6 0.8286780078219206 0.09094929179630433 0.03170429728445967 0.08874490016215578
25 0.7500979815135613 0.08177311484878734 0.046737763083592475 0.07886138555165918
29 0.6599812157285457 0.07551738635914279 0.030832042022787574 0.0871687633926806
6 0.716140210466874 0.07493673376135503 0.025044773606936133 0.08160455600635441
23 0.9120064473126945 0.0744533128996227 0.044735647326811546 0.04448638555165918
29 0.9827592920933748 0.06792266923028867 0.03448141581325039 0.05218979139585782
25 0.6852241394343039 0.05332478652129857 0.0381517183593818 0.06544376785690749
28 0.5680821420651399 0.05206052110002307 0.07440003149944392 0.08480742248329014
29 0.9305975526167185 0.03185275567545229 0.04244510523343692 0.03195911201270883
29 0.8868475526167184 0.031089096584842768 0.04635135523343692 0.03202729586008468
25 0.6998557868317029 0.023142408680277136 0.03408657366340577 0.022447744317957142
29 0.6206765210466874 0.01707759496328497 0.04208878946253893 0.012441498782184012
25 0.7974210315700311 0.02328450486467339 0.03624831314006212 0.01936365462638264
25 0.7552335315700311 0.02254811931301421 0.04015456314006229 0.0194318384737585
23 0.99453125 0.020484607541891395 0.0109375 0.0064409147726523786
6 0.9790882605233436 0.020211872152387993 0.020676521046687314 0.006604556006354423
23 0.5376200543299212 0.9855227065730758 0.02870112364928836 0.02895458685384824
4 0.36347762806391426 0.9307608506486231 0.20203147881213823 0.13847829870275383
6 0.9160334806665154 0.9667081727852727 0.04457602360693613 0.0665836544294546
23 0.5590022306665153 0.963663763999941 0.028169773606936132 0.07267247200011795
23 0.9950561173240313 0.9698905841079956 0.009887765351937361 0.060218831784008844
9 0.8530637728304772 0.9044098600825781 0.06582793927901207 0.19118027983484395
25 0.9524278827689802 0.6399892935237406 0.09514423446203964 0.720021412952519
9 0.936916560849293 0.8269334305943744 0.1261668783014141 0.21619951866768652
23 0.43583920449933045 0.8099161111986348 0.04762542889684287 0.05390229586008459
25 0.5091934045134479 0.7963678542987758 0.041496526237772 0.08267217816533297
2 0.3569105676958623 0.7679547077900681 0.11984831036805188 0.1683290344959989
23 0.4288927125330126 0.663849634737585 0.04588091837349921 0.050750022321134305
2 0.3522777336502871 0.5946126651763942 0.11685981826055966 0.1706182374180983