9 0.8219838630812305 0.599802892912186 0.3113380425090767 0.21921752076433876
9 0.35918931619789163 0.0727277060570258 0.15971453410611947 0.1454554121140516
1 0.5262588220922095 0.41672216630736064 0.08310561315559255 0.14591101045275642
9 0.8722437786317311 0.2079570271554053 0.08303397037968593 0.25891924466774097
9 0.990175377947159 0.12548689042252437 0.01290054250907673 0.20183551578501557
9 0.9549077455141948 0.3598009772401099 0.06002094022789919 0.11494943678935066
9 0.7329372450199031 0.3750674743975125 0.11177444121648214 0.12264011042452169
28 0.602334479734045 0.06078370847132256 0.06411819121648214 0.11986444994353025
29 0.6107359342592188 0.2754076505929322 0.1051543680985084 0.17057708148532652
29 0.5992440414461312 0.5574389005929323 0.10472328657757757 0.17912532885449045
19 0.3877069525480076 0.20188466353535034 0.080590766805914 0.08419226045275652
19 0.3816705167687329 0.2926461714278581 0.08052709980971953 0.0826297604527566
6 0.42807599007698727 0.4162054977926871 0.047104446159397996 0.14225538943430394
6 0.4638543225865012 0.41801862677423457 0.029314768288788783 0.08822033681758548
6 0.5164514460850359 0.6191569215690323 0.07493101581733086 0.07918624203690498
6 0.5174820468833387 0.5364809294615401 0.07030718281352506 0.08047572625188941
6 0.5353804485936748 0.21198916367652468 0.07474001482874755 0.07449874203690507
6 0.528227181787761 0.2919041768307043 0.069653266805914 0.08355522362105354
23 0.3746724643738247 0.5409016609045144 0.03022335228117754 0.09139083944842134
23 0.44503404391758916 0.5547296714984453 0.04475142589344294 0.046252644695975675
23 0.44756613631293496 0.5117154188676094 0.04403384288963732 0.047769642065139985
23 0.45529901775731607 0.2836814241292812 0.04212117441056815 0.03908488680346807
23 0.45692252616027307 0.2438376741292812 0.04133992441056815 0.0390393841726322
23 0.7302485741065571 0.011936241785072299 0.04550084239534584 0.023872483570144598
23 0.7268078977188225 0.047298790168410564 0.0456600098858317 0.049423147326811766
23 0.7257772969205197 0.1299747822759028 0.044815092889637496 0.04781514469597585
23 0.7836123601526619 0.22169257443986473 0.048131093878220454 0.05268465521931951
23 0.7994522188596299 0.1007430376081618 0.028406184296400027 0.0850498341867496
23 0.8237956442587813 0.05801721131391999 0.02980951680591417 0.08123458944842143
23 0.6465394885941125 0.41049601115862816 0.0455963428896375 0.0478606473268119
6 0.9110993260837233 0.008347495161851164 0.04030134783255335 0.01669499032370233
29 0.5124734836883776 0.04731201364828981 0.07831068380210837 0.08561825256024876
29 0.46082611756703573 0.20541991623677344 0.04884867688202625 0.051167657850155465
25 0.967480682776344 0.2616441983009147 0.03948826433445589 0.07010737364928846
25 0.758523471331088 0.09143592704246581 0.04224584980971961 0.08040013154179622
25 0.8143198265780149 0.008824908273678489 0.04011034684397004 0.017649816547356978
25 0.4845754104960417 0.7893630057557821 0.06681210969555132 0.12859470783603816