1 0.09799492820087526 0.9081553792746874 0.1959898564017505 0.1836892414506252
9 0.39324331467863644 0.8491738906738538 0.12020843792335531 0.2837048124046877
29 0.916956374380432 0.9657333434680548 0.024665807326946166 0.023983013867708534
19 0.2416697693374778 0.9869128928580555 0.04440509724103805 0.013518292553055745
25 0.8452451486906915 0.9642812526623604 0.03827460594746519 0.030542138392743112
29 0.8946686165785159 0.9592294235401727 0.023018098145549004 0.037209712480937185
6 0.815762366578516 0.961065986894791 0.024580598145549006 0.0372460800721182
25 0.5823733344663402 0.9625966917762842 0.04065597749876275 0.046203505983923775
6 0.05893583446634021 0.9747798348217707 0.0422184774987628 0.04623987357510444
29 0.6957774151990348 0.9576162914156938 0.0315266389641522 0.050672800436840505
29 0.6356621087765998 0.9582351936761452 0.03473352611928178 0.052308035619201124
29 0.8736534317073783 0.9433323198167006 0.027122421980838852 0.07085801386770854
23 0.9434712867503323 0.9362452120091657 0.016758132066746968 0.0815409407294446
25 0.2921953917932865 0.9459417475314581 0.04143058344622812 0.07587282218833344
25 0.7399335289484162 0.9339599326582284 0.039704309135968605 0.07271145459715278
25 0.8479441027837058 0.8978931864579508 0.043156857756487456 0.07903418977951375
25 0.9120884899388357 0.8948396152195478 0.041103034825709275 0.06962282218833345
25 0.5982307078266601 0.8982432510468398 0.03481541327441171 0.05387053561920148
29 0.6753664179125682 0.8855237390789924 0.029708511419960715 0.0904256314588892
19 0.2836702408433468 0.8852770044653123 0.045261590343632994 0.04475010875746506
25 0.7837521279984766 0.8720768752875341 0.03386706693788479 0.06555291802802081
25 0.007959187727142615 0.8865362588337152 0.01591837545428523 0.07276600598392377
29 0.8848166610151633 0.8494368494519783 0.045056872455808875 0.04084385875746506
29 0.7036076045927282 0.8528742400289231 0.031189124264830958 0.08889949905006951
23 0.05282303256646085 0.8531957755512153 0.041601001809022306 0.04934668977951375
29 0.5789727747645447 0.8339268311189578 0.03197037426483114 0.08891768284565985
29 0.7988315733850637 0.8225671845580896 0.04768722749876275 0.04636716014423605
19 0.3200072105401935 0.8321513512549302 0.02909435775648763 0.07870688145888885
25 0.19825504127288812 0.8326442733670136 0.041512470601357876 0.07743532218833345
1 0.6601751871344451 0.8031658339687493 0.04188428482570892 0.06964100598392378
6 0.8329133242895749 0.7975847151432978 0.026051244911617387 0.08019664627652787
23 0.2955361550222695 0.8077514165094094 0.026750607756487632 0.0786523300721182
29 0.6146546472203533 0.7933011779085758 0.03135289857509047 0.09202449905006951
23 0.05684214722035341 0.8062844079600346 0.04448034034363304 0.04473192496187508
29 0.8753022201511319 0.7778709739770131 0.03295302012638786 0.10766768284565983
25 0.24248972015113193 0.7925998484051386 0.041594357756487635 0.07899782218833326
6 0.7902688008838266 0.7775092576963535 0.042136590343633 0.04467737357510426
1 0.9437965926069406 0.7364816013518395 0.046282937018844096 0.2577949694147918
23 0.3227847297620704 0.7493752188461109 0.0295447371097012 0.08730063145888885
1 0.7561704398479786 0.7283638960890965 0.03884117198083885 0.07113077080156245
23 0.20699263342554347 0.7403658543890623 0.045671026119281775 0.052562608757465414
29 0.9032092141582382 0.7218203425181242 0.023011454093014548 0.06686084488975688
6 0.28865206920119224 0.7306622396476733 0.02761374491161739 0.08023301386770836
29 0.8404192870890167 0.7139182299609368 0.05520980042954164 0.05590581430454868
9 0.08071916680879994 0.728958841755625 0.16143833361759988 0.11473856648875014
23 0.41512603799352776 0.6996278323532288 0.05106121099041942 0.03630182912218753
29 0.7226895545018712 0.6823253506862493 0.04715163896415202 0.0510364763486459
25 0.6719083045018712 0.6835072973996175 0.034320768317365594 0.059321101823611146
25 0.6237983531223902 0.6783846927262147 0.04204805913596861 0.07276600598392377
29 0.7965774338550847 0.6720223239007632 0.04838659034363317 0.044822843939826384
29 0.8804577888980389 0.6646079077726034 0.033611439393693134 0.10534211664125
25 0.9145838054063823 0.6536697545622214 0.03941770409301455 0.06724270459715279
23 0.3950934989839472 0.6649807286297567 0.046042840343633 0.04476829255305557
29 0.45446517695767985 0.6487731939604856 0.04279500961093845 0.04235180737069442
6 0.24677550769037446 0.6512663335874997 0.02938096279944169 0.08417563145888884
23 0.19829042006027486 0.6235238465052776 0.047069751809022356 0.0494739763486459
29 0.4189714122583587 0.6113647661488191 0.04670125961093845 0.0424427263486459
25 0.7580748558359236 0.6026917488626383 0.041594357756487454 0.07899782218833344
25 0.5918323801461831 0.6034398973233676 0.03588326831736559 0.05935746941479163
25 0.9246858237237479 0.5949123504019089 0.03814180913596843 0.07267508700597211
29 0.8727924530769616 0.5875369147064575 0.04419041327441171 0.054088741166284746
25 0.8042062273872211 0.586012088718402 0.04064933344622794 0.07585463839274312
29 0.9526813489385187 0.5669503513518395 0.035105340343633176 0.044513719414791805
23 0.23791948609364838 0.5820260243169442 0.04669793758467104 0.057268292553055565
6 0.43606705902442694 0.5680505240326037 0.041150622455808694 0.04075293977951393
1 0.3294861883776406 0.561947954028472 0.11923908016686777 0.20565254758704868
25 0.6747544227738084 0.5398664001731591 0.04323874491161739 0.08059668977951392
6 0.9178836250578005 0.5162606735401728 0.03872498530067894 0.03913588839274311
29 0.45681997229883853 0.5145072967340274 0.025969357756487454 0.07863414627652787
29 0.7388921658764034 0.5071616965259368 0.03007700361804453 0.09745688145888884
29 0.8624524966090981 0.5019449068226729 0.0303259871097012 0.08731881525447918
29 0.9564072144969223 0.49585660135183945 0.03743912426483078 0.08904496941479181
6 0.9218208525565632 0.47091180594899223 0.038561210990419426 0.036010888392743114
25 0.22112148971169301 0.485660170593472 0.04196617198083885 0.0712035059839236
23 0.2509727640219525 0.4818441863610414 0.031189124264830958 0.08889949905006951
23 0.18933590117708227 0.48171820621267347 0.026668720601357877 0.0770898300721182
25 0.7848940626424715 0.46317465397288127 0.03247166327441171 0.05381598423243048
29 0.820255030530296 0.4584501331713187 0.04369909034363317 0.04471374116628475
6 0.4196784984181203 0.4638721703091315 0.02859971279944169 0.08415744766329851
9 0.08913998586650582 0.4602270255512152 0.17827997173301163 0.2795459488975697
6 0.4886708378572422 0.44275893009277734 0.031025349954571447 0.08577449905006951
25 0.850839967210456 0.4257460827344784 0.031895131162235656 0.05770405043684033
29 0.4610781043655856 0.43325729673402735 0.027531857756487633 0.07867051386770836
1 0.8885446850982802 0.42096701054614505 0.03970763116223601 0.05788588839274311
29 0.948741878675845 0.41878560828569367 0.04698786465389233 0.0479114763486459
19 0.1987795002271426 0.42063523584795115 0.04628850180902231 0.049455792553055745
25 0.8171167424252264 0.39922060353604094 0.04439180913596843 0.07282055737069451
1 0.7639917424252266 0.40045710163617987 0.04019895409301455 0.0672608883927431
23 0.32919734057077565 0.3739030933711455 0.04653416327441153 0.05414329255305557
19 0.4381186391912947 0.36512554578409684 0.02703721279944169 0.08412108007211802
29 0.7373340671650273 0.3433355858686105 0.043658146766068204 0.04393249116628475
1 0.39563789009580586 0.3419250883371524 0.059754537539242494 0.14262456430454867
29 0.8285732208285005 0.3295075155801382 0.045671026119281775 0.05256260875746532
25 0.79279949513876 0.327218970177291 0.02864730042954129 0.05528756525447918
25 0.2918511488022331 0.32717421694624976 0.03908683344622812 0.07581827080156253
23 0.2629448988022331 0.32784701738309 0.0295447371097012 0.08730063145888893
19 0.3453413189740496 0.3040809026417011 0.04472600180902227 0.04941942496187508