1 0.37678976666931807 0.03048809969606615 0.31607953333863614 0.04824624953778158
9 0.8606357826722612 0.21409049069578598 0.27872843465547775 0.22141932508545992
9 0.44512652207986003 0.5938903841545733 0.11505031277844928 0.8122192316908535
1 0.7318458194223141 0.6765413634196127 0.13580332936822578 0.26089569906292776
9 0.2952243300445434 0.33660405588513004 0.1083312153484993 0.11483304130365361
23 0.9890625 0.06784127949215715 0.021875 0.07876149749271755
23 0.9653255553389541 0.0694803358395056 0.02439202001113614 0.08271321159934023
23 0.8919153273392724 0.06968727282823958 0.024328385343726923 0.07724446159934022
23 0.8653710086728179 0.070476883015654 0.02436474801081765 0.08036946159934022
23 0.830242030673136 0.07179769061664368 0.024410201344681325 0.08427571159934022
23 0.8059778273392724 0.06718674696399211 0.02589088534372692 0.0772899257059629
19 0.8781613626670909 0.028675827921946794 0.04460397533418181 0.007545727038746408
19 0.8188045440006363 0.02851069187028491 0.04775624733449994 0.009980405251991776
23 0.3800340400222717 0.17506481380268882 0.021285201344681325 0.08418478338609488
23 0.3589493806890444 0.17523229836328263 0.02052213267822678 0.08572455133278352
23 0.3394090400222717 0.17388274703049914 0.01962270401018138 0.0755455692794722
23 0.32063176802195353 0.17099342775102694 0.0229386080124085 0.0920427474927175
23 0.3003738120225899 0.17508989436493208 0.021267020011135875 0.08262228338609487
23 0.27999767735518083 0.16903011097883724 0.01813292934436319 0.08175010517284945
23 0.2597215400222717 0.1715640775927424 0.022066451344681326 0.08420751543940619
23 0.23233233668840808 0.16686220572684546 0.029997130012726636 0.0945910859725196
23 0.6004129114019514 0.5227678425699303 0.03558351133831792 0.037741692399010415
23 0.6024299447405875 0.5618758066765528 0.03792726133831792 0.037809888558944495
23 0.12583579400063633 0.008347360583125832 0.043068747334499946 0.00984401293212373
23 0.1261539673376816 0.03569111058312583 0.04273294000636332 0.0481025308788124
23 0.12672667934436313 0.08490986058312584 0.04501305533895428 0.04270197703874641
23 0.14014538403086224 0.23134459138279592 0.031132368674408717 0.05791780007914227
23 0.15294537603436206 0.25748955423577735 0.02958805000795417 0.05943483597251955
29 0.1272448473504083 0.12944111058312582 0.04271475867281791 0.04654003087881238
6 0.8785599241326757 0.9897952322012868 0.023183508672817866 0.0204095355974264
6 0.840112305418496 0.6515761188298891 0.043432374005409 0.04109401293212365
6 0.8404208407463145 0.6109738508832004 0.044259077339272326 0.04502299498543501
6 0.5370738333465903 0.11325043857157961 0.047474984006999676 0.05292642319868044
6 0.6653833833943154 0.46842733504808276 0.021321564011772053 0.08730978338609496
6 0.68489645206077 0.46743313638086625 0.018941451344681327 0.08411658722616089
6 0.573278246737724 0.5399409707040332 0.022084632678226867 0.08577001543940614
6 0.6326623374044967 0.542449856755695 0.021285201344681325 0.08418478338609496
6 0.6231606154121327 0.5984043400626478 0.040234648671227016 0.03475308471887821
6 0.6087441267504506 0.6346911810497323 0.042651124005408825 0.04107128087881229
6 0.6255867287555414 0.6726685541692704 0.047356805338954186 0.04277017319868044
6 0.6869804041215399 0.9149984581676209 0.017942025342135893 0.06534385517284953
6 0.7057758574554034 0.919450277447093 0.01798747867599957 0.06925010517284917
29 0.6964912167806766 0.8598252248606684 0.04028919267186346 0.03944058471887857
19 0.6978275447962667 0.9746689748606684 0.04028919267186346 0.03944058471887857
19 0.7572025447962668 0.9763966109123302 0.04263294267186346 0.03950878087881229
6 0.12162867146717567 0.9872502760787298 0.04017101400381802 0.025499447842540233
6 0.23502645810785866 0.8011008134069775 0.03681020401018138 0.07604567445232177
6 0.2617589440642698 0.4808936134861197 0.0380090773392725 0.04484113855894432
6 0.17046014003818005 0.2861146594086269 0.03517497867599957 0.06975021034569898
6 0.4235567733529536 0.1568065587881239 0.04115225867281787 0.0464945667721897
6 0.045830668006045176 0.04584970909205775 0.044722701344681294 0.08486674498543507
19 0.3051315147994484 0.9820803772761731 0.0442590773392725 0.03583924544765367
29 0.6363798727720861 0.7948163388090065 0.026027245345317595 0.08900867570596294
29 0.8403673914305865 0.7406158867765777 0.04585794000636341 0.048193459092057724
29 0.7857991647835402 0.8835104289381611 0.02135792667886314 0.0904347833860946
29 0.7566747387809947 0.8639193429656415 0.03878123667249973 0.04408262061225585
29 0.7666769947883125 0.9180983776053777 0.01887781667727211 0.0786478372261609
29 0.7471730167886308 0.9198738262725941 0.018859635343726745 0.07708533722616089
29 0.726396892783222 0.8794390428864993 0.01811474801081765 0.08018760517284954
29 0.7583656028007211 0.9981556499896909 0.029197151336727067 0.003688700020618185
29 0.6982093528007212 0.9972577338838929 0.03232215133672707 0.005484532232214079
29 0.7075527020607699 0.4680923659268951 0.025191451344681325 0.08429844365265157
29 0.957457083465903 0.9901733169201652 0.021639190006363405 0.019653366159669616
29 0.980794586131403 0.9819034986798517 0.0241829346753633 0.03619300264029661
25 0.995219784711157 0.7233782256520912 0.009560430577685963 0.07862510517284953
25 0.9963788447246792 0.9210344756520911 0.007242310550641662 0.07550010517284918
25 0.6743096566677271 0.027430262007686907 0.03611931333545435 0.016670674452321666
25 0.6242022106938169 0.2180947144358271 0.057423243356135245 0.1695827257851052
25 0.24399599534531763 0.09535091857982692 0.03509316267504507 0.06271896034569897
25 0.1916346113542263 0.15943013895465574 0.03681020401018138 0.07604567445232169
25 0.21962489337999785 0.35002404671393006 0.04146134134309047 0.07305706677218975
25 0.2806629380569519 0.4275556648189032 0.03837270401018138 0.07609113855894431
25 0.6099440947644501 0.7378161810497323 0.036728388009226974 0.06901442445232178
25 0.24791845146399397 0.9664410054102763 0.03989884134309048 0.06711798917944733
25 0.5170389794318592 0.7405798167056827 0.0352113413430903 0.07287521034569906
25 0.8381150954407678 0.8155249585633323 0.03597441000954511 0.07133544239901042
25 0.8144690574474494 0.8640390149106807 0.03688292934436319 0.08229567445232178
25 0.9572747227879944 0.9213012486133447 0.03833634134309065 0.07296613855894449
25 0.9147872307844945 0.8942924677345324 0.031123278007635945 0.05713655007914227
25 0.6450570808004029 0.9940956299646846 0.038626695337363515 0.011808740070630819
25 0.9090377647994483 0.9909231460142849 0.036446577339272326 0.018153707971430323
25 0.09408744935549898 0.1659636322907382 0.03917213534372679 0.07767637061225567
1 0.12088904340386039 0.5197265625 0.24085992946367582 0.960546875
8 0.038195816756814036 0.6649490500791423 0.06629190272913349 0.4619293501582845
8 0.7357884320894049 0.6797800236861694 0.08602041068586282 0.14386131175762476