25 0.22400008618230097 0.696954640826665 0.041686242036904984 0.07252956493480803
6 0.7416580230422388 0.6872594557581778 0.03170429728445932 0.08874490016215582
25 0.11078745464050477 0.6559557195611909 0.046646757821920605 0.07729888555165906
6 0.17719370464050477 0.6571148449665802 0.023891797284459493 0.08860853246740419
9 0.9175339234234094 0.6649555819743462 0.1649321531531811 0.2049989659077429
6 0.15569043096298146 0.6497154021907507 0.025044773606936133 0.0816045560063543
25 0.5174322967903493 0.6162263867661799 0.03824272362105354 0.06700626785690744
6 0.47020868629524043 0.5826229541366199 0.025871526237772002 0.08239944277582971
6 0.0876769073560453 0.5673608238632619 0.027115507821920605 0.07695796631477983
25 0.05454588894019382 0.5613193295453047 0.04186825256024875 0.0756545649348082
25 0.40065504949177233 0.5408251919617554 0.043794773606936135 0.08193183847375848
6 0.07420667058081207 0.4968846826295598 0.044690144695975854 0.04370513555165907
25 0.4017555469315236 0.46592064934808164 0.03994173151356133 0.06937729139585791
6 0.8787352758848362 0.46800271549741046 0.04900591837349921 0.05080456939903506
6 0.3078312416839692 0.4478916237805364 0.04395439732681172 0.04447274878218401
6 0.05668597063728181 0.43726422077900684 0.044599139434304005 0.04214263555165907
1 0.19244146011393812 0.43651201866768635 0.17414023919430766 0.2964909906645092
9 0.9854997320653895 0.4334249383050121 0.02900053586922091 0.11259150324641087
6 0.30537409961882933 0.4057041237805364 0.04703389469597585 0.04374604586008459
6 0.055101083833813735 0.39665285754848195 0.05094014469597585 0.043814229707460496
25 0.35039119703034566 0.36122346671852174 0.04517526308359247 0.07883411201270878
25 0.9428139154603145 0.3621987747501757 0.04150423151356151 0.0694045649348082
23 0.906694404936971 0.3584464833543179 0.04004814732681154 0.0444045649348082
6 0.05463908127356498 0.32172104139585783 0.04927893415851472 0.05549206939903506
23 0.9036835260260105 0.32015159658484277 0.04249060786427279 0.03274036201270878
23 0.900809155007558 0.2842004598153676 0.04432612364928836 0.03745513555165925
1 0.6398184471009328 0.29213214204118565 0.3483413915710297 0.5672280048679686
6 0.4032061129141833 0.26302747442915947 0.046571163111827296 0.049201159090609535
23 0.8985340234657618 0.24513795981536762 0.04501636838761662 0.0359062723211343
6 0.846243481372387 0.23173793303000637 0.03179530254613141 0.09030740016215581
6 0.1110949366481763 0.2056381197233466 0.023300263083592475 0.07845228246740402
29 0.050111934017340376 0.20379320170428333 0.024953768345264304 0.08004205600635439
29 0.09073693401734037 0.20450231371699218 0.027016797284459493 0.08866307954530477
29 0.07194143138650445 0.20339378124958812 0.02458204202278762 0.08705966923687924
6 0.1320066761248326 0.20288131249917618 0.022837531499443918 0.08390739569792886
6 0.2460691761248326 0.20487228084255102 0.028670302546131322 0.09025285308425506
6 0.18742992349399668 0.20306827313191325 0.02605353676111575 0.08552444277582963
6 0.16629067086316077 0.20191883035608366 0.02518128149944392 0.08394830600635439
6 0.22488442086316077 0.2029415880667214 0.02908753149944392 0.0840164898537303
23 0.8963953998164733 0.2084192098153676 0.045979628910960454 0.039044909090609536
9 0.976607638118886 0.19981755153553699 0.046784723762227996 0.20246252678536125
25 0.3484815445830364 0.16763710795222378 0.044621526237772005 0.08272672524323363
23 0.895038026167185 0.17171409658484277 0.04657886838761662 0.03593354586008468
25 0.9319163998870605 0.13489593505860126 0.043248742036904986 0.07255683847375849
23 0.8928083972562245 0.13343284658484275 0.045979628910960454 0.039044909090609536
23 0.040578768345264304 0.08031479139585782 0.029777776237772068 0.08246762662320543
23 0.015396757821920607 0.07675341477265238 0.02678928413027985 0.08475682954530477
19 0.114387994667741 0.07457903449599897 0.02986878149944392 0.08403012662320544
19 0.14012374203690506 0.07424779788867958 0.026334257821920604 0.07694432954530475
19 0.2002344894060691 0.07451657913826767 0.02752503149944392 0.08398921631477993
19 0.17431673151356136 0.07172281574558706 0.02848829202278762 0.08712785308425511
25 0.8780864736210535 0.08166579504271522 0.04315773677523325 0.07099433847375851
25 0.9208431210184524 0.05197434090279991 0.041686242036904984 0.07252956493480815
23 0.9867642526308359 0.042223239847139694 0.02647149473832826 0.04733865016215577
19 0.024666071032569962 0.0215028530842551 0.047269113125944756 0.03438468262955986
25 0.3282005947100933 0.03382516964062106 0.03921368942018653 0.05687729139585782
23 0.8752653105092263 0.03322829504271522 0.04501636838761662 0.035906272321134344
19 0.1227850526167185 0.017752336038126516 0.04635135523343701 0.03202729586008469
19 0.18211454998588256 0.018007480518239437 0.049385349971765136 0.03051934293798537
23 0.011210515785015548 0.00487841477265238 0.022239021046687395 0.00663182954530476
23 0.03621051578501555 0.00531479139585782 0.023938028939195166 0.0090028530842551
25 0.24497711298477043 0.186122280842551 0.48995422596954086 0.372244561685102