1 0.7663222885593546 0.89198998499493 0.38121013568479184 0.18678048670097241
9 0.4220676775235067 0.8500635902370135 0.1794196636130959 0.28196178086954865
25 0.7154724395092943 0.954036696525937 0.042010437584671045 0.05715918977951375
6 0.6395683587765997 0.9581442746981939 0.041150622455808694 0.040752939779513754
29 0.5928847885593547 0.8960267876159718 0.15972688206674696 0.08486857532246539
6 0.6684480325664609 0.8388669446260757 0.046783146766068026 0.04400522634864572
6 0.8069306784280179 0.8169165966021869 0.05178822930778502 0.09484102773541672
25 0.5530044962704137 0.733872932942569 0.04439180913596861 0.07282055737069441
25 0.8026736256236273 0.7194785521492701 0.0445555834462283 0.07594555737069442
9 0.9077705613992763 0.7092294235401728 0.11280429443664772 0.11264742999586819
1 0.6742144329505736 0.6990595622172563 0.20241675033868417 0.22943684612402784
6 0.8195545884230692 0.6355938614198257 0.048014776119281774 0.05261716014423605
9 0.2115436605329927 0.5406931627096874 0.4230873210659854 0.3730641320275698
9 0.7140426520815935 0.4453163131671869 0.5378496393028364 0.2871831430454865