1 0.3366114598880193 0.9585364819370845 0.31721667490485983 0.057445562857713385
9 0.8271130789751109 0.7608391034496471 0.2883780449805343 0.2295711918392609
9 0.42150499650277784 0.40049097584123566 0.13902125699444437 0.8009819516824713
1 0.7101801773391367 0.3023503112150979 0.14328572087397742 0.26476669724210716
9 0.2640294416364116 0.6549025186982002 0.11158344022789901 0.11795261042452161
23 0.9499072973404493 0.9033311693617196 0.025058349809719615 0.07939907366340578
23 0.9257840478347408 0.9023980009176331 0.02678001730020547 0.0833963289250775
23 0.8524420483290325 0.9043314982162102 0.02655718281352506 0.07792757892507751
23 0.8259432153252269 0.9043160876646315 0.026684516805913817 0.08105257892507751
23 0.7908824658195184 0.9040199560522482 0.02684368429639985 0.08495882892507751
23 0.7665045483290325 0.9093367876081618 0.02811968281352506 0.0780185841867496
19 0.8375054564279782 0.9457300429404208 0.04478591798477751 0.00884364995764777
19 0.7781941234241726 0.947625742883951 0.04800641847906917 0.011369410480991604
23 0.34406315703600054 0.8139142266754126 0.02371868429639994 0.08477681840173404
23 0.32300124053409773 0.8143615477079825 0.023001101292594316 0.08629381577089816
23 0.3034381570360005 0.8162803634788804 0.02180601581733086 0.0760920631400623
23 0.28459265654170895 0.8197161766189428 0.025599519277371918 0.09268032366340577
23 0.26447115753029216 0.8162117450206768 0.023655017300205562 0.08321431840173403
23 0.24393582304361178 0.8228635634224108 0.020498183802108372 0.08225105787839056
23 0.22375065703600056 0.8209216318241449 0.02449993429639994 0.0848223210325699
23 0.19624773954551458 0.8264204739034022 0.032726269771663485 0.09543359734092931
23 0.5743806457044751 0.4599037479338614 0.03665242441056833 0.03876636838761662
23 0.5775348206093349 0.4207502426721896 0.03899617441056815 0.03890287628012441
23 0.08522537342417262 0.9879865764354161 0.04331891847906917 0.011096394695975675
23 0.08633954585757446 0.9606428264354161 0.04409750988583174 0.049332142065139806
23 0.0883450562376978 0.9114240764354161 0.04621842539915137 0.043999899957647415
23 0.10601667038187342 0.7646477869728773 0.032792595361095286 0.05880585260260105
23 0.11956717581908087 0.7381384948795026 0.031293762357289714 0.06027734734092931
29 0.09015956562923796 0.8668928264354161 0.04403384288963734 0.047769642065139804
6 0.8176279214076377 0.3241504455289045 0.04459225840295673 0.042346394695975856
6 0.8167538295065835 0.3647299428980685 0.04553267589344294 0.04629814732681172
6 0.49916980969773894 0.8711289452465557 0.04897601087441501 0.05429265785015538
6 0.6377136338414771 0.5123315269436437 0.023846018288788785 0.08790181840173403
6 0.6571812168452826 0.5127564611727456 0.021374934296400028 0.08464031050922624
6 0.5477690661607106 0.4435275900131188 0.024563601292594404 0.0863848210325699
6 0.6071758996588079 0.43928814006958855 0.023718684296400026 0.08477681840173404
6 0.5993116615218058 0.3836296742704556 0.041212590418179575 0.035914384172632194
6 0.585964085932374 0.3477754742563381 0.04381100840295691 0.04230089206513989
6 0.6038983438410395 0.3093199190087837 0.04856217539915129 0.04413640785015547
6 0.6722968112549758 0.06528222169608935 0.019829680342067314 0.06584480787839034
6 0.6912059787454619 0.060283908556027166 0.019988847832553346 0.06975105787839034
29 0.680192882890075 0.12015943749522233 0.04140359140676253 0.04060188417263215
19 0.6848724071103627 0.012808314790769205 0.04140359140676253 0.02561662958153841
19 0.7442474071103626 0.011113341792131016 0.04374734140676253 0.02222668358426203
6 0.10958324703425046 0.011434723069225359 0.040989755931499075 0.022869446138450718
6 0.2174090400004375 0.19231848968841783 0.03899351581733086 0.07709312101845253
6 0.23479422228249006 0.5116376370858168 0.03928267589344294 0.045934126280124235
6 0.1379006817505799 0.7090124370011122 0.03717634783255326 0.07075211575678075
6 0.3870173195835707 0.8308973293486007 0.04247134288963732 0.047678636803468066
6 0.01497911198766479 0.9528295974115164 0.02995822397532958 0.0861418973268119
19 0.29285866205327854 0.01395754223454913 0.04553267589344294 0.02791508446909826
29 0.618239369544202 0.18689888743875258 0.028597185284982986 0.0897373341867496
29 0.820475690190718 0.23513344815974038 0.047222509885831696 0.04951415258848364
29 0.7701148873386992 0.09387838757992695 0.02397335228117754 0.09102681840173403
29 0.7404446333843664 0.11431198492085615 0.040032092395345845 0.045198378910960325
29 0.752016144753073 0.05985970335082506 0.021152099809719615 0.07917156050922627
29 0.7325803952473645 0.05865351912172316 0.02108843281352506 0.07760906050922627
29 0.7106443868444077 0.0996803375234572 0.020434516805913815 0.08068855787839033
29 0.6798374668452827 0.5114368848785038 0.027624934296400026 0.08500433155591373
29 0.968226076578015 0.004138137297578259 0.026047846843970036 0.008276274595156518
29 0.9932433226236823 0.009432582050023846 0.011476010874415011 0.018865164100047693
25 0.9798785706093348 0.39731638779168843 0.005448845361095067 0.057213260523343655
25 0.9789593522439966 0.24772591146921177 0.020370849809719614 0.07912605787839029
25 0.987013227262587 0.05006966146921177 0.02024351581733086 0.07600105787839033
25 0.6337902074165613 0.9529187295885972 0.03657416996194378 0.017718121018452847
25 0.5892774979484715 0.763779905854604 0.062312952090897156 0.17119943678935065
25 0.20581905772057257 0.8975674318100275 0.03688984634967847 0.06372086575678075
25 0.155368071560737 0.8350366107068703 0.03899351581733077 0.07709312101845249
25 0.18888486159835555 0.6436912738892848 0.043553681824942014 0.07424113680346807
25 0.25212896091378356 0.5644063213149186 0.04055601581733077 0.07718412628012442
25 0.5901661076812039 0.24465047425633815 0.03870701433445607 0.07006187101845249
25 0.23519074209133461 0.03039388431380649 0.04199118182494201 0.06078776862761298
25 0.49742019216788425 0.24459653732581313 0.037303681824942106 0.07387711575678066
25 0.8204067060080487 0.16031545868308408 0.03802126482874755 0.07236011838761662
25 0.798193466388172 0.11250729023899772 0.03924818380210837 0.08334312101845254
25 0.9425456442587814 0.051100811426859474 0.0404286818249421 0.07405912628012437
25 0.8993076388215739 0.07933920349199938 0.032760761862997964 0.05802460260260105
25 0.05809382353790336 0.831349439561361 0.04140093281352519 0.07879212891096046
1 0.1148357916254757 0.4802734375 0.2296715832509514 0.960546875
8 0.028312030503914988 0.33416289739739896 0.056624061007829976 0.4637054552052021
8 0.7142137613315255 0.2989977980609183 0.09013686315559237 0.14632053413027987