25 0.48203125 0.18046875 0.06171875 0.125
6 0.45703125 0.34921875 0.071875 0.075
9 0.1515625 0.35078125 0.303125 0.2015625
29 0.3765625 0.40625 0.09765625 0.1734375
23 0.53203125 0.41796875 0.04296875 0.04375
6 0.46015625 0.43203125 0.0671875 0.0765625
23 0.60234375 0.4359375 0.0265625 0.08984375
23 0.53046875 0.4609375 0.0421875 0.0453125
23 0.33515625 0.55078125 0.04375 0.0453125
1 0.45546875 0.5515625 0.07734375 0.14140625
6 0.51796875 0.55390625 0.02578125 0.08671875
6 0.55390625 0.5578125 0.04140625 0.13984375
9 0.2515625 0.58125 0.10703125 0.11640625
9 0.028125 0.58359375 0.05546875 0.11171875
6 0.45859375 0.6765625 0.06640625 0.0796875
25 0.01953125 0.68125 0.03671875 0.06796875
19 0.60546875 0.684375 0.07734375 0.078125
29 0.3765625 0.68828125 0.0984375 0.16484375
23 0.53203125 0.6890625 0.040625 0.03671875
23 0.53203125 0.72890625 0.03984375 0.03671875
23 0.20546875 0.73203125 0.04609375 0.05
9 0.1171875 0.740625 0.07265625 0.2546875
6 0.4546875 0.75625 0.071875 0.0703125
29 0.5296875 0.7671875 0.046875 0.0484375
19 0.603125 0.775 0.07734375 0.0796875
9 0.00234375 0.81640625 0.0046875 0.2015625
23 0.2671875 0.82890625 0.04296875 0.0453125
23 0.19453125 0.85234375 0.025 0.08359375
25 0.2359375 0.8640625 0.0390625 0.078125
23 0.17109375 0.89375 0.02109375 0.08125
28 0.39609375 0.90390625 0.059375 0.11640625
23 0.26953125 0.91015625 0.04375 0.046875
6 0.484375 0.92265625 0.075 0.08125
23 0.26796875 0.95625 0.04375 0.04296875
6 0.08828125 0.965625 0.0390625 0.06875
25 0.184375 0.96796875 0.0375 0.0640625
23 0.0078125 0.975 0.015625 0.046875
9 0.6375 0.91875 0.153125 0.16171875
23 0.37890625 0.9953125 0.03828125 0.00859375
1 0.46484375 0.99296875 0.0609375 0.0140625