1 0.238993567554688 0.9109375 0.3822495998305907 0.178125
9 0.5829563991811888 0.8648682988012177 0.18104268657758915 0.2702634023975644
25 0.2901990227598901 0.9737432374180983 0.04233868942018652 0.052513525163803365
6 0.3661167806523979 0.9796189107121673 0.041383134172632195 0.04052558847375849
29 0.412431067554688 0.9172104139585782 0.16020102360693614 0.0839637171255589
6 0.33654413076533735 0.8604734443973875 0.04703389469597585 0.04374604586008459
6 0.1979520676252752 0.8393233729697573 0.052335315700310935 0.09456820616851047
25 0.4513585177099797 0.7547746436660387 0.04481124203690499 0.07258411201270895
25 0.2016392387707846 0.7418307642034595 0.044993252560248734 0.07570911201270895
9 0.09649671246242537 0.7321909370937867 0.11344712094786535 0.11202448741809831
1 0.3299616598457068 0.7206569679363378 0.20372975768074628 0.2283273717519414
6 0.18427045727134067 0.6580188258918568 0.048315673635171044 0.052353432629559826
9 0.7895197386424794 0.559498694394092 0.4209605227150412 0.3706178319776415
9 0.2886563074548673 0.467068317774182 0.5394544260542454 0.284136635548364