1 0.9044031338196963 0.9175786067344077 0.19119373236060752 0.1648427865311845
9 0.611771643919517 0.8638171776565366 0.12184969710093281 0.2723656446869267
29 0.08881082800744453 0.9884517096184396 0.024802578925077735 0.023096580763120756
19 0.764129346423296 0.9997229050301245 0.0444780420933748 0.0005541899397510264
25 0.16050381748410084 0.985896044744028 0.03844784997176513 0.02820791051194398
29 0.11105755432992122 0.981823732852936 0.02323237364928845 0.03635253429412799
6 0.18996380432992122 0.9825055713266945 0.02479487364928845 0.034988857346611016
25 0.4233300411757416 0.9803745220158564 0.04092040258848364 0.039250955968287114
6 0.9467675411757416 0.9849360214053009 0.04248290258848364 0.030127957189398202
29 0.30991228328323384 0.9770830165373322 0.03181841837349921 0.04583396692533555
29 0.3700230306523979 0.9768131453926511 0.03503442363517104 0.046373709214697814
29 0.1319769990823668 0.9654028575484819 0.027532736775233203 0.06919428490303617
23 0.062127230666515335 0.959375 0.017232273606936133 0.08125
25 0.7133712122506639 0.9637805637153445 0.04186825256024882 0.07243887256931103
25 0.265623956988992 0.9560120409888206 0.04012374203690507 0.07250229139585755
25 0.15741734386304723 0.9205636903401976 0.04361276308359248 0.0788068384737585
25 0.09326383860137541 0.9178829752432336 0.04150423151356135 0.06940456493480837
25 0.4070988254471958 0.9194587065722519 0.03512542889684287 0.053684107548482275
29 0.32989928861549284 0.9071848031636854 0.03023280254613132 0.09028012662320535
19 0.7215407570454617 0.9046554614402208 0.0455168973268119 0.04450002232113448
25 0.2214497517837899 0.894365428976112 0.03424546835938171 0.06537558400953145
25 0.9945254963055788 0.9042323161460335 0.010949007388842347 0.07254320170428344
29 0.12026668338205586 0.8723074224832901 0.045289384172632154 0.04059377232113448
29 0.3014711807512199 0.8746899030015296 0.03170429728445949 0.08874490016215582
23 0.9521691307653374 0.8712192187438212 0.04188366311182747 0.04911933847375849
29 0.425978357087814 0.8550104228870319 0.032485547284459314 0.08875853693163087
29 0.20608308604112663 0.844928490664509 0.04795165258848364 0.04610343262955965
19 0.6848983307794547 0.8517253303527884 0.029550263083592477 0.07856137662320535
25 0.8066368228869469 0.8515089163909149 0.04195925782192056 0.07721706493480802
1 0.3446072597468849 0.8247132224005647 0.04228548151356133 0.06941820170428344
6 0.171860004485213 0.820136996346552 0.026516268345264306 0.08006932954530477
23 0.7092234965927051 0.827175343745469 0.027206513083592298 0.07852046631477982
29 0.3900639729151819 0.8145802917995996 0.031886307807803146 0.09186990016215582
23 0.947876472915182 0.8243169452048711 0.044735647326811546 0.04448638555165942
29 0.1293616913451508 0.800664247564368 0.033577610424521696 0.10750853693163087
25 0.7621741913451509 0.8117100308392559 0.04205026308359248 0.07877956493480838
6 0.21438143345264304 0.7998069054371616 0.04239189732681172 0.04444547524323354
1 0.060634807172518644 0.7596613721589786 0.04778286554501918 0.25760399431795716
23 0.6816375519108469 0.7689401038917387 0.030050792022787577 0.08715512662320535
1 0.24818801507914384 0.7504478336024946 0.03925148677523325 0.07092615462638267
23 0.797361262448308 0.759253232543539 0.045971923635170955 0.05231252232113448
29 0.10113100455580015 0.7447591209411626 0.023398973621053587 0.06674716923687925
6 0.7156562361399488 0.7500225085181214 0.028078768345264394 0.08009660308425506
29 0.16386622298576908 0.7364886992686513 0.055528934158514696 0.055601163554836394
9 0.9212537634942464 0.7469868319743462 0.15749247301150718 0.11359271590774292
23 0.5890181414298554 0.7197156254020941 0.051266368387616626 0.03601536647693564
29 0.28139535722898834 0.7042001249983523 0.04744341837349921 0.050777295860084594
25 0.33217660722898834 0.7050865150142384 0.034662697312694314 0.059139220779006865
25 0.380250086182301 0.699681994721699 0.04246749203690507 0.07254320170428344
29 0.2074573282897932 0.6943245186676863 0.04864189732681172 0.04455456939903506
29 0.12354505987394174 0.6873966343338431 0.03422235253201391 0.10517842370110611
25 0.08935977567307471 0.6766540032464109 0.039805223621053584 0.0670335413958579
23 0.6088455230422388 0.684941204947399 0.0462981473268119 0.04451365909060954
29 0.5493872230563562 0.6690746972367612 0.043036639434303935 0.042115362012708955
6 0.7570632151638484 0.6703583279171564 0.02986878149944392 0.08403012662320535
23 0.8053796178229191 0.6423248311635673 0.047352413111827474 0.04921479586008459
29 0.584657594145396 0.6314480121715693 0.046942889434303935 0.04218354586008459
25 0.24554959151456002 0.6247484042193456 0.04205026308359248 0.07877956493480802
25 0.4117738309912163 0.6245280361175568 0.03622519731269449 0.059166494317957154
25 0.07891582836038039 0.6179375223211343 0.03856124203690505 0.07247501785690744
29 0.13075904942118521 0.6102574358759707 0.04450042889684287 0.05384774878218401
25 0.1993270388978415 0.6083324715897857 0.041087002560248734 0.07564092816533297
29 0.05076073628112303 0.5901301221589785 0.03536064732681177 0.04432274431795715
23 0.7655134810194512 0.6010452662287591 0.04702618942018653 0.057013659090609535
6 0.5673111994494201 0.5882201635515412 0.041383134172632195 0.04052558847375849
1 0.6738419205102248 0.5814946509696395 0.12042443401734033 0.2050205109570488
25 0.32849162315517827 0.5614183356310894 0.04370376834526431 0.08036933847375849
6 0.085257562645952 0.5392221870937867 0.0389483789109603 0.038922178165332964
29 0.5462482705525773 0.5347815178536122 0.026425263083592297 0.07850682954530477
29 0.2641715179217413 0.5290773940730759 0.030642326223654592 0.09731137662320535
29 0.1405975100292335 0.524579034495999 0.03083204202278762 0.08716876339268058
29 0.046619996875053894 0.5190363721589786 0.03795429728445947 0.08885399431795715
6 0.08105591005746839 0.4938824135548364 0.0387663683876166 0.03579717816533297
25 0.7817461547957965 0.5045520957740639 0.042376486775233244 0.07098070170428343
23 0.7518766442724528 0.5009088985340074 0.03170429728445949 0.08874490016215582
23 0.8135043890107809 0.5004237033225458 0.02711550782192056 0.07695796631477983
25 0.21791887322576545 0.48534498498246637 0.03278167889684287 0.053643197240056395
29 0.1825351100715858 0.4808250803560837 0.043954397326811764 0.04447274878218401
6 0.5830888469174063 0.48391449309684587 0.02908753149944392 0.0840164898537303
9 0.9118082972138722 0.4782504687438213 0.17638340557225546 0.27840919236879247
6 0.5139825311465082 0.46319684415250606 0.031522286761115834 0.08561990016215582
25 0.1517632522073129 0.44828926988550233 0.03222794205102249 0.05753581047058134
29 0.541515996945641 0.4535315178536122 0.027987763083592476 0.07853410308425524
1 0.11403573905313329 0.44372845495069424 0.04004044205102249 0.05767217816533297
29 0.053833986422297364 0.4418971737011061 0.047261407850155465 0.04765229586008459
19 0.8037051838055789 0.43937710916674444 0.04657116311182748 0.049201159090609535
25 0.18532691012805555 0.421559174511885 0.04481124203690508 0.07258411201270878
1 0.23845191012805556 0.42248647483619656 0.04058647362105354 0.06704717816533297
23 0.6730320364787671 0.3933906789728166 0.04684417889684287 0.05388865909060954
19 0.5640742654320797 0.38524516801576797 0.02752503149944392 0.08398921631477982
29 0.2647722154461971 0.36519217207625304 0.04390889469597585 0.043691498782184014
1 0.606413683876166 0.3617900771063775 0.06057972618130236 0.1423199135548364
29 0.17346467598365828 0.3518915568171333 0.04597192363517104 0.0523125223211343
25 0.20922016546031458 0.34939384821299113 0.028966434158514697 0.05513751339268058
25 0.7101001259977757 0.34642990421605024 0.03952450256024882 0.07561365462638267
23 0.7390063759977756 0.3469344646866316 0.030050792022787577 0.08715512662320543
19 0.6564823023343698 0.32364124066121386 0.045008663111827295 0.049173885551659156