9 0.7984375 0.78359375 0.3671875 0.38203125
9 0.5328125 0.58203125 0.16484375 0.83515625
9 0.6375 0.07421875 0.153125 0.1484375
1 0.465625 0.034375 0.0609375 0.06875
1 0.33515625 0.303125 0.0734375 0.13828125
23 0.37890625 0.04609375 0.0375 0.03671875
23 0.37890625 0.0140625 0.03828125 0.028125
23 0.409375 0.25625 0.02421875 0.075
23 0.28359375 0.03125 0.0484375 0.0546875
23 0.2328125 0.16171875 0.03125 0.053125
23 0.37421875 0.96484375 0.046875 0.053125
9 0.6328125 0.2828125 0.04140625 0.21015625
6 0.08828125 0.00390625 0.03828125 0.00703125
6 0.27109375 0.234375 0.03671875 0.06328125
6 0.3640625 0.45625 0.0390625 0.0765625
6 0.21640625 0.128125 0.03828125 0.06796875
6 0.35703125 0.77265625 0.040625 0.08671875
6 0.328125 0.8265625 0.046875 0.09140625
6 0.28828125 0.903125 0.04765625 0.09140625
6 0.2609375 0.95703125 0.04140625 0.08203125
29 0.48203125 0.134375 0.07421875 0.06875
25 0.18515625 0.003125 0.0375 0.00625
25 0.184375 0.04375 0.03828125 0.06875
25 0.31953125 0.19375 0.0375 0.0734375
25 0.40859375 0.17890625 0.0390625 0.071875
25 0.38828125 0.51875 0.0390625 0.0765625
25 0.23359375 0.990625 0.0390625 0.01875
1 0.175 0.51953125 0.35 0.96015625
8 0.0921875 0.6640625 0.184375 0.46015625