25 0.5297635097468849 0.82794513676618 0.06899917093374804 0.12607730478853832
6 0.4949349414863251 0.6587587601429744 0.07624325256024882 0.07625458279171564
9 0.18937518622465327 0.651864283278183 0.3148646787556685 0.206853566556366
29 0.4111444994353026 0.6003229228870319 0.10775783404557533 0.17514209618439622
23 0.5659307099727637 0.5913178900125907 0.045516897326811724 0.0445000223211343
6 0.49323666261771715 0.5760008072208751 0.07164675782192056 0.0777352621748646
23 0.6351966494635375 0.574576449265356 0.03179530254613141 0.09030740016215581
23 0.5618655652767879 0.5483218664736403 0.04482665258848364 0.04604888555165907
23 0.3613202627306566 0.4550689241048479 0.04638915258848364 0.04607615909060954
1 0.48158726009982067 0.45638773660402415 0.08557972618130236 0.14275629017804192
6 0.5439507522073128 0.4551349281620377 0.030832042022787574 0.08716876339268058
6 0.5796607390531333 0.45185596955789553 0.04955122091963062 0.14056649878218402
9 0.27595191012805553 0.42314103977100476 0.11381114199455275 0.11827448741809832
9 0.05237790223554778 0.4168971737011061 0.061975626209537206 0.11268696063273716
6 0.4774318391660728 0.33144228368192474 0.07104751834526439 0.08084662540538945
25 0.03809632338105721 0.31909091923687927 0.04067747888272544 0.06860967816533296
19 0.6238518128577135 0.3261934963432568 0.0818940130835923 0.07947504017804174
29 0.39471804970353386 0.3182916728870319 0.10803855510638005 0.16656198295387145
23 0.550141297072698 0.32022414001259075 0.04276362364928836 0.03742786201270878
23 0.5478206629000658 0.28038039001259074 0.04198237364928836 0.03741422524323372
23 0.22107615237672212 0.27155522037196966 0.04900591837349921 0.05080456939903506
9 0.13229437343752695 0.26142051542127553 0.08749010765251142 0.2559557195611908
6 0.4688843208208084 0.25168659983454894 0.07597023677523325 0.07156708279171564
29 0.5432472839891055 0.24205822970416527 0.0496961631118273 0.0492557061685102
19 0.6162297576807463 0.23552758603483123 0.0819850183452644 0.08103754017804184
9 0.013036868246442266 0.1836346603084255 0.016427178755668532 0.201644320616851
23 0.27715257615306743 0.17575752516050813 0.04560790258848364 0.04606252232113435
23 0.20313124722798973 0.15105180559931733 0.02986878149944392 0.08403012662320544
25 0.24385495776545088 0.14005580438150134 0.04361276308359248 0.0788068384737585
23 0.17728210779368575 0.10923645251506224 0.025826023606936133 0.08161819277582963
28 0.40169057359281873 0.10300759212391117 0.06615489199455275 0.11744264448011292
23 0.27476405254613134 0.09454843546893364 0.04648015785015547 0.04763865909060951
6 0.4888797604527565 0.0857985470746054 0.07973227360693613 0.0825591298696163
23 0.2705168973268118 0.04842741192998331 0.046252644695975856 0.04373240909060951
6 0.09028336575678067 0.03591595495069421 0.04306673151356135 0.0694318384737585
25 0.1862406078642729 0.03524952759614012 0.0412312157285458 0.06471706493480815
23 0.009268584186749586 0.0251363676947517 0.01835515785015547 0.0471477353895034
9 0.6422322736069361 0.09237760389173871 0.1625440445830364 0.1643915568171333
23 0.3791792657850156 0.011301333195457444 0.0387817789391951 0.009261951704283327
1 0.46525327367752334 0.015145127837726143 0.06175654735504672 0.015126168019063257