4 0.6527749707624343 0.8886819243410427 0.19954369665368965 0.1534721524473092
2 0.6564305058571369 0.7224576848643863 0.1169367850947026 0.17282212094786545
2 0.6580287924347143 0.5493387032802379 0.11390728558899425 0.1749838604245216
2 0.6673122450199032 0.3788896953877301 0.11403461958138301 0.17810886042452162
2 0.6750013641069945 0.2093129427568942 0.11277586710992508 0.16634460779368573
2 0.6785932322055028 0.06602606411541342 0.11078228558899425 0.13205212823082685
9 0.06924480073268902 0.8060687185005561 0.13848960146537803 0.22301881299888784
9 0.1626420606863221 0.8860530791368392 0.062246626501465306 0.20782718152767893
1 0.31732683247233295 0.37978912663306025 0.0386433473382616 0.06849937101845258
1 0.31464879593193656 0.15859666609559908 0.057089599809719616 0.08126468152767882
1 0.17670183247233298 0.3879796001835267 0.03864334733826165 0.06849937101845249
1 0.07716870057084128 0.22932420797721237 0.040301347832553215 0.07093412628012441
28 0.43265599110275144 0.030354889663712303 0.07293743429639984 0.06070977932742461
23 0.00546875 0.003125 0.0109375 0.00625
23 0.08901873764271032 0.05326994219219683 0.043970175893442966 0.046207142065139914
23 0.6033584688596301 0.11216419794797887 0.04481509288963732 0.04781514469597585
23 0.5956056827763442 0.2833034505788148 0.04650492688202625 0.05103114995764768
23 0.589542730685447 0.4512266979479788 0.04982092787060939 0.05590066048099125
23 0.5826030281002584 0.6215391979479788 0.04500609387822045 0.052502644695975854
23 0.5782126639560827 0.767541942686307 0.04669592787060921 0.05571864995764777
23 0.4577834643366437 0.9304353267883521 0.02674818380210837 0.08261507892507751
23 0.4795483763899222 0.9509907504941101 0.028058674410568328 0.0382658394484217
23 0.013022340124557313 0.9587610789956649 0.026044680249114625 0.07806408681758548
6 0.10075221433664364 0.9512300290803696 0.04315443380210837 0.08357063417263219
6 0.354789681787761 0.3020057608762795 0.027561267300205562 0.08344183155591374
6 0.28771492832771983 0.3222797344973331 0.04084517589344294 0.04602513154179624
6 0.21030751133152545 0.3283469949500897 0.04644125988583179 0.04946864995764777
6 0.11273217437338716 0.35117682117374427 0.043874675399151374 0.043863392065139985
6 0.1726615671864748 0.06632440806191697 0.03015968528498312 0.08982833944842143
6 0.28495332015222435 0.045755031852379766 0.023623183802108372 0.08243306840173403
29 0.02191085619832916 0.28476213687405527 0.030940935284983123 0.08987384207925739
29 0.01745941403044487 0.04973468949077374 0.03491882806088974 0.053655621018452525
29 0.06967583003805608 0.014168915813250416 0.04189833992388783 0.02833783162650083
29 0.11342583003805609 0.012951720438389432 0.04580458992388783 0.025903440876778865
6 0.020966416007611215 0.0028064815841485286 0.02056716798477757 0.005612963168297057
29 0.11328527270023196 0.28021957906625206 0.041817426882026124 0.0507581341726322
29 0.17809718920213477 0.27722411070687036 0.027034685284983116 0.08964632892507769
29 0.16840255973491997 0.4960196133377062 0.02990501730020556 0.08357833944842134
29 0.20497407110362648 0.4401112475809256 0.043970175893442945 0.0462071420651398
29 0.2512693868444075 0.12643588445498083 0.027465766805913994 0.08109808155591365
29 0.34113965315602995 0.04407575542049298 0.029314768288788783 0.08815151084098596
29 0.4578523092778094 0.08712494254513267 0.04602742441056815 0.03931239995764768
29 0.4311532050194655 0.1876632688393745 0.0480037598858317 0.04955965521931951
29 0.4191506121298282 0.2335673030402415 0.046999675399151467 0.04404540258848364
29 0.41795818524780215 0.2819593004094056 0.04218484140676253 0.040647386803468064
23 0.3967874752854207 0.0937991477503348 0.04403384288963732 0.047769642065139915
29 0.326407355209746 0.27170361084804473 0.028469851292594318 0.0866123341867496
29 0.3523438196207517 0.43854250035293585 0.0474771778706093 0.05576415258848364
29 0.28619223760552925 0.4361602239739894 0.045723676882026075 0.050985647326811726
29 0.24469314570447506 0.47910585814662154 0.04910334486680377 0.05741765785015538
25 0.5045987504199294 0.7570209426157198 0.04006126730020547 0.08416987364928837
25 0.3966615054000264 0.3455513635494678 0.04042868182494201 0.07405912628012441
25 0.4820909639167141 0.14260910309671124 0.0388661818249421 0.07396812101845254
25 0.43234563190149167 0.1392712714702104 0.038802514828747546 0.07240562101845253
25 0.3910202949433534 0.15882490827367848 0.037017180342067225 0.06684586575678067
25 0.3576865301146058 0.23091201087627952 0.033701179353484004 0.06197635523343701
25 0.2830287228139627 0.11211577922154385 0.031915844866803676 0.05641659997176514
25 0.3162815746008486 0.028154806064084527 0.037017180342067225 0.056309612128169054
25 0.30033558102663926 0.0026560211878617346 0.03370383794672147 0.005312042375723469
25 0.25110490216744674 0.05396164497832453 0.045370849809719616 0.08058214206513992
25 0.20274299802283363 0.003971562588233961 0.035920253954332716 0.007943125176467922
25 0.24493049802283365 0.002799869844208905 0.039826503954332716 0.00559973968841781
25 0.13723081418354424 0.4767914712019792 0.04224584980971961 0.08040013154179633
25 0.15291811707274408 0.22569170278612768 0.04240501730020556 0.08430638154179623
25 0.08532209878395536 0.3161416685146735 0.033637512357289664 0.06041385523343692
25 0.0389935854380825 0.3819710658414853 0.04218218281352518 0.07883763154179615
25 0.004558871521368366 0.45547645527578934 0.009117743042736732 0.057797089448421345
25 0.006275221825379528 0.30556746053746114 0.012550443650759056 0.07949007892507769
25 0.009504992585626192 0.10717546316829707 0.019009985171252384 0.07627407366340586