6 0.74375 0.4734375 0.0375 0.04375
23 0.40703125 0.50546875 0.03515625 0.03671875
6 0.4328125 0.5234375 0.02109375 0.08515625
6 0.3734375 0.52421875 0.0203125 0.08359375
25 0.0015625 0.54453125 0.003125 0.05703125
23 0.40390625 0.54453125 0.0375 0.03671875
6 0.38359375 0.58046875 0.03984375 0.03359375
6 0.16640625 0.58671875 0.04375 0.04375
1 0.88046875 0.50546875 0.2390625 0.9890625
6 0.3984375 0.6171875 0.0421875 0.03984375
6 0.1671875 0.62734375 0.04296875 0.03984375
1 0.27578125 0.65546875 0.1328125 0.25703125
6 0.38203125 0.65625 0.046875 0.04140625
25 0.00859375 0.69453125 0.0171875 0.078125
29 0.16796875 0.71640625 0.0453125 0.046875
25 0.3984375 0.7203125 0.0359375 0.06796875
25 0.49296875 0.72734375 0.034375 0.071875
9 0.56171875 0.58828125 0.10546875 0.8234375
29 0.37265625 0.7765625 0.025 0.08828125
25 0.17109375 0.79140625 0.03515625 0.0703125
6 0.77421875 0.79453125 0.0359375 0.075
29 0.31328125 0.83984375 0.03984375 0.03828125
25 0.1953125 0.840625 0.0359375 0.08125
29 0.253125 0.8421875 0.03828125 0.04296875
29 0.28359375 0.85859375 0.0171875 0.0796875
29 0.22421875 0.8609375 0.0203125 0.08984375
25 0.0953125 0.86796875 0.03046875 0.05625
25 0.00859375 0.8921875 0.0171875 0.075
25 0.053125 0.89375 0.0375 0.071875
6 0.32421875 0.8953125 0.0171875 0.06484375
29 0.24375 0.89609375 0.01796875 0.078125
29 0.26328125 0.8984375 0.01796875 0.0765625
6 0.3046875 0.89921875 0.0171875 0.06875
29 0.0046875 0.94921875 0.009375 0.0515625
19 0.25625 0.9546875 0.0421875 0.03828125
19 0.31328125 0.9546875 0.03984375 0.03828125
25 0.7640625 0.9625 0.0390625 0.071875
29 0.03046875 0.96796875 0.0234375 0.0640625
19 0.70625 0.97890625 0.04375 0.0421875
25 0.10234375 0.978125 0.0359375 0.04375
29 0.05390625 0.9765625 0.02109375 0.046875
6 0.1328125 0.97734375 0.02265625 0.0453125
25 0.36640625 0.98515625 0.03828125 0.0296875
6 0.88984375 0.9859375 0.03984375 0.028125
29 0.253125 0.9875 0.02890625 0.025
29 0.31328125 0.9875 0.03203125 0.025
29 0.07578125 0.99140625 0.0234375 0.0171875
23 0.00625 0.996875 0.0125 0.00625
1 0.6234375 0.01953125 0.315625 0.0390625
25 0.32578125 0.0078125 0.0359375 0.015625
23 0.87421875 0.0046875 0.04296875 0.00859375
19 0.121875 0.003125 0.04453125 0.00625
19 0.18125 0.0046875 0.04765625 0.00859375
23 0.87421875 0.03203125 0.0421875 0.046875
23 0.0109375 0.0390625 0.021875 0.078125
23 0.0359375 0.04140625 0.0234375 0.08203125
23 0.10859375 0.04375 0.0234375 0.0765625
23 0.19453125 0.04375 0.025 0.0765625
6 0.9546875 0.04453125 0.04375 0.08359375
23 0.1359375 0.0453125 0.0234375 0.0796875
23 0.17109375 0.04765625 0.0234375 0.08359375
23 0.87421875 0.08125 0.04453125 0.04140625
25 0.75703125 0.08828125 0.034375 0.06171875
6 0.4640625 0.09765625 0.046875 0.0515625
23 0.87421875 0.12578125 0.0421875 0.0453125
6 0.578125 0.14609375 0.040625 0.0453125
25 0.81015625 0.15390625 0.0359375 0.075
23 0.76953125 0.16015625 0.02890625 0.09375
23 0.721875 0.1609375 0.0171875 0.08125
23 0.68125 0.16171875 0.021875 0.09140625
25 0.9078125 0.16328125 0.03828125 0.0765625
23 0.621875 0.1640625 0.0203125 0.08359375
23 0.6625 0.1640625 0.01875 0.075
23 0.7421875 0.1640625 0.02109375 0.08359375
23 0.64296875 0.16484375 0.01953125 0.08515625
23 0.70234375 0.16640625 0.0203125 0.08203125
25 0.234375 0.36796875 0.46875 0.73515625
9 0.13984375 0.1890625 0.2796875 0.21328125
25 0.378125 0.2 0.05546875 0.16796875
23 0.8625 0.22734375 0.03046875 0.05703125
23 0.85 0.253125 0.02890625 0.05859375
6 0.8328125 0.28125 0.034375 0.06875
9 0.70859375 0.328125 0.10703125 0.11171875
25 0.78515625 0.34375 0.040625 0.071875
25 0.72421875 0.41953125 0.0375 0.075
29 0.2984375 0.44765625 0.02421875 0.08359375
6 0.321875 0.44765625 0.01796875 0.08359375
6 0.34140625 0.44921875 0.0203125 0.08671875