28 0.622867309591593 0.987640904929189 0.07148786312594488 0.02471819014162193
25 0.7564155569607571 0.9881858307606493 0.03486011838761662 0.023628338478701494
29 0.677554809591593 0.9882409227860964 0.04336286312594488 0.023518154427807046
25 0.8536622832832338 0.981801338775741 0.03806841837349921 0.03639732244851786
25 0.8111107622365464 0.9753614125380675 0.04265720783603797 0.04927717492386492
29 0.5903810332832338 0.9816247070802244 0.04381788943430394 0.03675058583955106
23 0.9520241885731405 0.9625300113574952 0.025370997298576725 0.07380569277582971
23 0.9917188324654553 0.9594912929148325 0.01656233506908933 0.08101741417033495
29 0.9746349359423047 0.9606743840269178 0.024263523606936132 0.0786512319461643
6 0.6871881438489298 0.9446395332748878 0.04207337891096028 0.03897672524323355
29 0.6370971385872579 0.9422042800284768 0.06186993942018652 0.05727275771063774
29 0.5877873833255861 0.9397826635515412 0.046252644695975856 0.043732409090609534
29 0.7784200886013755 0.9298424220729578 0.04909692363517113 0.05236706939903506
29 0.922777033353821 0.9159726111953393 0.028306281499443742 0.08400285308425523
1 0.7287995201996413 0.9086844423654972 0.041761836746998425 0.10062729139585791
25 0.8096554070736965 0.8765361899298652 0.046047518345264396 0.08041024878218402
1 0.6279503807653374 0.8655599594116257 0.06382655254613141 0.09086650771063773
25 0.9087530597327674 0.8493890831921622 0.04022245257436623 0.06079717816533296
6 0.7616505465785878 0.8429191205308303 0.04951415258848364 0.04613070616851047
29 0.5651472729010644 0.8324650413925625 0.0455168973268119 0.04450002232113448
6 0.6940612281768537 0.8214474951254408 0.029959786761115836 0.08559262662320535
6 0.598309112420073 0.7854360827884204 0.026425263083592478 0.07850682954530477
25 0.9050673466350576 0.7861078331921622 0.04481124203690499 0.07258411201270895
1 0.9683830628577134 0.7767385616818068 0.06323387428457324 0.25955800649282174
25 0.6680377834949953 0.7632395288106608 0.033009192051022394 0.057549447240056395
1 0.7576540203408157 0.7609015073003054 0.0728298262236546 0.09804776217486477
29 0.561332757186636 0.7535724281620377 0.04578991311182747 0.049187522321134304
25 0.909747870383168 0.7190703376563891 0.047154992036904986 0.0726250223211343
1 0.6222023677523321 0.7132707564895264 0.04212585779368574 0.10687729139585792
6 0.6686377519955513 0.679741236196987 0.039820634172632194 0.04049831493480802
29 0.7027096441312785 0.6483372775928448 0.03601236568619352 0.10911194724005639
25 0.9235758809770989 0.648290233354318 0.04150423151356151 0.06940456493480802
6 0.5813883809770989 0.6423173283241935 0.044690144695975854 0.04370513555165907
9 0.25620637045375516 0.6335194322225227 0.44087968913783787 0.36046158197764167
25 0.8596120915145601 0.6354669050268292 0.03521643415851443 0.055246607548481916
29 0.4819498230987085 0.6234115953703221 0.03257655254613141 0.09032103693163088
29 0.6649975415286775 0.617241236196987 0.04335515785015538 0.04758411201270896
29 0.5421592810053337 0.6119752633893853 0.0373396472562245 0.11850058400953163
25 0.8902782625894823 0.6125885125753111 0.04012374203690498 0.07250229139585791
29 0.6147322310194512 0.5984133697200513 0.028397286761115838 0.08556535308425506
29 0.9976311293569078 0.5802999383050121 0.0047377412861845155 0.0823858060063543
29 0.9655743942018656 0.578782302753353 0.025044773606936133 0.08160455600635448
6 0.9452163915710298 0.5776464967469985 0.025090276237772 0.0823858060063543
6 0.9857958889401939 0.5775743587597073 0.024400031499443742 0.08393466923687924
6 0.6839148705243423 0.5668418157422919 0.04248290258848364 0.046007975243233544
28 0.5656507179358587 0.5195110738599666 0.06812691567207611 0.12450116801906326
25 0.635045460043351 0.5183809963432567 0.043248742036904986 0.07255683847375849
28 0.6875488337632266 0.4818355702065187 0.06648111568619353 0.1096437812495882
25 0.6368362022214302 0.4419275904990581 0.04343075256024882 0.07568183847375849
23 0.5615176838055789 0.4351497106294418 0.048315673635170954 0.052353432629559826
6 0.5986081601280555 0.4287730255642499 0.029777776237772002 0.08246762662320535
6 0.7002014812312127 0.3774753526739227 0.026925792022787574 0.08710057954530477
23 0.6511801523061349 0.35320600973593735 0.04404540258848364 0.04603524878218401