6 0.78828125 0.0171875 0.028125 0.034375
6 0.65859375 0.05625 0.01953125 0.05
6 0.68984375 0.06328125 0.01640625 0.05234375
6 0.7125 0.07734375 0.01796875 0.05
23 0.5359375 0.08828125 0.0515625 0.05
1 0.8796875 0.15859375 0.08125 0.1546875
23 0.5359375 0.140625 0.0515625 0.05
19 0.57265625 0.3875 0.09140625 0.20234375
10 0.41015625 0.37109375 0.09453125 0.19140625
6 0.14765625 0.359375 0.03828125 0.14140625
10 0.2359375 0.3828125 0.09765625 0.178125
23 0.7671875 0.51875 0.053125 0.04453125
19 0.5640625 0.51171875 0.0578125 0.046875
19 0.40546875 0.5015625 0.06171875 0.05234375
19 0.24609375 0.509375 0.059375 0.046875
9 0.9125 0.64453125 0.175 0.4890625
23 0.76796875 0.57890625 0.0578125 0.05
23 0.515625 0.621875 0.028125 0.09453125
23 0.6796875 0.640625 0.0328125 0.09453125
23 0.35078125 0.61015625 0.0265625 0.10234375
1 0.76875 0.65625 0.04453125 0.084375
20 0.63125 0.6546875 0.06171875 0.36484375
20 0.46875 0.64921875 0.06171875 0.36484375
20 0.30546875 0.63671875 0.06171875 0.36484375
23 0.7625 0.7359375 0.053125 0.06015625
18 0.5484375 0.78203125 0.10625 0.0578125
9 0.27265625 0.14296875 0.48984375 0.2859375