6 0.906464522451981 0.892516191876233 0.01827327702916719 0.052552835335772485
6 0.9752690646064586 0.8823412132002334 0.019853957747326234 0.055696016669318026
6 0.7909486067609363 0.8751116105585958 0.018305093285945873 0.05802158533577284
6 0.8411940464560861 0.8323423078851416 0.028338623438370902 0.037046014003817976
6 0.4175701940949539 0.8693006992759571 0.028674966724316953 0.09485851400381833
6 0.504334395890352 0.8604791352641851 0.028674966724316776 0.09485851400381798
6 0.35816792301771505 0.8746790899506841 0.028674966724316953 0.09485851400381798
6 0.44571337481311313 0.8658484352721392 0.028674966724316776 0.09485851400381798
6 0.4777582603517326 0.8631319679344575 0.028674966724316776 0.09485851400381833
6 0.15180883870875964 0.8958290259786829 0.028674966724316863 0.09485851400381798
6 0.18150997424737905 0.8931398306413193 0.028674966724316863 0.09485851400381798
6 0.20965315496553827 0.8896875666375014 0.028674966724316863 0.09485851400381798
6 0.29955599229955576 0.8784858899586382 0.028674966724316863 0.09485851400381798
6 0.32926167301771503 0.8750154446212749 0.028674966724316953 0.09485851400381798
6 0.3878826940949539 0.8696461446133206 0.028674966724316953 0.09485851400381798
6 0.24172985676093636 0.8815023492998197 0.028674966724316863 0.09485851400381798
6 0.2698684922995558 0.8788313352960018 0.028674966724316863 0.09485851400381798
9 0.4996784285475585 0.3488694732654577 0.999356857095117 0.49991730346908464