6 0.01052914348670783 0.17103008300380562 0.008120116462914865 0.09543983399238876
6 0.1313439275194474 0.8629045652093085 0.05167536465389255 0.04888051038012335
6 0.15939260515449577 0.6511566403044486 0.09738509158682848 0.29631126730020546
6 0.03022084577069998 0.18823482904947292 0.017300364653892553 0.04747983646384677
6 0.021380355042954133 0.005190206891649537 0.015416960085908265 0.010380413783299075
23 0.16069956184950204 0.13829188437294962 0.05636286465389255 0.04907151136870649
28 0.16811034938874458 0.2796981343729496 0.09206574852966201 0.17993685079830274
6 0.2350952900256334 0.6316307074909234 0.028241186680159912 0.033113588935304604
19 0.3033208310713789 0.215469855209746 0.09504134158682849 0.296215766805914
6 0.38801565637700663 0.07737163041861693 0.08853131275401323 0.15474326083723386
1 0.4827206467660682 0.03392803654039641 0.07794129353213641 0.06785607308079282
6 0.5698831320667471 0.07052211114124504 0.0866412641334943 0.14104422228249008
6 0.6558206320667471 0.06877126874589927 0.0866412641334943 0.13754253749179854
6 0.7432387449116173 0.0654420096015049 0.08803998982323477 0.1308840192030098
19 0.827695632066747 0.06526958395520774 0.08664126413349393 0.13053916791041548
23 0.9082273320874318 0.8672632350968904 0.051429703188503595 0.044193010380123354
2 0.9714170829082868 0.8645255542605316 0.05716583418342651 0.05332792984777583
4 0.9291892210814989 0.617919809697739 0.14162155783700214 0.3096362796574953
1 0.9572265625 0.13840069523861617 0.085546875 0.27680139047723235
23 0.002753185775648759 0.007716999505708413 0.005465427973732643 0.015034750988583173
23 0.8094999892574078 0.3279407499256379 0.10512791327441136 0.057295188250732654
8 0.16124287369900409 0.2831096358558244 0.041519114653892554 0.048466674904859806