20 0.6859375 0.11796875 0.153125 0.2359375
20 0.3875 0.0421875 0.06328125 0.084375
23 0.97578125 0.01015625 0.0484375 0.0203125
19 0.321875 0.02265625 0.05625 0.04453125
28 0.88671875 0.0640625 0.1109375 0.128125
23 0.9734375 0.0640625 0.053125 0.0390625
19 0.1328125 0.04609375 0.0265625 0.0921875
19 0.22421875 0.05546875 0.1265625 0.11015625
20 0.79921875 0.1328125 0.059375 0.228125
6 0.56484375 0.12578125 0.0765625 0.06796875
23 0.86875 0.1640625 0.053125 0.05
6 0.190625 0.14296875 0.028125 0.034375
23 0.1359375 0.1375 0.0796875 0.065625
6 0.64296875 0.23203125 0.0796875 0.065625
20 0.22734375 0.25234375 0.0796875 0.146875
20 0.5328125 0.28046875 0.0796875 0.146875
6 0.3078125 0.36640625 0.0546875 0.05
6 0.88359375 0.484375 0.01796875 0.05546875
6 0.690625 0.47734375 0.01796875 0.05234375
6 0.76484375 0.4859375 0.01640625 0.046875
6 0.6625 0.4765625 0.01796875 0.05
6 0.74765625 0.4828125 0.01796875 0.046875
6 0.9484375 0.51171875 0.053125 0.21015625
23 0.38671875 0.47109375 0.05625 0.04453125
23 0.60390625 0.490625 0.028125 0.09453125
23 0.08515625 0.44375 0.0296875 0.1046875
23 0.7984375 0.54453125 0.0546875 0.05
6 0.584375 0.59453125 0.0265625 0.02890625
6 0.8078125 0.67578125 0.028125 0.0390625
23 0.5734375 0.65625 0.053125 0.046875
6 0.5796875 0.7140625 0.0265625 0.03125
6 0.79453125 0.7546875 0.0515625 0.05
6 0.5796875 0.75703125 0.053125 0.05
6 0.765625 0.85703125 0.0296875 0.0390625
6 0.653125 0.87890625 0.01796875 0.046875
6 0.6953125 0.884375 0.01640625 0.046875
9 0.27265625 0.74296875 0.48984375 0.5140625