6 0.0734375 0.12578125 0.0265625 0.03671875
6 0.55703125 0.18359375 0.0546875 0.046875
6 0.14609375 0.18203125 0.0296875 0.034375
6 0.1 0.18125 0.0265625 0.03125
6 0.51953125 0.2234375 0.01640625 0.05234375
23 0.5265625 0.3859375 0.0265625 0.0890625
19 0.8796875 0.484375 0.09296875 0.30703125
19 0.7828125 0.47890625 0.09140625 0.3015625
19 0.68984375 0.47265625 0.09296875 0.3046875
9 0.20703125 0.6890625 0.06640625 0.3703125
9 0.0828125 0.6453125 0.16484375 0.48828125
6 0.52890625 0.75625 0.028125 0.03125
6 0.53984375 0.80703125 0.059375 0.05
6 0.63125 0.9234375 0.171875 0.153125
10 0.9 0.009375 0.109375 0.01875
23 0.2 0.05390625 0.028125 0.096875
6 0.02109375 0.0640625 0.028125 0.034375