6 0.4902895557276641 0.9918836765993213 0.01721477107723892 0.004887494668999892
6 0.9648082875772914 0.9348031418682787 0.01825964149054755 0.05020908533577284
6 0.5883366911680876 0.9235598432527311 0.055496541958085996 0.13969884667409077
19 0.5197003206565828 0.9048285719287307 0.027144282981095457 0.10030908267027243
6 0.45874918511796353 0.907881393937003 0.025549966724316774 0.09482215133672725
19 0.40012361886118486 0.914031943944957 0.027144282981095457 0.10030908267027243
6 0.31100203152716727 0.9252245299570475 0.025549966724316864 0.09482215133672725
6 0.3696412333225654 0.9167302299490931 0.025549966724316954 0.09482215133672725
6 0.42904804957934406 0.9105705892743664 0.025549966724316774 0.09482215133672725
6 0.4884503206565828 0.9051921985996394 0.025549966724316774 0.09482215133672725
6 0.5470758869133615 0.8990416485916853 0.025549966724316774 0.09482215133672725
19 0.19533157973176918 0.9343824486394103 0.023987466724316862 0.0948039700031817
19 0.34149805260440613 0.9201824939529113 0.023987466724316862 0.0948039700031817
6 0.16484464901360993 0.9378619846435466 0.025549966724316864 0.09482215133672725
6 0.22425146527038858 0.9317023439688196 0.025549966724316864 0.09482215133672725
6 0.253171350809008 0.929022239298229 0.025549966724316864 0.09482215133672725
6 0.2813145315271673 0.9255699752944109 0.025549966724316864 0.09482215133672725
6 0.045267947218211854 0.9470653566597729 0.025549966724316874 0.09482215133672725
6 0.07653612793637107 0.9435767299888642 0.025549966724316864 0.09482215133672725
6 0.10623726347499052 0.9408875346515007 0.025549966724316864 0.09482215133672725
6 0.1336128297317692 0.9351006113144553 0.025549966724316864 0.09482215133672725
23 0.0010451896999021022 0.9358920466661363 0.0020903793998042043 0.0391443160009544
6 0.9826684741491831 0.8189781471992787 0.02522725897699054 0.039353401336727246
6 0.8435423416356258 0.8315337858848235 0.02832498789975162 0.03470226400381797
6 0.8859752813307754 0.7888553898790965 0.015102825233768869 0.04470397266868176
6 0.9821690252806512 0.7705497378660515 0.023619307181592573 0.0315227200031817
6 0.9353167511783503 0.767188927872415 0.026730671642972936 0.02921533267027261
6 0.09052642594458127 0.821547188653728 0.05494657523376909 0.04516759667409076
23 0.37901220902387267 0.7830364826145934 0.023987466724316953 0.0948039700031817
6 0.8980894619507389 0.7207502798775056 0.026730671642972936 0.02921533267027243
23 0.6582320764121194 0.7258848645767314 0.05341589149054773 0.05061816534054522
6 0.09007242887144751 0.7653062793205005 0.05339771077238851 0.04749316534054504
6 0.8529769498504904 0.6869025385503236 0.026730671642972936 0.02921533267027261
6 0.08567582036199527 0.7153608233211368 0.05339771077238853 0.04749316534054522
23 0.3764689920049682 0.6830728452816842 0.02708065046753818 0.08937158267027243
6 0.6556206817001179 0.6376399772438223 0.05339771077238851 0.04749316534054522
6 0.08757466364794113 0.6575301419875915 0.05339771077238851 0.04749316534054522
23 0.6543672539088249 0.5845331585773679 0.05338407523376922 0.045149415340545215
6 0.437107031036188 0.5995603639401846 0.054946575233769224 0.045167596674090406
19 0.37315816052468315 0.5807745486155478 0.025549966724316864 0.09482215133672707
6 0.0847405551384889 0.6075665046546824 0.05339771077238853 0.04749316534054522
6 0.319256455704223 0.5806205546228658 0.05341589149054773 0.05061816534054522
6 0.653136552015231 0.5275200899109131 0.05339771077238851 0.04749316534054522
6 0.0834825821676561 0.5552409359882278 0.05339771077238851 0.04749316534054522
6 0.4649507507855669 0.5133046906031392 0.02832498789975162 0.03470226400381797
23 0.651860398326239 0.47831952124445853 0.05337043969514958 0.04280566534054522
6 0.9137336844305924 0.4487116478755967 0.01983577702916719 0.05257101666931803
6 0.8691933440715129 0.45079231588164176 0.020603391490547553 0.05023635733609062
19 0.3048490429400446 0.5057932772915474 0.028674966724316953 0.09485851400381798
6 0.9880524283804683 0.43066053453218806 0.01904089149054755 0.05021817600254543
19 0.3737353983262389 0.4815557986155478 0.028674966724316863 0.09485851400381798
6 0.8068160639190876 0.4304258192234596 0.01825964149054755 0.05020908533577266
6 0.08378710919682328 0.5028971859882277 0.05339771077238855 0.04749316534054522
6 0.6506069705349459 0.4252127025780041 0.05339771077238851 0.04749316534054522
6 0.6493489975641131 0.3728871339115495 0.05339771077238851 0.04749316534054513
6 0.5743171813073344 0.37922858792173086 0.05339771077238851 0.04749316534054513
6 0.4516018439733169 0.3908120726050483 0.05499202702916719 0.05298009667409058
6 0.5063257054096354 0.38392572593095775 0.05341589149054791 0.05061816534054504
6 0.36015014217791885 0.3996881806174568 0.05342952702916719 0.05296191534054504
6 0.27964957592114015 0.40609326929504724 0.05339771077238851 0.04749316534054504
6 0.6496535245932803 0.3205433839115495 0.05339771077238851 0.04749316534054513
6 0.8334927142884301 0.27621957721995977 0.029869307181592576 0.03159544533736351
6 0.08078080474570544 0.34825513932209146 0.05339771077238855 0.04749316534054513
6 0.36611431674775796 0.31446829595004777 0.028688602262936326 0.09720226400381797
6 0.30287851854315606 0.3073921399586383 0.02866133118569749 0.09251476400381797
6 0.8751489491631194 0.2327690218810055 0.016728957747326235 0.055659654002227124
6 0.9244767834720748 0.21344630987432395 0.03144998789975162 0.03473862667090888
6 0.07952283177487263 0.29592957065563685 0.05339771077238855 0.04749316534054513
6 0.4602142955723233 0.253221165937321 0.027126102262936234 0.0971840826702726
6 0.9886892743968886 0.18691962519896071 0.020480671642972938 0.0291426073360908
6 0.36510632865161463 0.21917397728359322 0.028674966724316863 0.09485851400381798
6 0.6480733647559681 0.1893206559118677 0.05339771077238851 0.04749316534054513
6 0.8880398346035431 0.16543607121264192 0.029901123438371258 0.03706419533736342
19 0.41905348526747294 0.21151547127627537 0.030251102262936237 0.09722044533736343
6 0.07826940398357964 0.2428227519891823 0.05339771077238853 0.04749316534054513
6 0.29640632562655256 0.21138020595959278 0.027112466724316865 0.09484033267027261
6 0.45906995208998574 0.1813643472708665 0.02361930718159222 0.0315227200031817
6 0.8398068676828345 0.1308434425525507 0.029914758976990186 0.03940794533736343
6 0.6452483466055956 0.13779451857895858 0.05341589149054773 0.050618165340545127
6 0.07701143101274682 0.19049718332272775 0.05339771077238853 0.04749316534054513
6 0.4805409519917898 0.116275149268003 0.025563602262936237 0.09716590133672712
6 0.6440040091733822 0.08312519991250403 0.05341589149054791 0.050618165340545127
6 0.07887845804191403 0.1381352519891823 0.05339771077238855 0.04749316534054513
6 0.07449548507108121 0.08584604598981864 0.05339771077238855 0.04749316534054513
6 0.07480001210024842 0.033502295989818645 0.05339771077238853 0.04749316534054512