1 0.9096283701303836 0.08029967934341713 0.1807432597392328 0.15103630093507642
6 0.7209982926136738 0.00966395071524358 0.07753466477265239 0.011387472774441076
1 0.4128312366073194 0.028185649976558886 0.4907301400158861 0.05363107757146016
6 0.11088295292209933 0.0037704154946528582 0.07979659415580134 0.006713608313060504
23 0.04364594987920699 0.3549556655928487 0.08729189975841398 0.1489738311856974
6 0.8749537666423869 0.41060025770044417 0.017142635551659423 0.042282948770336046
6 0.8525566152624151 0.3956246974937897 0.026636412337020233 0.09389544574527386
6 0.859788868105084 0.6527241251868869 0.08323878855318867 0.2934232679539809
6 0.5219862739459874 0.17571061065075155 0.03607564204448081 0.14238294272021176
23 0.3761405710271834 0.6530356590517451 0.05164036647693564 0.04951418667008767
17 0.473357859173335 0.1863663095192834 0.04462452759614024 0.18461589451560986
17 0.4184913068204287 0.3305930324901162 0.04633703206036692 0.19321873487468952
6 0.29445556331325035 0.22986125858420697 0.08327969886161428 0.2957670179539809
6 0.20929931331325036 0.22936583401436783 0.08562344886161428 0.29578065349260035
17 0.37090501501753365 0.19202089099956843 0.04392509821299111 0.18929884933607005
6 0.40674310349129217 0.15316292407885984 0.017224456168510115 0.04697044877033596
6 0.4300169622575901 0.1626742794650541 0.0235386858759707 0.09543976502711464
23 0.11973306372358275 0.8843800660603869 0.050036956168510206 0.04716134631100814
2 0.04545976664568206 0.8870732740041051 0.0658392341716874 0.05740849990180408
4 0.08337637256931095 0.6396124667243168 0.15585017410484794 0.33602892447164334
8 0.4084028352273476 0.013314628899320035 0.3027119427758295 0.02285273448190603
8 0.8496903084419862 0.06744970051885185 0.03811938311602745 0.1252090782588312
8 0.9558818072241703 0.02665704975672605 0.08823638555165943 0.04269656010845859
8 0.025799246349847316 0.35721760236113215 0.04448638555165918 0.042442030054229286