1 0.5210528396915745 0.005375384753052511 0.12194318384737582 0.004615298008210182
6 0.27377269074723476 0.07191240319801272 0.05165973173605547 0.14013009631100795
1 0.1125 0.07565450585373248 0.225 0.15130901170746497
19 0.809821464693222 0.24770482708048086 0.27254457061355597 0.4874737706844554
6 0.5857914496756884 0.056538429834396456 0.050036956168510116 0.04716134631100797
17 0.4383731586868677 0.2658583667990716 0.09969781128136024 0.16228235226293633
6 0.40201509862332346 0.4687924692583996 0.05117453652459396 0.20183975595192827
23 0.5438594995962582 0.3102265112164856 0.0251011858759707 0.09544885538619426
23 0.5999128563339613 0.4113441045024315 0.02507391233702041 0.09388635538619425
23 0.5979491615295368 0.5238441045024315 0.025142096184396223 0.09779260538619425
1 0.5113667792242884 0.5155270895735127 0.12584329991727436 0.22805279800821018
6 0.5879956887219351 0.6464549027070333 0.052380706168510115 0.04717498184962743
6 0.45871156331654567 0.7121157432625047 0.12060460064862308 0.10694086729005078
6 0.6523643315804902 0.8531003333269969 0.1628290568171334 0.1540567618056606
10 0.4567518226520365 0.8691515384420445 0.15772849959296292 0.17511869554888193
6 0.47122438920510723 0.08478108362158436 0.12056369034019773 0.10459711729005092
9 0.23596558441986398 0.6264362767345796 0.06415359780595402 0.3636175932859459
8 0.12161590137997176 0.015552798008210184 0.08567444724005649 0.030182924569839165
8 0.0265625 0.0212482861043535 0.053125 0.042496572208707
8 0.4368242954563429 0.265068026439992 0.04102619480442442 0.11272725897699046
8 0.5136832556853381 0.5171032251121321 0.05762335957707698 0.1237602077473264