6 0.0015625 0.82890625 0.003125 0.0953125
6 0.0859375 0.13359375 0.04921875 0.046875
6 0.125 0.34375 0.08203125 0.29296875
6 0.0203125 0.8109375 0.01484375 0.046875
6 0.02109375 0.99453125 0.01484375 0.0109375
23 0.153125 0.85546875 0.05390625 0.046875
28 0.153125 0.7140625 0.0828125 0.1765625
6 0.2015625 0.36015625 0.0265625 0.03203125
19 0.29140625 0.77265625 0.0796875 0.29296875
6 0.38359375 0.915625 0.0796875 0.16875
1 0.48046875 0.95703125 0.0734375 0.0859375
6 0.565625 0.91875 0.078125 0.1625
6 0.6515625 0.91875 0.078125 0.1625
6 0.7390625 0.9203125 0.0796875 0.159375
19 0.8234375 0.91875 0.078125 0.1625
23 0.8609375 0.09765625 0.04921875 0.0421875
2 0.928125 0.09765625 0.0625 0.05078125
4 0.90234375 0.3453125 0.140625 0.30390625
1 0.95703125 0.84296875 0.08515625 0.3140625
23 0.00234375 0.9921875 0.0046875 0.01484375
23 0.790625 0.63984375 0.10234375 0.053125
8 0.14609375 0.7109375 0.0390625 0.046875