6 0.7825634141389204 0.9736400172263231 0.02832498789975162 0.03470226400381797
6 0.6531031731159109 0.9360865679105951 0.01982214149054773 0.050227266669318024
6 0.6843940797317691 0.9286916912396862 0.01671077702916719 0.05253465400222694
6 0.7071321429634857 0.9143655619032771 0.018259641490547908 0.05020908533577284
23 0.5306332754770431 0.9054825525939124 0.051853391490547726 0.05059998400699968
1 0.8747923416356258 0.8311701592139146 0.08214994554888193 0.15563292934436318
23 0.5309378025062103 0.8531388025939124 0.051853391490547726 0.05059998400699968
19 0.5690928292407899 0.6058365412555945 0.09258345150081056 0.2034073580124085
10 0.40649738047045386 0.6241336499443207 0.09564481898725319 0.1925062206794994
6 0.14392920277735674 0.6389068639799554 0.03910392749670537 0.14185169267186346
10 0.232346808163551 0.6144421186346378 0.09869255093507645 0.1792613333465903
23 0.7643876694034777 0.47232296522918665 0.05338407523376922 0.045149415340545215
19 0.5612217627876195 0.48171778859009445 0.058085210772388506 0.047547709341181486
19 0.40256892545360196 0.493719443944957 0.06202327702916719 0.05306191267504516
19 0.24323937724900002 0.4877614399665925 0.05964771077238851 0.04756589067472703
9 0.910431943309387 0.34485085120946024 0.17784528239192027 0.4910988093570898
23 0.765518898228043 0.4121576245624139 0.05810339149054773 0.05067270934118149
23 0.5134251331027325 0.3721251599300032 0.028674966724316776 0.09485851400381798
23 0.6775967174116879 0.3514661199077315 0.033362466724316774 0.09491305800445433
23 0.34851320540963543 0.3857620406190477 0.02715791851971492 0.10265283267027261
1 0.7667501210024841 0.33480478389564117 0.04502212939029935 0.08489316800604518
20 0.6292410306434044 0.3379672412476403 0.06384134884509081 0.36556191267504506
20 0.46670921438662577 0.3453268499363666 0.06384134884509081 0.36556191267504506
20 0.3033552415139889 0.3597267992918656 0.06384134884509081 0.36556191267504506
23 0.7609637293155446 0.25519000922982293 0.05347497882456533 0.06077441534054513
18 0.5471693949083933 0.21158710192554886 0.10658634328594588 0.05904883068109026
9 0.26767018804482967 0.8538586072963199 0.49150728571157004 0.29163734806649694