6 0.07255982699904906 0.9811717455513758 0.016727154567984303 0.03654233646384668
6 0.43350729307785113 0.9218379189361798 0.08623847241038014 0.12824701680591416
23 0.5284988885098668 0.8819530651721275 0.05179819538658723 0.05122426038012336
1 0.5322656976458354 0.9538280651721275 0.07544041327441171 0.0560855153230392
6 0.6154157123451565 0.9120769638795331 0.08492163387576941 0.1328708498097196
6 0.7013122687675917 0.9077940290888415 0.08422227103089916 0.1344015163116225
6 0.7880310187675915 0.904260510800053 0.08656602103089917 0.13449701680591417
19 0.8724879059227213 0.9023849930055556 0.0847988031430745 0.1305270998097196
6 0.9285774536387293 0.8820923976444603 0.029009148575090647 0.09239308844101295
1 0.9804825145568495 0.9047539648309353 0.039034970886300965 0.11596985129259423
23 0.05262246324966765 0.9592794995057083 0.008904688489182222 0.08065975098858331
1 0.12390880653397678 0.6463391477188225 0.20507251809022303 0.4916967045623551
1 0.09782442559888345 0.1671875 0.1956488511977669 0.334375
6 0.3134626294647553 0.6480104411793011 0.09282042231952312 0.29846401631162234
6 0.28631703753924254 0.13631653716755615 0.0921243815009202 0.2726330743351123
1 0.6088692254625979 0.41569267229123846 0.5341447009251958 0.8313853445824769
6 0.9240725808442363 0.616866645667294 0.09491851085413394 0.293872016805914
6 0.8910133401164906 0.43422790061021 0.05089411465389233 0.04884867688202625
6 0.8830293424913396 0.28188415061020994 0.050771283921197966 0.04650492688202616
6 0.8958148682719372 0.12646441053322272 0.09475473654387442 0.25292882106644543
23 0.9718451017635938 0.09526183715880779 0.03659367650339433 0.19052367431761558
8 0.612205587402957 0.3879059119111151 0.343942424805914 0.7758118238222302
8 0.1766509469684669 0.5173573018634355 0.04753449852966196 0.17812234140676253
8 0.1504061137493814 0.019786923659835556 0.03827128392119792 0.03957384731967111
8 0.08000167627625199 0.615245656616071 0.10563028154634875 0.20075868676785796
8 0.04772152702379297 0.07578125 0.09544305404758593 0.1515625