6 0.06835144409495389 0.8733642273233642 0.026776123438371012 0.03702783267027243
6 0.5522815373808998 0.8099246045910491 0.05496021077238851 0.04751134667409076
6 0.14133494702182012 0.8162687953135009 0.029887487899751576 0.034720445337363515
6 0.09523665184228032 0.8175863946530916 0.026744307181592354 0.03155908267027243
6 0.51501334153743 0.7705172065961395 0.01671077702916719 0.0525346540022273
23 0.5229899888817102 0.6079353905951852 0.02708065046753827 0.08937158267027243
19 0.8766876815037261 0.5053889092139146 0.09475500555914493 0.30811303934595385
19 0.7797808652469473 0.5119849018937321 0.09316068930236625 0.3026261080124085
19 0.686775753810629 0.5193166912396862 0.09474137002052548 0.3057692893459539
9 0.2052222685431561 0.3085284733052286 0.0685606651018694 0.37108520667568134
9 0.08229561604755851 0.3537238893220914 0.16459123209511703 0.49019938068904445
6 0.5274881539835796 0.23759561859486694 0.028306807181592397 0.031577264003817974
6 0.5387210906536672 0.18668709926004884 0.059665891490547726 0.050690890674726895
6 0.6308045724050988 0.07338985729631989 0.17276585518980242 0.14677971459263978
10 0.8942367123435224 0.9801525518778238 0.10948408430895533 0.020022693348181166
23 0.19449578757729147 0.9437665393061831 0.028688602262936326 0.09720226400381797
6 0.015648624911308983 0.9356920519971365 0.028324987899751585 0.03470226400381797