20 0.6808059922995557 0.8740496445735498 0.1544976442210224 0.23771927068745385
20 0.3819276098841943 0.9533035292807298 0.06377212939029935 0.08511134400859036
23 0.9700225075230623 0.9784895072008698 0.04855567466803521 0.020876121339908592
19 0.3161889803956991 0.9735983952896383 0.056509075233769135 0.04518577800763594
28 0.881273624911309 0.9256195932129601 0.11168290944452863 0.12941587468172672
23 0.9679923749113091 0.9246105292011879 0.05335225897699018 0.03968066534054486
19 0.12726283578189337 0.9523608366486371 0.027098831185697402 0.09249658267027243
19 0.21872362793637107 0.9419222286362287 0.12720337031511306 0.11162893801718106
20 0.7941736007108122 0.857887747891505 0.06070219242562427 0.22881589067472702
6 0.5597576940949539 0.8676461979233216 0.0769579306199633 0.06885963534372692
23 0.8638866578924045 0.8258286785487327 0.053415891490547554 0.05061816534054522
6 0.1856389380448297 0.8548131273074556 0.02832498789975162 0.03470226400381833
23 0.130919621788051 0.8609182239815464 0.08006929508134393 0.06655224801081801
6 0.6385008385123679 0.7604871312460494 0.08006929508134383 0.06655224801081765
20 0.2229940131804029 0.7450108659691377 0.08054199375348406 0.14780224801081765
20 0.528626389643836 0.7133314152610033 0.08054199375348396 0.14780224801081765
6 0.30412635939321503 0.6300120272915474 0.05497839149054773 0.05063634667409058
6 0.8805939315037261 0.5053434558800509 0.018291457747326233 0.05567783533577249
6 0.6875842748878679 0.5146201005729134 0.01827327702916719 0.052552835335772666
6 0.7618530218628058 0.5051627372295048 0.016678960772388507 0.0470659040022273
6 0.6594547297083281 0.5157286145767314 0.018259641490547908 0.05020908533577249
6 0.7446473411446466 0.5084877318985047 0.01824146077238851 0.047084085335772484
6 0.9455967627876195 0.47724518053791504 0.05434765329620852 0.21077441534054503
23 0.38364166345154943 0.5244063699475024 0.056509075233769045 0.04518577800763594
23 0.6009427929400447 0.5023479145846856 0.028674966724316776 0.09485851400381798
23 0.08192008216765609 0.5552591173217734 0.03029655405833438 0.10503294533736351
23 0.7957876603282914 0.4461780885582777 0.05497839149054791 0.05063634667409058
6 0.5820160518188392 0.39866893125400366 0.026730671642972936 0.02921533267027261
6 0.8059262504909792 0.31481900055700507 0.028352258976990542 0.039389764003817974
23 0.5714376210024841 0.33707745058882177 0.05339771077238851 0.04749316534054513
6 0.57802396428843 0.27919222525464005 0.026744307181592396 0.03155908267027261
6 0.7931040636245 0.23606729189214132 0.051853391490547726 0.05059998400699968
6 0.5782739491631194 0.23622347525464 0.05341589149054791 0.050618165340545127
6 0.764793232144215 0.13405989656273207 0.02991475897699054 0.03940794533736343
6 0.6524204971713295 0.11349395257800407 0.01824146077238851 0.047084085335772616
6 0.6946398134281082 0.10753430657227707 0.016678960772388507 0.04706590400222717
9 0.27116088593140286 0.25686989066478416 0.4928344781371942 0.5137397813295683