23 0.7421875 0.2703125 0.059375 0.046875
23 0.55546875 0.2546875 0.025 0.1046875
28 0.6359375 0.2609375 0.09453125 0.19140625
9 0.93828125 0.3546875 0.1234375 0.475
23 0.8296875 0.2890625 0.084375 0.19921875
28 0.73828125 0.4015625 0.09296875 0.1890625
20 0.55546875 0.44609375 0.075 0.13125
23 0.1703125 0.4109375 0.0515625 0.05
20 0.25078125 0.4265625 0.0796875 0.165625
23 0.80234375 0.484375 0.053125 0.04453125
6 0.659375 0.50625 0.0828125 0.06328125
10 0.4296875 0.48984375 0.1078125 0.17578125
6 0.91640625 0.53671875 0.0546875 0.04453125
6 0.5703125 0.60078125 0.078125 0.06328125
20 0.8109375 0.6328125 0.053125 0.22578125
6 0.42578125 0.61953125 0.025 0.0265625
23 0.95703125 0.6890625 0.053125 0.05
23 0.8703125 0.703125 0.059375 0.046875
19 0.16796875 0.6453125 0.0296875 0.09453125
23 0.9765625 0.74375 0.046875 0.05
19 0.31171875 0.68125 0.1046875 0.165625
19 0.103125 0.73359375 0.0265625 0.096875
6 0.93203125 0.821875 0.0265625 0.03125
28 0.86015625 0.8421875 0.09765625 0.16796875
20 0.6859375 0.7546875 0.153125 0.490625
10 0.4859375 0.85859375 0.0984375 0.19453125
20 0.3875 0.81328125 0.06328125 0.37265625
19 0.1921875 0.84921875 0.13125 0.23359375
19 0.10234375 0.8453125 0.025 0.09453125
23 0.9421875 0.04453125 0.053125 0.0578125
23 0.97578125 0.984375 0.0484375 0.03125
19 0.321875 0.915625 0.05625 0.16796875
19 0.275 0.94453125 0.028125 0.09453125
28 0.8875 0.97890625 0.1109375 0.0421875
19 0.1328125 0.9984375 0.0265625 0.00234375
19 0.22421875 0.9984375 0.1265625 0.00234375