6 0.03156994773041453 0.05286953965571374 0.019714788474587387 0.05062748257680485
6 0.4086780847537231 0.06291540109238372 0.05954366950744614 0.12583080218476744
19 0.4781101310328587 0.07247513449141982 0.030054576949174815 0.10092758293962456
6 0.5389657854793625 0.06800340010051645 0.028301103991016773 0.09540426923729368
19 0.5973685625212045 0.060488511263109355 0.030054576949174815 0.10092758293962453
6 0.686076398456054 0.04746213242444871 0.028301103991016773 0.09492426484889742
6 0.6277554669677082 0.05708076906765767 0.028301103991016773 0.0954042692372937
6 0.5685714399258662 0.0646229397562302 0.028301103991016773 0.0954042692372937
6 0.5093601310328588 0.07138386044480272 0.028301103991016773 0.0954042692372937
6 0.4509573539910168 0.0788987492822098 0.028301103991016773 0.09540426923729368
19 0.8014285799443996 0.04152338451262433 0.026738603991016775 0.08304676902524866
19 0.6557713395630465 0.05297362242570226 0.026738603991016775 0.09534970553496283
6 0.831788202539738 0.0394425293404812 0.028301103991016773 0.0788850586809624
6 0.772604175497896 0.04321361468476746 0.028301103991016773 0.08642722936953492
6 0.7437797710513923 0.04489020393132788 0.028301103991016773 0.08978040786265576
6 0.7157638984560539 0.04694377725230558 0.028301103991016773 0.09388755450461116
6 0.9510466340280838 0.03344921772632596 0.028301103991016773 0.06689843545265192
6 0.9199057614327455 0.03555735474963452 0.028301103991016773 0.07111470949926904
6 0.8903001069862416 0.037247584921777654 0.028301103991016773 0.07449516984355531
6 0.8631473299443997 0.040459392317172646 0.028301103991016773 0.08091878463434529
23 0.9970665952582147 0.02927813976407941 0.005866809483570634 0.039308036660488856
6 0.018420161702897855 0.16909474038135314 0.026364092558271397 0.0399355192372937
6 0.15710071578658186 0.15330107087390699 0.02932540145127884 0.03535714664195542
6 0.11638643574951497 0.1969617908368401 0.016398815516429365 0.04504960517214309
6 0.020892886475154387 0.21750495853018773 0.02452877404661712 0.03206845553496285
6 0.06790429573098153 0.21977429746026206 0.027571928493120845 0.029833832939624473
6 0.910880480214552 0.14575136635043448 0.056242565516429366 0.04644097958157998
23 0.6238269135169964 0.1909746194304774 0.026738603991016775 0.09534970553496284
6 0.1070412068009072 0.2653397686043215 0.027571928493120845 0.02983383293962456
23 0.3468031112474109 0.25462049029653516 0.05487103847458741 0.05185516587924912
6 0.9136260234984629 0.20197408449926907 0.054761911069925874 0.048730165879249124
6 0.15355410825218602 0.2981324212367267 0.027571928493120845 0.029833832939624473
6 0.9200595619730503 0.2518103933922765 0.054761911069925874 0.048730165879249124
23 0.6304439904661712 0.2908654920258157 0.02967263103285873 0.08999008293962456
6 0.35301096042910424 0.34279261289187346 0.054761911069925694 0.048730165879249124
6 0.920515918959292 0.30967745709460737 0.054761911069925874 0.048730165879249124
23 0.35642862630835337 0.3958630491895426 0.054680065516429364 0.04638641587924912
6 0.5731796166897065 0.37577869456555363 0.056242565516429366 0.04644097958157989
19 0.6379241629688422 0.3930728327699885 0.028301103991016773 0.0954042692372937
6 0.9253869574338793 0.3595683296899456 0.054761911069925874 0.048730165879249124
6 0.6918576948200077 0.391971635039574 0.05487103847458741 0.05185516587924912
6 0.3599827014434296 0.45283973548721174 0.054761911069925694 0.048730165879249124
6 0.9287773414619629 0.4118575159876148 0.054761911069925874 0.048730165879249124
6 0.5488368703179036 0.46267105935634356 0.02932540145127884 0.03535714664195542
23 0.3632639580668516 0.5020039217848808 0.054598219962933126 0.04404266587924912
6 0.10247279100647613 0.5377058419252992 0.02135913402808365 0.05302579627913566
6 0.14694947730414526 0.5345882764088697 0.022058538474587407 0.050709328130301046
19 0.7093205025318887 0.46645327986743085 0.03142610399101677 0.09551339664195542
6 0.02885424173211553 0.5574851177860148 0.020496038474587384 0.050654764427970275
19 0.6413889580668515 0.4922915827699885 0.03142610399101677 0.09551339664195542
6 0.21018608728561183 0.5534994783156356 0.019714788474587408 0.0506274825768049
6 0.9306052254900468 0.4642012659876148 0.054761911069925874 0.048730165879249124
6 0.36668162394610065 0.55507435808255 0.054761911069925694 0.048730165879249124
6 0.3700720079741843 0.6073635443802192 0.054761911069925694 0.048730165879249124
6 0.4448810350160263 0.5992757366683381 0.054761911069925694 0.048730165879249124
6 0.5671826209508758 0.5848362360353658 0.05651538402808356 0.05425347958157989
6 0.5127133757601993 0.5929959656169459 0.05487103847458741 0.05185516587924912
6 0.6583160524392214 0.5738317594490108 0.05495288402808356 0.05419891587924912
6 0.7385938294810634 0.5655529787789717 0.054761911069925694 0.048730165879249124
6 0.37189989200226803 0.6597072943802191 0.054761911069925694 0.048730165879249124
6 0.18977936196520112 0.7083060294040948 0.03077877404661713 0.03228671034428636
6 0.9399132820208014 0.6187523567317876 0.054761911069925874 0.04873016587924894
6 0.6558210242162531 0.6591789824071689 0.03150794954451293 0.09785714664195541
6 0.7193750927279075 0.6647816524627691 0.031344258437520624 0.09316964664195541
6 0.14987361377929967 0.7527207175158624 0.01834326143274536 0.05604166887447413
6 0.10130962820726992 0.7731894741392844 0.032450401451278844 0.03546627404661713
6 0.9433036660488853 0.6710415430294567 0.054761911069925874 0.04873016587924894
6 0.5641717267559911 0.7226090545470202 0.029945449544513104 0.09780258293962447
6 0.03814742929572904 0.8012078359348495 0.021321928493120833 0.029615578130301044
6 0.6607119100584353 0.754436918704838 0.03142610399101677 0.09551339664195524
6 0.3788269929980599 0.7908754488267229 0.054761911069925694 0.048730165879249124
6 0.13971985297952644 0.8203447271345091 0.030969747004775127 0.03775546034428601
19 0.6070511967189243 0.7633506164352525 0.03307044954451292 0.09791171034428636
6 0.9467213319281342 0.724111979327126 0.054761911069925874 0.04873016587924894
6 0.7297620104212551 0.7606298658022803 0.029863603991016775 0.09545883293962447
6 0.5682441570632104 0.7944294908446893 0.02452877404661713 0.03206845553496276
6 0.1893850362819707 0.8538095023622528 0.03105159255827137 0.040099210344286006
6 0.3837525951749782 0.8423288214220612 0.05487103847458741 0.051855165879248946
6 0.9501117159562178 0.7764011656247951 0.054761911069925874 0.048730165879249124
6 0.549414800709941 0.8600098508261558 0.028382949544513102 0.0977480192372937
6 0.38722482475655806 0.8969617577197304 0.05487103847458741 0.051855165879248946
6 0.9503770999843016 0.8287994793271259 0.054761911069925874 0.04873016587924894
6 0.9568924840123852 0.8809795382201333 0.05476191106992552 0.04873016587924894
6 0.9587203680404688 0.9333232882201333 0.054761911069925874 0.04873016587924894