2 0.7137703993513769 0.11041338445846491 0.08102390340856651 0.07702610831306052
23 0.707115250407037 0.17835031820168626 0.049955135551659244 0.042473846311007965
23 0.6915936160731939 0.2618622549699697 0.0258824358759707 0.09545340056573401
17 0.5837362516248531 0.21904297501393627 0.09887565097293471 0.15993405708339647
6 0.4200379902607674 0.15245894213103658 0.16513189650870785 0.15172664734428026
23 0.7569946992719466 0.3645968904103933 0.0251011858759707 0.09544885538619426
23 0.7550719147759477 0.4747531404103933 0.0251011858759707 0.09544885538619426
1 0.6574156647759477 0.4741849929679171 0.1244308043815014 0.23663745764913066
6 0.5489270547918338 0.4227674178323439 0.048912607141445005 0.20651362041330898
6 0.7239019610430695 0.6042724687674204 0.05164036647693564 0.04951418667008767
6 0.6056644297934813 0.663746941836449 0.11974153003177221 0.1022488221105112
6 0.4370195698093674 0.6119793878763105 0.03212848173605547 0.1400164668225127
23 0.40734352678865654 0.43210099033563854 0.0251011858759707 0.09544885538619426
23 0.37531227678865653 0.43191463797450635 0.025033002028594886 0.09154260538619426
6 0.34329466355813165 0.4309470356133742 0.02507391233702041 0.09388635538619425
1 0.3799746830398923 0.6124288397699045 0.06300633482031053 0.16363122882456532
6 0.3206133198093674 0.6113021561248789 0.03846030235290652 0.14474032825883115
6 0.28002923011779296 0.6087220567888089 0.026704596184396225 0.09780169574527378
17 0.5738711388046607 0.8716805990414824 0.2420274074657563 0.25663880191703503
9 0.8858995803626742 0.8102055370277093 0.16139679058178374 0.3795889259445815
6 0.3565978640478943 0.8326277102814093 0.16189780235290652 0.14545846662612086
6 0.3543068867760657 0.9625664259841743 0.16071140340856668 0.07486714803165136
23 0.22220922727841913 0.8326271894005621 0.025814252028594886 0.09154715056573401
23 0.1933029772784191 0.8324590177575892 0.025814252028594886 0.09154715056573401
23 0.16600013758684465 0.8299561864736958 0.025814252028594886 0.09154715056573401
23 0.13861547727841914 0.8321408551898026 0.025814252028594886 0.09154715056573401
23 0.10814672727841915 0.8319635931877499 0.025814252028594886 0.09154715056573401
23 0.07924047727841912 0.831795421544777 0.025814252028594886 0.09154715056573401
23 0.051937637586844644 0.8292925902608838 0.025814252028594886 0.09154715056573401
23 0.023031387586844643 0.8291244186179109 0.025814252028594886 0.09154715056573401
6 0.0025566152624150055 0.8289607921544777 0.005113230524830011 0.09542158430895534
6 0.0822401611224997 0.34660735528799835 0.08480128855318876 0.2934323583130605
23 0.21937277922758378 0.9944067784435024 0.022093188311602674 0.011186443112995192
23 0.1904528924581086 0.995103942622016 0.022065914772652385 0.00979211475596813
23 0.16234152922758377 0.9942408793902994 0.02209318831160272 0.011518241219401305
23 0.13342164245810859 0.9949380435688129 0.022065914772652385 0.01012391286237424
23 0.10451539245810859 0.9948539577473264 0.022065914772652385 0.010292084505347177
23 0.07562277922758379 0.9939886219258399 0.02209318831160272 0.012022756148320112
23 0.04749777922758378 0.9939068086941234 0.02209318831160272 0.012186382611753288
23 0.017810279227583777 0.993820450282867 0.02209318831160272 0.012359099434265986
8 0.5838726193196048 0.21123047501393627 0.04716710064862308 0.10651362041330889
8 0.6597730515454229 0.4734173785065366 0.05996710957707698 0.12377384328594587
8 0.5758466960288311 0.8932264641854817 0.06940238514462216 0.21354707162903672