6 0.49609375 0.00234375 0.0171875 0.0046875
6 0.9703125 0.05390625 0.01796875 0.05
6 0.59375 0.06953125 0.0546875 0.1390625
23 0.0015625 0.01015625 0.003125 0.0203125
19 0.525 0.0890625 0.0265625 0.1
6 0.4640625 0.08671875 0.025 0.09453125
19 0.40546875 0.08125 0.0265625 0.1
6 0.31640625 0.07109375 0.025 0.09453125
6 0.375 0.07890625 0.025 0.09453125
6 0.434375 0.084375 0.025 0.09453125
6 0.49375 0.0890625 0.025 0.09453125
6 0.55234375 0.09453125 0.025 0.09453125
19 0.20078125 0.06328125 0.0234375 0.09453125
19 0.346875 0.07578125 0.0234375 0.09453125
6 0.1703125 0.06015625 0.025 0.09453125
6 0.2296875 0.065625 0.025 0.09453125
6 0.25859375 0.06796875 0.025 0.09453125
6 0.28671875 0.07109375 0.025 0.09453125
6 0.05078125 0.05234375 0.025 0.09453125
6 0.08203125 0.05546875 0.025 0.09453125
6 0.11171875 0.0578125 0.025 0.09453125
6 0.1390625 0.06328125 0.025 0.09453125
23 0.00390625 0.0640625 0.00703125 0.0390625
6 0.9875 0.16953125 0.025 0.0390625
6 0.8484375 0.15859375 0.028125 0.034375
6 0.890625 0.20078125 0.01484375 0.04453125
6 0.98671875 0.21796875 0.0234375 0.03125
6 0.93984375 0.221875 0.0265625 0.02890625
6 0.0953125 0.17734375 0.0546875 0.04453125
23 0.38359375 0.2125 0.0234375 0.09453125
6 0.90234375 0.26875 0.0265625 0.02890625
23 0.6625 0.26640625 0.053125 0.05
6 0.09453125 0.23359375 0.053125 0.046875
6 0.85703125 0.303125 0.0265625 0.02890625
6 0.08984375 0.28359375 0.053125 0.046875
23 0.38046875 0.3125 0.0265625 0.0890625
6 0.659375 0.3546875 0.053125 0.046875
6 0.09140625 0.34140625 0.053125 0.046875
23 0.6578125 0.4078125 0.053125 0.04453125
6 0.440625 0.3953125 0.0546875 0.04453125
19 0.3765625 0.41484375 0.025 0.09453125
6 0.08828125 0.39140625 0.053125 0.046875
6 0.32265625 0.415625 0.053125 0.05
6 0.65625 0.46484375 0.053125 0.046875
6 0.08671875 0.44375 0.053125 0.046875
6 0.46796875 0.48125 0.028125 0.034375
23 0.6546875 0.5140625 0.053125 0.0421875
6 0.91640625 0.540625 0.01953125 0.05234375
6 0.871875 0.5390625 0.0203125 0.05
19 0.3078125 0.490625 0.028125 0.09453125
6 0.990625 0.5578125 0.01875 0.05
19 0.3765625 0.5140625 0.028125 0.09453125
6 0.809375 0.56015625 0.01796875 0.05
6 0.08671875 0.49609375 0.053125 0.046875
6 0.653125 0.5671875 0.053125 0.046875
6 0.6515625 0.61953125 0.053125 0.046875
6 0.5765625 0.6140625 0.053125 0.046875
6 0.45390625 0.60390625 0.0546875 0.05234375
6 0.50859375 0.61015625 0.053125 0.05
6 0.3625 0.59609375 0.053125 0.05234375
6 0.28203125 0.590625 0.053125 0.046875
6 0.6515625 0.671875 0.053125 0.046875
6 0.83515625 0.7140625 0.0296875 0.03125
6 0.0828125 0.65078125 0.053125 0.046875
6 0.36796875 0.68125 0.028125 0.096875
6 0.3046875 0.6890625 0.028125 0.0921875
6 0.8765625 0.75703125 0.01640625 0.05546875
6 0.92578125 0.77578125 0.03125 0.034375
6 0.08125 0.703125 0.053125 0.046875
6 0.46171875 0.74140625 0.0265625 0.096875
6 0.98984375 0.8015625 0.0203125 0.02890625
6 0.36640625 0.7765625 0.028125 0.09453125
6 0.64921875 0.803125 0.053125 0.046875
6 0.8890625 0.82421875 0.0296875 0.03671875
19 0.4203125 0.78359375 0.0296875 0.096875
6 0.0796875 0.75625 0.053125 0.046875
6 0.29765625 0.78515625 0.0265625 0.09453125
6 0.46015625 0.81328125 0.0234375 0.03125
6 0.840625 0.859375 0.0296875 0.0390625
6 0.64609375 0.8546875 0.053125 0.05
6 0.078125 0.80859375 0.053125 0.046875
6 0.48125 0.878125 0.025 0.096875
6 0.64453125 0.909375 0.053125 0.05
6 0.0796875 0.8609375 0.053125 0.046875
6 0.075 0.91328125 0.053125 0.046875
6 0.075 0.965625 0.053125 0.046875