1 0.09477234169837012 0.9419036571103627 0.09652087516934213 0.11619268577927463
9 0.5606253980092636 0.7699995518262546 0.8787492039814728 0.4526155247889415
8 0.35288805687266106 0.8624894352478021 0.11466444482076028 0.25413835475263546
8 0.4545291220015234 0.8747891639932638 0.06290387098547061 0.21850726087441502
8 0.5662445499752561 0.885112557263462 0.09962926503800525 0.19037960228117753
23 0.06204397161741064 0.7506393285551813 0.04752345318850328 0.04403384288963732
23 0.05938263907569371 0.6998580785551813 0.0475234531885033 0.04403384288963732
23 0.05659847580128215 0.6467330785551814 0.04752345318850328 0.04403384288963732
1 0.08928706580623094 0.46376406965793276 0.08100873982323469 0.1623355153230392
23 0.1029700282669884 0.3214983152093085 0.029131979307785105 0.09473683844101313
17 0.08241078753924255 0.13835023418266923 0.05131459577069999 0.19074967539915139
17 0.22589735244096235 0.5756353754757011 0.10323122060135788 0.08060535425834381
6 0.32659671528583256 0.5699663542211628 0.07811171189493056 0.06243101581733086
1 0.2543820420617983 0.2526952825860637 0.2672106699446739 0.4575883014063251
6 0.5926544052453527 0.462826380381436 0.11326131784239593 0.09348735623551008
6 0.7496856552453529 0.4564278472638995 0.16460581184950202 0.15092978311753633
23 0.6297339241285455 0.31882437098989574 0.05011286465389268 0.04881684338392898
1 0.6061725141334942 0.13814737395564528 0.148381025553455 0.25785094517081486
6 0.7059578301668678 0.1747931866934958 0.025116186680159913 0.03298625494291585
6 0.7221792944366475 0.0809649322448715 0.013929703188503239 0.04266500247145795
9 0.8142915513340524 0.06421077911672733 0.20510465909054004 0.12842155823345466
6 0.5088537788328152 0.10374981072350313 0.025897436680159914 0.03301808844101308
6 0.5084509871097012 0.06618614372730874 0.024788638059640888 0.02673625494291587
23 0.484324090343633 0.024108731674030225 0.050771283921197966 0.04650492688202614
8 0.6083934334007995 0.13570812346135366 0.09350873982323478 0.16284485129259432
8 0.2550404613291037 0.2503196990879665 0.18902703697341564 0.3491590360832858