17 0.4109375 0.08828125 0.2375 0.1765625
9 0.09921875 0.21953125 0.1546875 0.4390625
23 0.2375 0.234375 0.025 0.0953125
23 0.23671875 0.346875 0.02421875 0.0953125
23 0.2734375 0.1359375 0.025 0.09765625
1 0.3328125 0.340625 0.11875 0.22734375
6 0.26015625 0.47421875 0.0515625 0.04453125
6 0.4453125 0.29296875 0.04609375 0.2078125
6 0.38671875 0.5359375 0.11875 0.10859375
6 0.62890625 0.0328125 0.159375 0.065625
23 0.3875 0.78359375 0.0234375 0.09375
23 0.3890625 0.89375 0.02421875 0.09375
23 0.45 0.684375 0.025 0.0953125
1 0.478125 0.8859375 0.121875 0.228125
17 0.5578125 0.63359375 0.09609375 0.1546875
6 0.5875 0.83984375 0.0453125 0.20625
6 0.72421875 0.965625 0.0484375 0.06875
6 0.72578125 0.7875 0.05078125 0.2125
6 0.7234375 0.225 0.04609375 0.2078125
6 0.72421875 0.47734375 0.0484375 0.2078125
23 0.6109375 0.15625 0.1046875 0.053125
23 0.76328125 0.04140625 0.021875 0.0828125
23 0.7921875 0.0421875 0.021875 0.084375
23 0.8203125 0.04140625 0.021875 0.0828125
23 0.8484375 0.0421875 0.021875 0.084375
23 0.878125 0.0421875 0.021875 0.084375
23 0.90703125 0.04140625 0.021875 0.0828125
23 0.93515625 0.04140625 0.021875 0.0828125
23 0.96484375 0.04140625 0.021875 0.0828125
23 0.99140625 0.040625 0.0171875 0.08046875
1 0.88828125 0.35 0.2234375 0.484375
1 0.8875 0.8328125 0.225 0.334375
19 0.1859375 0.88515625 0.2640625 0.2296875
8 0.40859375 0.0375 0.065625 0.07421875
8 0.875 0.403125 0.084375 0.1484375
8 0.87734375 0.9421875 0.0859375 0.115625
8 0.97109375 0.38359375 0.0578125 0.19765625
8 0.9734375 0.92421875 0.053125 0.1515625
8 0.55625 0.63125 0.0390625 0.10859375
8 0.475 0.89140625 0.05546875 0.1234375
8 0.33125 0.3421875 0.0578125 0.12734375