6 0.732951398456054 0.045585219160324895 0.019605661069925694 0.04750248257680485
20 0.10375251569391464 0.2635534462115976 0.17154024953666386 0.5271068924231952
23 0.8279737217770317 0.056346615169308126 0.028382949544512925 0.0977480192372937
23 0.7993130084375204 0.06438729366242896 0.028301103991016773 0.09540426923729368
23 0.7689806676933476 0.06935753585788064 0.0330704495445131 0.09791171034428625
23 0.8569345354793626 0.05689968667618729 0.030054576949174815 0.10092758293962453
23 0.8866220354793626 0.05586297633190103 0.029863603991016775 0.09545883293962457
23 0.9441889988188737 0.04681286934565936 0.028219258437520267 0.09306051923729369
23 0.9153918762235354 0.0509472978387802 0.028219258437520267 0.0930605192372937
23 0.2729191779449667 0.22200145245491992 0.03142610399101677 0.09551339664195542
6 0.8329191713215447 0.15316705146697726 0.029325401451279022 0.03535714664195542
6 0.8812202620657177 0.14756932669472073 0.02765377404661713 0.03217758293962456
6 0.967770375675381 0.2517087004711854 0.03245040145127902 0.03546627404661713
23 0.9784703875192422 0.3699676271502077 0.043059224961515596 0.05430804328391083
23 0.3995834039831675 0.5116864566312712 0.056324411069925695 0.04878472958158007
6 0.9825769532575283 0.4741194138106966 0.030696928493120623 0.02994296034428636
6 0.32058043946253006 0.6012698010036411 0.03390377404661713 0.0323958377489479
23 0.9625769665043722 0.5733753693456594 0.03142610399101677 0.09551339664195542
6 0.3155680464487717 0.65932783766413 0.057886911069925696 0.04883929328391083
6 0.9302828216765153 0.5893649570946073 0.030696928493120623 0.029942960344286184
6 0.8827629809323423 0.5949354000156984 0.032532247004775174 0.03781002404661713
23 0.48530268229095397 0.7488293033658937 0.029945449544513104 0.09780258293962447
6 0.865597817500164 0.708172009997165 0.02940724700477517 0.03770089664195542
6 0.9139534719466678 0.7041367852249085 0.034094747004775175 0.037864587748947895
6 0.9926377002198944 0.7457215952990423 0.01472459956021126 0.032232146641955416
10 0.13014644553779786 0.8597891730508251 0.11889636605673433 0.2764757091631601