6 0.02109375 0.01796875 0.01484375 0.0359375
6 0.384375 0.0625 0.0796875 0.125
23 0.48125 0.0984375 0.04921875 0.04921875
1 0.48125 0.0265625 0.07265625 0.053125
6 0.56640625 0.06484375 0.078125 0.1296875
6 0.65234375 0.065625 0.07734375 0.13125
6 0.7390625 0.065625 0.0796875 0.13125
19 0.8234375 0.0640625 0.078125 0.12734375
6 0.88046875 0.08203125 0.02421875 0.09140625
1 0.95703125 0.05625 0.08515625 0.1125
23 0.00234375 0.040625 0.0046875 0.08046875
1 0.08984375 0.35 0.1796875 0.484375
1 0.0890625 0.8328125 0.178125 0.334375
6 0.27890625 0.340625 0.07734375 0.2953125
6 0.27890625 0.85859375 0.07734375 0.28203125
1 0.58671875 0.57734375 0.48984375 0.8453125
6 0.88984375 0.346875 0.0796875 0.290625
6 0.86640625 0.53046875 0.0484375 0.046875
6 0.86640625 0.6828125 0.0484375 0.04453125
6 0.88828125 0.85625 0.0796875 0.2875
23 0.96484375 0.86640625 0.0265625 0.19140625
23 0.9984375 0.2484375 0.003125 0.0421875
23 0.9984375 0.29921875 0.003125 0.0421875
23 0.9984375 0.35234375 0.003125 0.0421875
8 0.59140625 0.603125 0.30234375 0.79375
8 0.14921875 0.4765625 0.03828125 0.1765625
8 0.14921875 0.97734375 0.0359375 0.04453125
8 0.04765625 0.3828125 0.0953125 0.196875
8 0.04375 0.92421875 0.0875 0.1515625