1 0.0890625 0.075 0.178125 0.15
6 0.27890625 0.00546875 0.07734375 0.0109375
1 0.58671875 0.02578125 0.48984375 0.05078125
6 0.8890625 0.003125 0.0796875 0.00625
23 0.95390625 0.3546875 0.0921875 0.1484375
6 0.11796875 0.40546875 0.01640625 0.0421875
6 0.140625 0.390625 0.025 0.09375
6 0.12890625 0.64765625 0.078125 0.29296875
6 0.475 0.17265625 0.03359375 0.1421875
23 0.6125 0.65078125 0.05078125 0.04921875
17 0.5234375 0.18359375 0.04140625 0.184375
17 0.57578125 0.328125 0.04296875 0.19296875
6 0.7015625 0.228125 0.078125 0.2953125
6 0.78671875 0.228125 0.08046875 0.2953125
17 0.62578125 0.18984375 0.040625 0.1890625
6 0.590625 0.15078125 0.01640625 0.046875
6 0.5671875 0.16015625 0.021875 0.0953125
23 0.86484375 0.88359375 0.04921875 0.046875
2 0.9390625 0.88671875 0.06484375 0.05703125
4 0.90546875 0.6390625 0.15 0.33515625
8 0.59140625 0.0109375 0.30234375 0.02109375
8 0.14921875 0.0625 0.0359375 0.125
8 0.04375 0.02109375 0.0875 0.0421875
8 0.96796875 0.35703125 0.04375 0.0421875