6 0.26953125 0.07109375 0.01796875 0.046875
20 0.90546875 0.2640625 0.153125 0.52734375
23 0.175 0.08515625 0.025 0.096875
23 0.20390625 0.0921875 0.025 0.09453125
23 0.234375 0.09609375 0.0296875 0.096875
23 0.14609375 0.08671875 0.0265625 0.1
23 0.11640625 0.08671875 0.0265625 0.09453125
23 0.05859375 0.0796875 0.025 0.0921875
23 0.0875 0.0828125 0.025 0.0921875
23 0.73515625 0.23125 0.028125 0.09453125
6 0.1734375 0.18203125 0.028125 0.034375
6 0.125 0.178125 0.0265625 0.03125
6 0.0421875 0.28515625 0.03125 0.034375
23 0.028125 0.40390625 0.05625 0.05234375
23 0.61875 0.525 0.0546875 0.046875
6 0.03515625 0.5078125 0.0296875 0.02890625
6 0.70078125 0.61171875 0.0328125 0.03125
6 0.0015625 0.5578125 0.003125 0.05
23 0.05859375 0.60625 0.028125 0.09453125
6 0.7078125 0.66953125 0.05625 0.046875
6 0.09140625 0.62109375 0.0296875 0.02890625
6 0.1390625 0.625 0.03125 0.03671875
23 0.54140625 0.76484375 0.0265625 0.096875
6 0.16015625 0.7375 0.028125 0.03671875
6 0.11171875 0.73515625 0.0328125 0.03671875
6 0.02734375 0.7796875 0.028125 0.03125
10 0.9 0.86328125 0.109375 0.27265625
6 0.0046875 0.8015625 0.00859375 0.02890625