20 0.09562764720141896 0.9005189784032741 0.14197220282385162 0.10728795680654812
23 0.047628067892816935 0.9666485894391219 0.011960442399010318 0.03572946008590847
23 0.08356556789281692 0.9685319940071061 0.01196044239901033 0.03572946008590847
23 0.11952579994612829 0.9711966485750905 0.012741692399010329 0.03577040366347326
23 0.15077579994612827 0.9728343916776854 0.01117919239901033 0.03568851650834333
20 0.19098533049573624 0.39769827283992143 0.0382190655185485 0.05348684814554918
20 0.4108779448397858 0.502049337402957 0.055782301728494944 0.174536332541717
20 0.3551761434404953 0.936791210707506 0.11815426959604132 0.12641757858498792
20 0.5278778575471179 0.9428882119228159 0.11728209138279588 0.1142235761543681
23 0.40310517808023133 0.9587563608087052 0.024627926959604095 0.015331750904510954
23 0.48355119602692 0.9621922992978875 0.023065426959604098 0.015249863749381375
20 0.5559620904583591 0.7967144634768102 0.03964517319868044 0.048881235300678935
20 0.9175301943285199 0.9290724526505618 0.16493961134296029 0.14185509469887628
6 0.6887531730656665 0.9990261567156908 0.08381271034569907 0.0019476865686183231
12 0.713363064989823 0.8712684854122206 0.14937552586424746 0.09363489258219673
12 0.7071692377927921 0.765635961101961 0.1493527938109361 0.09285364258219672
8 0.7204397790964456 0.8731994776103045 0.04986961935861452 0.05175725180902226
8 0.704757291632858 0.7631693803692665 0.0638866552519918 0.05093173620519007
20 0.8601384957768581 0.39298411239058495 0.03982702962517095 0.05513123530067894
20 0.7047416051063424 0.5213503725673503 0.055782301728494944 0.174536332541717
9 0.5576931088672662 0.4808814235627185 0.17454902210332363 0.12771664348670786
20 0.036750123053031145 0.4855623637493814 0.05022262351524955 0.17112472749876276