6 0.8522685068974049 0.07102132278335108 0.03942767017181623 0.023657977874093516
23 0.7198720867255884 0.08678325578645904 0.09940685775648746 0.0825642510334573
9 0.8456223592268255 0.13806327356913933 0.10310506784239593 0.09364730024766903
23 0.7195987697877037 0.15177255500067074 0.08526911465389268 0.05073205417661044
9 0.132225462177844 0.13907111621110374 0.264450924355688 0.11407973242220751
9 0.38202020465884134 0.15249587716935847 0.10610391508343389 0.10625646215832782
18 0.27869048677101693 0.1515990031003719 0.03850365728151779 0.11012201674922299
18 0.3130245431934521 0.15398129445670078 0.040352762324471846 0.1156635413563289
6 0.7212940665992005 0.19414199151843542 0.039468613749381376 0.024439227874093517
9 0.907203911126705 0.2631039689782441 0.04213326831736595 0.0604131151776464
12 0.712672661126705 0.2540435303935649 0.14833568068726616 0.09419526385373889
9 0.16251885289524756 0.27619228060296186 0.04270980042954129 0.05654325248119933
6 0.8301600542747286 0.3135534251407159 0.03864642017181659 0.02362159057054054
6 0.714084674921515 0.31676185421488245 0.03868736374938138 0.02440284057054054
12 0.7856553804848674 0.4305204472666224 0.1153217848257091 0.07395338440806878
12 0.11275346901947816 0.40387847890755085 0.1137592848257091 0.07388060980096292
29 0.1396069753510562 0.5851841368892682 0.2792139507021124 0.2578682737785364
29 0.7770229296712132 0.6251244718737283 0.35269671132910363 0.2759483397419711
25 0.3293257360936484 0.6050557969379001 0.030254066033373484 0.04193494292790554
9 0.4731266457500154 0.6556102227022977 0.04254602611928178 0.053418252481199247
6 0.07902476368326827 0.7187029582293863 0.046087105947465276 0.03176157630251701
6 0.7561228522178791 0.7549382504097755 0.046168993102595125 0.03332407630251701
28 0.29609939902937576 0.7758027905277594 0.0428735747398008 0.059668252481199245
12 0.08130323665947531 0.7947753066578098 0.1522419306872661 0.09437720037150363
2 0.9311804059267808 0.8367084429233962 0.03552142017181659 0.02347604135632899
12 0.756057575194086 0.8309014369275403 0.14841756784239593 0.09575776385373871
2 0.2411728816165212 0.8077034538861602 0.036302670171816584 0.023512428659881835
23 0.2972181637286968 0.8142295897419711 0.025818871551297563 0.016789393713693812
23 0.2972214857549641 0.8291097270455239 0.024955734396167807 0.015190506410140614