20 0.0799673354550853 0.8980886724832902 0.14022610534690846 0.10242734496658024
23 0.030767314131084876 0.9659659192368792 0.01134658000477251 0.035347164772652206
23 0.06670481413108488 0.9665932106327372 0.01134658000477251 0.035347164772652206
23 0.10265140479785759 0.9680017520285948 0.012127830004772511 0.03536080154212762
23 0.1339014047978576 0.9685472228076015 0.01056533000477251 0.03533352800317715
20 0.18420556138604302 0.3914177069792891 0.03731873400699968 0.052203428165332966
20 0.40247485073199696 0.4881774788933864 0.05278119668999892 0.1727613900158861
20 0.33894289345953965 0.9320534795039419 0.11569882001909004 0.1358930409921161
20 0.5116173247930851 0.935126251723317 0.11488120735199914 0.12974749655336595
23 0.38670823146081235 0.9456217861175567 0.024382382001908988 0.014485239853730292
23 0.4671678907940396 0.9462451233734992 0.022819882001908987 0.01445796631478018
20 0.5425389661043589 0.7780639135515411 0.03882669000636341 0.04754320170428343
20 0.9104093905553612 0.914893392549982 0.1791812188892777 0.17021321490003594
6 0.6715923088000848 0.9882126607121673 0.08321248933799978 0.02357467857566533
6 0.7449207207988121 0.9862424265371846 0.025944882001908986 0.014512513392680759
12 0.6987804227800403 0.8471838806771 0.14787497334499947 0.08850121266133186
12 0.6944281827657226 0.7416605835991993 0.14786588267822687 0.08771996266133186
8 0.7058298541135857 0.8488691116023764 0.04901021200668154 0.050064229707460585
8 0.6920571607654045 0.7392759232907737 0.063054530673136 0.04874719155801355
20 0.8540544373806341 0.36327430518898496 0.03889941534054486 0.053793201704283346
20 0.6962703040658605 0.49721115421605033 0.05278119668999892 0.1727613900158861
9 0.5497947460614062 0.4618485783241935 0.1724755313494537 0.12173645251506215
20 0.028292463399087885 0.48477046631477994 0.04727608402290804 0.16954093262955983