12 0.04244750824676321 0.7081776701718165 0.046341454077492815 0.09135534034363317
8 0.024660614673253933 0.7134859678878243 0.008395173198680429 0.04724349219808381
6 0.1161517812080168 0.6675770036180446 0.0155628155185485 0.05229948439616781
6 0.1973623287798766 0.7240969985296619 0.08259119114536909 0.05035188206674697
6 0.20004940808847865 0.6555926599950512 0.08488947703874636 0.04891221279944169
6 0.19990700409012813 0.5970807971501809 0.08259119114536909 0.05035188206674697
6 0.21240099241164562 0.5439115315463487 0.03746890775927429 0.027705598145549182
12 0.22809052540202907 0.4129038709854706 0.06836486975432585 0.20483798620519006
8 0.22629234468150122 0.43153104025277605 0.03678459765100204 0.08461401741285464
6 0.17001961262818988 0.42780185266810494 0.024718855172849486 0.018456750904511134
6 0.1683518125490476 0.39729215909054005 0.025431909012915456 0.016153944482076098
6 0.2080244148189032 0.28626280585660824 0.040548443652651575 0.026306872455808695
6 0.16322874036658155 0.24803246551297517 0.026304087226160844 0.01931988805964089
1 0.07893997156196307 0.40742739767057934 0.14705948574772804 0.44297979534115867
8 0.028849043348717705 0.40168200870642734 0.0430586443649321 0.30023901741285464
12 0.6005949773679509 0.6953057717082677 0.14721363229073817 0.09976206184950201
12 0.6032844051854849 0.5464555139063516 0.15176473997087 0.09532022331489128
12 0.7701860633404705 0.7330558344622808 0.15174200791755865 0.09453897331489144
12 0.7710916823033734 0.6301355523501053 0.15252325791755866 0.09457991689245623
12 0.9390818496960662 0.8447347201470725 0.12183630060786754 0.09347111827193721
12 0.9369413735152495 0.430876938034897 0.126117252969501 0.09618668249628844
8 0.6101745658477529 0.7028283446390462 0.06170202962517113 0.056277655472495525
8 0.7820639377136498 0.7391387381257541 0.06170202962517131 0.056277655472495525
8 0.9623855866974352 0.8507766802329808 0.06170202962517095 0.056277655472495525
8 0.5987332975053528 0.5508973524409624 0.05382133346523723 0.053524469696846745
8 0.7759155746232415 0.6350687138154946 0.05382133346523723 0.053524469696846565
6 0.7404206923325034 0.5411615835577697 0.08495767319868044 0.05125596279944169
6 0.7606866943775673 0.8355257372212428 0.08261392319868044 0.05113313206674732
20 0.5702422361434394 0.6172693029159322 0.09596336935861452 0.054172922885349986
6 0.5687526293212374 0.4588393272261916 0.08346336935861451 0.05351782564431211
6 0.650184485747728 0.46934745929293875 0.024627926959604095 0.015331750904511133
6 0.6486530779884537 0.443525265715374 0.025454641066226812 0.0169351944820761
20 0.5607378893503672 0.37105272218323754 0.09924749373179384 0.0598054471956095
12 0.6833941393503672 0.37748086386092305 0.15020223997087018 0.09523833615976152
20 0.7505110946815012 0.4590041807988078 0.03431281551854841 0.0532821302577247
6 0.8260650241483878 0.45516320782260067 0.08346336935861451 0.05351782564431211
6 0.9620177416035961 0.7659070352759351 0.07596451679280776 0.053476882066746965
6 0.9626092440609982 0.7244188981208053 0.039653533386094966 0.02235967887824373
6 0.9618363542484125 0.6978563981208052 0.04121603338609461 0.02244156603337366
20 0.924991920624891 0.5843770742855157 0.10838446450233405 0.15935174581612835
6 0.9474231986007094 0.49740601876759155 0.039698997492717325 0.023922178878243727
6 0.9689127875427299 0.19040906829262177 0.02467339106622681 0.016894250904511132
6 0.9919258229248413 0.19093801277469782 0.016148354150317346 0.019773589439121907
6 0.9917098684183834 0.17375051277469783 0.016580263163233154 0.015086089439121908
6 0.9665175617576247 0.13489937471505692 0.026994409012915454 0.016235831637205766
6 0.9806111539983504 0.10989605268878955 0.022261444906293094 0.014427670171816499
8 0.9527268125490476 0.43839951096567553 0.050491744985435 0.04632944538658705
6 0.9466610174844703 0.36397604307785114 0.080937762932124 0.04714499491161739
6 0.943112468658969 0.3224469623451565 0.0421109436526514 0.02638875961093845
6 0.9451235980467135 0.284329486655416 0.08415369114536908 0.0504337692218769
6 0.9018676915410804 0.24539978346691269 0.04034385517284918 0.019275622455808696
6 0.9049328555685608 0.21669825135473708 0.041951819279472245 0.02092000961093845
6 0.9040690375427299 0.18701075135473708 0.040389319279472244 0.020838122455808693
23 0.9022421130904081 0.1510323077771722 0.04378710391920819 0.030376896766068206
23 0.9065598885589443 0.0849536063976912 0.044591085972519554 0.03119909034363304
6 0.9028725989046433 0.11908294493230195 0.038022837226160885 0.01993404172311406
6 0.9018807487463587 0.05818638850986683 0.038136497492717324 0.023840291723114037
8 0.9030233630904082 0.1510732513547371 0.017042747492717326 0.022734815128862395
8 0.9065371565056332 0.0841723563976912 0.015457515439405966 0.02187167797373264
6 0.822774888096726 0.39570632066747097 0.08261392319868044 0.05113313206674706
6 0.8217148417785074 0.33246601424503586 0.08339517319868044 0.05117407564431194
6 0.8156861506331383 0.28612660277964663 0.03983538981258548 0.028609678878243727
6 0.8192597800208826 0.24809101424503588 0.08183267319868044 0.05109218848918218
6 0.8176003401291547 0.19105976424503585 0.0841991552519918 0.051996269221876855
6 0.8314893438900783 0.15902519221876849 0.023869409012915455 0.016072057326946255
23 0.836389792557295 0.13978054726172262 0.024650659012915455 0.01611300090451113
20 0.7495944862099464 0.15941361657445652 0.03488947703874636 0.04629182383528967
6 0.6665773977301443 0.14804234735257968 0.03889501543940614 0.023099985300678937
6 0.6705805876218722 0.20519642808527427 0.0849804052519918 0.05203721279944169
12 0.679998703219563 0.28759617028335815 0.1516965438109361 0.09297647331489127
8 0.6937322457768579 0.3842631303692664 0.06158836935861452 0.052371405472495434
8 0.691072595539431 0.29285688036926644 0.06158836935861452 0.052371405472495434
6 0.563799390208297 0.20818090795888627 0.040616639812585655 0.028650622455808693
12 0.44245323911294027 0.2735868227036359 0.15017950791755882 0.09445708615976152
12 0.43610028754272995 0.1624855483933764 0.15107441818411543 0.09840427973732639
8 0.45194189937949697 0.2779843956344144 0.0607616552519918 0.05076796189493056
8 0.4424412157559754 0.1659380970138954 0.052236101411925875 0.05266133254171694
6 0.19433633636823103 0.19115834577069998 0.08424461935861442 0.053558769221876856
23 0.027270856822202132 0.15978111374938142 0.010352478292387645 0.03408507293077854
6 0.10616273495630521 0.13661360866099875 0.03894047954602886 0.024662485300678938
12 0.033895278371529926 0.06574118668015991 0.06582723997087014 0.09081642978275495
12 0.03053694615993402 0.0039405495250301615 0.06107389231986804 0.007881099050060323
8 0.01608565274470931 0.07026823439616776 0.029579851411925796 0.051473968792335525
6 0.3930142141066227 0.022157119515132596 0.08290342821324534 0.007465019221876856
23 0.5061734436526516 0.05070924468447473 0.011065532132453626 0.03178226650834337
23 0.5226251577592742 0.05313155981333713 0.009503032132453626 0.03170037935321364
23 0.5398126577592743 0.0540323185197644 0.011110996239076344 0.03334476650834337
23 0.555414925705963 0.0540699400710619 0.009525764185764984 0.03248162935321364
23 0.5717984436526515 0.05414850519992431 0.010284282132453627 0.03174132293077849
23 0.5890314077592743 0.05661176390635157 0.011892246239076342 0.03338571008590827
23 0.6046564077592743 0.05743063545764909 0.008767246239076343 0.03322193577564876
23 0.6210626577592743 0.058290450586511486 0.010329746239076343 0.033303822930778514
23 0.6374689077592743 0.059150265715373886 0.010352478292387701 0.03408507293077852
23 0.6538978898125856 0.06079133084423628 0.010329746239076343 0.033303822930778514
23 0.6710626577592742 0.06091083955066355 0.011088264185764984 0.032563516508343396
23 0.6867103898125856 0.06251096110196107 0.010284282132453627 0.03174132293077851
23 0.7030939077592743 0.06258952623082346 0.010329746239076343 0.033303822930778514
23 0.7195228898125856 0.06423059135968587 0.010329746239076343 0.033303822930778514
23 0.7351478898125856 0.06504946291098337 0.010352478292387701 0.03408507293077852
23 0.7523353898125855 0.06595022161741064 0.0119149782923877 0.03416696008590825
23 0.768764371865897 0.06759128674627304 0.011110996239076344 0.03334476650834337
23 0.7851478898125855 0.06766985187513544 0.0119149782923877 0.03416696008590825
23 0.8096477846397361 0.051792546357211464 0.02315635517284953 0.01837486374938142