9 0.44751180920344724 0.8877727522774347 0.1286555350947026 0.17066221878180698
9 0.27876180920344734 0.8936656321291672 0.1312539530794803 0.17699406433530313
9 0.049773247244215224 0.8648685426509386 0.09954649448843045 0.10620041469812272
24 0.8366034841083071 0.8351784540993824 0.2638727934976597 0.2151711653310951
23 0.6015745681006959 0.8402652913001762 0.023292919961943957 0.016416173683797552
2 0.6407007350968903 0.8373386987419048 0.033081755437207504 0.026899805897782514
9 0.4864509282905388 0.7171229463796521 0.04154551285158128 0.06230159255827132
12 0.5105489559708676 0.5852181819516818 0.1521938527754692 0.09737105172143128
9 0.8806041293928526 0.5403098982015999 0.20275622136826926 0.26608633538669524
29 0.013435135114387015 0.42041170372086434 0.02687027022877403 0.24511409255827132
29 0.5120026625103891 0.3963739367610053 0.3620675543720745 0.2700893330244426
25 0.29250324600848626 0.4032588869384906 0.02815417490485981 0.03999008293962447
9 0.150041173384804 0.35752477940409466 0.05088867935348409 0.06184772477225646
25 0.893487425856262 0.31986098894577275 0.05342343034206713 0.06661707032575279
9 0.8141328482896638 0.29532726961581185 0.04313984634967838 0.06313740626060227
6 0.5327528557040375 0.2700470497376967 0.044896005931498985 0.02965278366526398
28 0.3055656146012861 0.23585313212916711 0.04535626235728962 0.06009425181409851
2 0.35931003851756277 0.19965024810108342 0.030515170950527092 0.021349210344286274
12 0.5297817060080487 0.18979655454702016 0.1465341017868859 0.09249257876327333
23 0.30409595650234034 0.19533725953382883 0.02485541996194396 0.016470737386128233
23 0.3055138764642843 0.1796849776826634 0.02479175296574958 0.014908237386128276