23 0.6090594628537689 0.9437623135326948 0.012210839923887917 0.03163194591631609
23 0.6418719628537689 0.942616475783747 0.010680173421985018 0.032358632213985314
23 0.5778094628537689 0.9448535875793119 0.012928422927693362 0.030096727767481467
23 0.5614032128537689 0.9454265064537861 0.011461423421985018 0.0323859140651507
23 0.7379975463518661 0.9384795580903994 0.011588757414373773 0.0355109140651507
23 0.6895600463518661 0.9401710328626557 0.011588757414373773 0.0355109140651507
23 0.6739350463518661 0.9407166698859644 0.010807507414373774 0.03548363221398532
23 0.6254975463518659 0.9424081446582206 0.011493256920082118 0.0331671640651507
23 0.5934662963518661 0.9435267005560034 0.011334089429596262 0.0292609140651507
23 0.7216231298499632 0.9382712269648732 0.013087590418179395 0.03400297776748147
23 0.7059981298499632 0.9388168639881818 0.013183090912471052 0.03634672776748147
23 0.6575606298499632 0.9405083387604382 0.010743840418179395 0.033921132213985315
23 0.5458418798499632 0.9444096434770944 0.012306340418179396 0.033975695916316086
23 0.5302168798499632 0.9449552805004032 0.011461423421985018 0.0323859140651507
23 0.4974043798499633 0.9461011182493511 0.011493256920082118 0.0331671640651507
23 0.4810299633480605 0.9458927871238249 0.011525090418179396 0.0339484140651507
23 0.4654049633480605 0.9464384241471336 0.011461423421985018 0.0323859140651507
23 0.512375463842352 0.9424577630772077 0.010743840418179395 0.033921132213985315
23 0.7670457177966847 0.9148411614484437 0.02635425296574958 0.014962801088459089
23 0.767905222245309 0.8937474114484438 0.025604836463846682 0.015716769237293704
23 0.4562819727396006 0.9022891200634497 0.02326108646384668 0.015634923683797552
23 0.768860227188225 0.8703099114484438 0.02482358646384668 0.01568948738612832
23 0.45636022718822494 0.8812226519146151 0.02401050296574958 0.014880955534962936
23 0.7697515651349465 0.8484349114484437 0.025604836463846682 0.015716769237293704
23 0.45884589863304354 0.8585118382122842 0.02326108646384668 0.015634923683797552
23 0.7706110695835706 0.8273411614484438 0.02554116946765248 0.014154269237293704
23 0.459737236579765 0.8366368382122842 0.02401050296574958 0.014880955534962936
23 0.7715024075302921 0.8054661614484437 0.025604836463846682 0.015716769237293704
23 0.39337740753029216 0.8186705774125109 0.02247983646384668 0.015607641832632168
19 0.3168149075302922 0.8213441988267227 0.02638608646384668 0.01574405108845909
23 0.45906607452648646 0.8148164019146151 0.02322925296574958 0.014853673683797553
23 0.7724255789751109 0.7828099114484438 0.02404233646384668 0.015662205534962937
23 0.461519912473208 0.7928868382122841 0.022416169467652302 0.014045141832631992
1 0.9401343438038584 0.7067409408525386 0.08051244273653779 0.5208234206885723
18 0.37127691445037436 0.7866765329474739 0.07032442885919252 0.0601860210513923
9 0.32146791543895753 0.7837350714220612 0.035535593383928976 0.04882936960011328
1 0.6137827494313463 0.7704066590861911 0.23539230783211557 0.28204864128447776
23 0.7733169169218324 0.7609349114484438 0.02485541996194396 0.01647073738612832
23 0.4616300004199295 0.7710391200634495 0.02247983646384668 0.015607641832631991
23 0.7749258378723594 0.7405951295972784 0.02479175296574958 0.01490823738612832
23 0.462521338366651 0.7491641200634496 0.02244800296574958 0.01482639183263199
6 0.3522841753247893 0.7358506429289403 0.035920253954332716 0.019977683302444225
23 0.3156609258190809 0.7347891399337154 0.023978669467652303 0.014099705534962936
23 0.7758808428152753 0.7171576295972784 0.02401050296574958 0.014880955534962936
19 0.40009959281527524 0.7302802000078492 0.023292919961943957 0.016416173683797552
23 0.4634445098114696 0.7265078700634495 0.02326108646384668 0.015634923683797552
18 0.055232761788635995 0.7314012782229684 0.049291687262149476 0.09923859736759474
18 0.0001353445824768615 0.7338839266790222 0.000270689164953723 0.10254464664195542
18 0.017119573707952564 0.7327926526324052 0.03423914741590513 0.10195436960011328
23 0.7759590972638996 0.6960911614484437 0.02401050296574958 0.014880955534962936
23 0.464304014260094 0.7054141200634495 0.02244800296574958 0.01482639183263199
18 0.34596784973535744 0.6994047114405946 0.075888679353484 0.06272074400955034
9 0.1850621832334547 0.7042435227806727 0.04050959486680368 0.05602431070710594
9 0.3945326837277463 0.694588236668338 0.03410042737631773 0.051899805897782515
23 0.7776635187087182 0.6734076295972784 0.02401050296574958 0.014880955534962936
23 0.4651635187087182 0.6843203700634495 0.02479175296574958 0.01490823738612832
23 0.7785230231573426 0.6523138795972784 0.02716733646384668 0.01577133293962447
23 0.46608669015353693 0.6616641200634495 0.02479175296574958 0.01490823738612832
23 0.7802274446021611 0.629630347746113 0.025573002965749582 0.014935519237293703
23 0.4661967781002584 0.6398164019146149 0.02401050296574958 0.014880955534962936
23 0.7811187825488826 0.6077553477461131 0.02635425296574958 0.014962801088459089
23 0.6724122860089239 0.5951685569092728 0.013055756920082118 0.03322172776748147
23 0.5286622860089238 0.6001884175237115 0.010712006920082118 0.03313988221398514
23 0.7365066195070209 0.5921501951137078 0.011365922927693362 0.030042164065150524
23 0.656819119507021 0.5949329439325814 0.011525090418179396 0.03394841406515052
23 0.5763503695070209 0.5977429746026205 0.011525090418179396 0.03394841406515052
23 0.7521634530051182 0.5908233080903992 0.011429589923887918 0.0316046640651507
23 0.7193509530051182 0.5919691458393472 0.012274506920082117 0.03319444591631608
23 0.5927884530051182 0.5963888057281466 0.011493256920082118 0.0331671640651507
23 0.5443509530051183 0.5980802805004031 0.011493256920082118 0.03316716406515052
23 0.7045072030051183 0.5924875010114903 0.011620590912470873 0.0362921640651507
23 0.6881009530051182 0.5930604198859644 0.012401840912470874 0.036319445916315904
23 0.6248197030051181 0.5952702498303639 0.011525090418179396 0.03394841406515052
23 0.5607572030051181 0.5975073616259291 0.012242673421985017 0.032413195916316084
23 0.5123197030051182 0.5991988363981855 0.012401840912470874 0.036319445916316084
23 0.49669470300511814 0.5997444734214941 0.011525090418179396 0.0339484140651507
23 0.6404765365032153 0.5939433628070554 0.011588757414373773 0.03551091406515052
23 0.6084452865032153 0.595061918704838 0.013151257414373774 0.035565477767481465
23 0.48032028650321534 0.5995361422959682 0.011493256920082118 0.03316716406515052
9 0.32934271832815737 0.5330356669755575 0.04310801285158128 0.06235615626060227
23 0.22526005479200412 0.5218476850317249 0.0847225098858317 0.0497668762235353
23 0.025607529867459983 0.5292137848463903 0.051215059734919965 0.049384930307219396
9 0.761273150647391 0.44383918068573747 0.04369826186299797 0.05769593811176765
28 0.009532873004243127 0.4415600174231951 0.019065746008486255 0.05750496515360979
2 0.05468491102751429 0.4193650696927806 0.03542550543720746 0.026981651451278843
23 0.004836749981409477 0.4018526766790223 0.009673499962818953 0.014880955534962936
12 0.2803653433467479 0.3373709921106337 0.14949993429639993 0.08869545616793503
12 0.057982301863435615 0.3391691382044349 0.11596460372687123 0.09041172359113023
23 0.16814918623638525 0.2960416423807862 0.038327670950527096 0.021622028855940556
6 0.13383785323257963 0.29567954383206496 0.024791752965749536 0.01490823738612832
23 0.13457002368881515 0.277710793832065 0.025604836463846724 0.015716769237293704
6 0.12371077813743943 0.25702627159954644 0.034357753954332715 0.01992311960011346
23 0.13625719908796652 0.23630454383206495 0.022511669961943915 0.01638889183263199
6 0.1261792035365908 0.21559273974838095 0.03510717045623548 0.019169151451278843
23 0.13719495798521508 0.1941443256832304 0.024074169961943913 0.016443455534962848
6 0.12858396193954777 0.17572170789721553 0.039826503954332716 0.020114092558271412
17 0.27700421589388047 0.15181543802694966 0.19467446593106147 0.2400595487262064
1 0.05492096885963001 0.14552826560909665 0.10972912155854941 0.18482392250267105
9 0.528115729734045 0.0775148093563436 0.04229492935348418 0.06154762440943682
9 0.8657748972245308 0.061822799652878735 0.04422484387822081 0.0514732199629331
9 0.1389882856567956 0.9179811297669144 0.2779765713135912 0.1632564904661713