6 0.94140625 0.00625 0.08359375 0.01171875
6 0.471875 0.00078125 0.0390625 0.00078125
6 0.2875 0.0078125 0.025 0.01484375
6 0.30078125 0.0421875 0.025 0.0140625
6 0.24140625 0.015625 0.009375 0.03125
6 0.3015625 0.08046875 0.0265625 0.01484375
6 0.30078125 0.09765625 0.0265625 0.01484375
6 0.2140625 0.05234375 0.009375 0.0328125
6 0.22734375 0.053125 0.01015625 0.03359375
6 0.2484375 0.078125 0.02421875 0.01484375
6 0.24921875 0.11640625 0.025 0.01484375
6 0.18046875 0.0546875 0.0140625 0.053125
6 0.1609375 0.0515625 0.01171875 0.03359375
23 0.4078125 0.02421875 0.021875 0.01328125
23 0.38125 0.0421875 0.025 0.0140625
23 0.38125 0.09765625 0.02578125 0.015625
23 0.40859375 0.09765625 0.02734375 0.015625
23 0.4234375 0.0390625 0.02265625 0.01484375
23 0.42421875 0.0546875 0.02265625 0.0140625
6 0.40859375 0.11640625 0.0234375 0.0140625
6 0.9296875 0.053125 0.0390625 0.021875
20 0.9421875 0.19609375 0.103125 0.13671875
23 0.85625 0.02734375 0.0234375 0.01484375
23 0.85625 0.05 0.0234375 0.015625
23 0.85625 0.07109375 0.021875 0.01484375
23 0.85703125 0.09375 0.0234375 0.0140625
23 0.85703125 0.11640625 0.0234375 0.0140625
23 0.85703125 0.13828125 0.02421875 0.01328125
23 0.85703125 0.16171875 0.0234375 0.01171875
23 0.85703125 0.1828125 0.02265625 0.01484375
23 0.8578125 0.20625 0.0234375 0.01484375
23 0.85703125 0.22734375 0.02421875 0.0140625
23 0.8578125 0.25 0.0234375 0.01328125
23 0.85625 0.27265625 0.02265625 0.0140625
23 0.85703125 0.29453125 0.025 0.0140625
23 0.53359375 0.00625 0.0234375 0.01171875
23 0.53359375 0.028125 0.02265625 0.0140625
23 0.53359375 0.05078125 0.025 0.01484375
23 0.53359375 0.0734375 0.02578125 0.01484375
23 0.53359375 0.09609375 0.02421875 0.0140625
23 0.534375 0.1171875 0.025 0.01328125
23 0.53359375 0.13984375 0.0234375 0.01484375
23 0.534375 0.16328125 0.02421875 0.0109375
23 0.534375 0.18515625 0.02421875 0.01328125
23 0.53515625 0.2078125 0.0234375 0.0140625
23 0.534375 0.2296875 0.02421875 0.01328125
23 0.53359375 0.253125 0.02421875 0.01328125
23 0.53515625 0.27421875 0.025 0.01484375
23 0.53359375 0.29609375 0.02265625 0.0140625
23 0.534375 0.31875 0.02421875 0.01328125
23 0.5578125 0.33671875 0.009375 0.0328125
23 0.5734375 0.3375 0.01015625 0.03359375
23 0.5890625 0.33671875 0.009375 0.0328125
23 0.60625 0.3359375 0.01015625 0.0359375
23 0.62265625 0.3375 0.01328125 0.0359375
23 0.83359375 0.3375 0.009375 0.0359375
23 0.81796875 0.33515625 0.009375 0.03359375
23 0.80078125 0.33515625 0.0109375 0.0359375
23 0.78515625 0.33671875 0.01171875 0.03515625
23 0.76875 0.3359375 0.0109375 0.0359375
23 0.753125 0.3359375 0.009375 0.0359375
23 0.73671875 0.33671875 0.009375 0.03515625
23 0.71953125 0.3359375 0.01015625 0.03359375
23 0.70390625 0.3375 0.009375 0.03359375
23 0.68671875 0.3359375 0.01015625 0.03828125
23 0.69609375 0.3890625 0.0390625 0.01484375
23 0.671875 0.3359375 0.0109375 0.0359375
23 0.65546875 0.3359375 0.0109375 0.03359375
23 0.6390625 0.3375 0.01015625 0.03671875
20 0.5921875 0.41171875 0.03125 0.04296875
6 0.51640625 0.4078125 0.0828125 0.04453125
6 0.70625 0.05859375 0.009375 0.03125
6 0.71953125 0.05703125 0.009375 0.0328125
6 0.74609375 0.1125 0.009375 0.03359375
6 0.76015625 0.11328125 0.00859375 0.03515625
6 0.72890625 0.14765625 0.0375 0.0203125
6 0.69921875 0.1125 0.015625 0.053125
6 0.67578125 0.14765625 0.0375 0.01796875
6 0.69921875 0.1875 0.01640625 0.05078125
6 0.7203125 0.1859375 0.01015625 0.03359375
6 0.73359375 0.1859375 0.01015625 0.0359375
6 0.74765625 0.1859375 0.00859375 0.03515625
6 0.7609375 0.1859375 0.01015625 0.03359375
6 0.65234375 0.1140625 0.00859375 0.03359375
6 0.665625 0.11171875 0.00859375 0.03359375
6 0.65390625 0.18515625 0.009375 0.0328125
6 0.6671875 0.1859375 0.00859375 0.03359375
6 0.6796875 0.18671875 0.009375 0.0359375
23 0.59453125 0.2421875 0.00703125 0.03203125
6 0.70546875 0.26015625 0.009375 0.03515625
6 0.7203125 0.2609375 0.00859375 0.03671875
6 0.92890625 0.31015625 0.0390625 0.0203125
6 0.928125 0.34296875 0.0390625 0.0203125
6 0.4734375 0.18515625 0.0390625 0.0171875
6 0.47421875 0.2078125 0.0390625 0.0203125
6 0.4734375 0.23125 0.03828125 0.0203125
6 0.47421875 0.28125 0.03828125 0.0203125
6 0.46953125 0.33359375 0.025 0.01171875
23 0.01875 0.00703125 0.0234375 0.0140625
23 0.0015625 0.025 0.003125 0.015625
23 0.0203125 0.02578125 0.02109375 0.01484375
23 0.0015625 0.04296875 0.003125 0.0140625
6 0.1 0.00703125 0.02421875 0.0140625
6 0.14609375 0.00859375 0.0078125 0.0171875
6 0.1203125 0.0171875 0.009375 0.03359375
6 0.13359375 0.05234375 0.01015625 0.0328125
6 0.11328125 0.06171875 0.02265625 0.0171875
6 0.059375 0.04296875 0.02421875 0.01796875
6 0.06015625 0.08046875 0.025 0.0140625
6 0.059375 0.09765625 0.02421875 0.0140625
6 0.11328125 0.0984375 0.02734375 0.01796875
6 0.01953125 0.08046875 0.025 0.0171875
23 0.25390625 0.01484375 0.0078125 0.0296875
6 0.11484375 0.14375 0.03828125 0.0203125
12 0.05 0.64375 0.1 0.0859375
12 0.05234375 0.753125 0.1046875 0.0859375
8 0.0328125 0.64140625 0.04921875 0.046875
8 0.0359375 0.75078125 0.04921875 0.046875
6 0.00234375 0.21796875 0.0046875 0.0359375
6 0.1140625 0.171875 0.02265625 0.01171875
6 0.0609375 0.18984375 0.0234375 0.01328125
6 0.1140625 0.209375 0.02265625 0.01484375
6 0.1828125 0.234375 0.01328125 0.05
6 0.0203125 0.2828125 0.02421875 0.01484375
6 0.02109375 0.3 0.0234375 0.0109375
6 0.08046875 0.38359375 0.00859375 0.0328125
6 0.06015625 0.24609375 0.025 0.01328125
6 0.08828125 0.26328125 0.02421875 0.01328125
6 0.0875 0.2828125 0.0234375 0.01328125
6 0.121875 0.23671875 0.009375 0.03359375
6 0.13515625 0.2359375 0.01015625 0.03515625
6 0.14765625 0.23671875 0.009375 0.03515625
6 0.1609375 0.23515625 0.00859375 0.03359375
6 0.1140625 0.28359375 0.02421875 0.0140625
6 0.134375 0.27421875 0.01015625 0.0328125
6 0.14765625 0.29140625 0.01015625 0.03359375
6 0.128125 0.375 0.02421875 0.01484375
23 0.15546875 0.39375 0.02109375 0.01484375
23 0.15546875 0.4109375 0.02265625 0.0140625
6 0.15546875 0.42890625 0.02421875 0.01171875
6 0.2015625 0.23671875 0.00859375 0.0328125
6 0.21484375 0.23828125 0.01015625 0.03515625
6 0.228125 0.2359375 0.00859375 0.0328125
6 0.24140625 0.23671875 0.00859375 0.03359375
6 0.24765625 0.18984375 0.025 0.0140625
6 0.24765625 0.2078125 0.02421875 0.0171875
6 0.30078125 0.18984375 0.02578125 0.0140625
6 0.3015625 0.20703125 0.0234375 0.01328125
6 0.40234375 0.18046875 0.009375 0.03203125
6 0.36171875 0.23515625 0.00859375 0.03515625
6 0.3421875 0.2984375 0.025 0.0140625
6 0.275 0.2625 0.02109375 0.01171875
6 0.275 0.2828125 0.0234375 0.0140625
6 0.25546875 0.27421875 0.009375 0.0328125
6 0.22734375 0.2921875 0.009375 0.03515625
6 0.24140625 0.29140625 0.0109375 0.03359375
6 0.38359375 0.3359375 0.0234375 0.0140625
6 0.38359375 0.35390625 0.0234375 0.01484375
6 0.38359375 0.37109375 0.02421875 0.0140625
6 0.384375 0.409375 0.025 0.01171875
6 0.36953125 0.42734375 0.02421875 0.01484375
6 0.2359375 0.39140625 0.0234375 0.01328125
23 0.29609375 0.32734375 0.009375 0.03359375
23 0.221875 0.33671875 0.021875 0.01484375
23 0.22109375 0.35625 0.02109375 0.01171875
23 0.209375 0.3921875 0.025 0.01171875
23 0.209375 0.4109375 0.02265625 0.01328125
23 0.0125 0.53515625 0.0203125 0.0640625
6 0.03359375 0.5359375 0.0125 0.05625
8 0.0125 0.534375 0.01328125 0.02109375
6 0.08984375 0.5328125 0.0125 0.05703125
6 0.1046875 0.53359375 0.0109375 0.0359375
6 0.134375 0.53125 0.01484375 0.05625
12 0.20859375 0.63828125 0.146875 0.08515625
12 0.38671875 0.65 0.14765625 0.08671875
8 0.221875 0.63515625 0.0609375 0.04453125
8 0.40234375 0.64609375 0.06015625 0.046875
6 0.275 0.5359375 0.00859375 0.03359375
6 0.29921875 0.53671875 0.0140625 0.0546875
6 0.32421875 0.53828125 0.01484375 0.05390625
6 0.396875 0.53359375 0.0140625 0.05625
6 0.41875 0.49140625 0.0140625 0.053125
6 0.45 0.45859375 0.0125 0.053125
6 0.45546875 0.56015625 0.08125 0.04609375
6 0.17890625 0.72578125 0.0828125 0.046875
6 0.38828125 0.721875 0.08203125 0.04765625
6 0.3859375 0.77421875 0.08359375 0.04609375
20 0.328125 0.99140625 0.1140625 0.0171875
20 0.5 0.990625 0.1125 0.01875
20 0.446875 0.8703125 0.03828125 0.0515625
23 0.34765625 0.534375 0.021875 0.0625
23 0.3734375 0.534375 0.02109375 0.0625
8 0.37265625 0.5328125 0.01328125 0.02265625
8 0.34765625 0.5328125 0.0125 0.0203125
6 0.46796875 0.3703125 0.0234375 0.01171875
12 0.5359375 0.47734375 0.146875 0.08515625
12 0.69609375 0.44375 0.1453125 0.08359375
12 0.696875 0.53671875 0.1484375 0.0875
6 0.69453125 0.5921875 0.02578125 0.01171875
6 0.828125 0.4453125 0.0390625 0.0203125
6 0.82890625 0.49921875 0.03984375 0.0203125
6 0.821875 0.553125 0.0828125 0.04765625
6 0.54453125 0.53203125 0.0390625 0.01796875
6 0.54375 0.55625 0.0390625 0.01796875
6 0.54921875 0.59453125 0.08203125 0.04609375
6 0.5421875 0.6609375 0.03984375 0.0203125
6 0.5484375 0.709375 0.08203125 0.04609375
6 0.546875 0.77265625 0.08125 0.046875
8 0.5453125 0.47578125 0.05078125 0.05078125
8 0.7140625 0.440625 0.06015625 0.04453125
8 0.70546875 0.5328125 0.04765625 0.04921875
20 0.9078125 0.4140625 0.071875 0.10390625
20 0.91015625 0.64453125 0.06953125 0.2546875
20 0.9109375 0.87109375 0.08125 0.10859375
12 0.7109375 0.83515625 0.15 0.08671875
6 0.7234375 0.92265625 0.08203125 0.046875
8 0.72890625 0.83359375 0.059375 0.04453125
6 0.6609375 0.99375 0.0828125 0.01171875
6 0.73359375 0.996875 0.02421875 0.00625