12 0.01004463944140412 0.7961073867694751 0.002562473344999461 0.0859647735389503
12 0.00991408605186125 0.3821267073863262 0.011973836012090353 0.08925341477265239
23 0.04883441943822244 0.7733517252432337 0.023637494668999892 0.017596603084255237
23 0.04934294943504077 0.7499278620127089 0.024391472668681736 0.015266489853730292
23 0.04908841076540455 0.7280528620127088 0.023619313335454452 0.016034103084255236
23 0.04881569076222288 0.7046153620127088 0.025172722668681737 0.015280126623205348
23 0.048570242759359374 0.6835216120127089 0.02440056333545444 0.016047739853730293
23 0.0482975227561777 0.6600841120127089 0.02440056333545444 0.016047739853730293
23 0.04804298408654147 0.6382091120127089 0.02594488200190901 0.014512513392680582
23 0.04779753608367797 0.6171153620127089 0.024391472668681725 0.015266489853730292
23 0.0483060660804963 0.593691498782184 0.024391472668681725 0.015266489853730292
23 0.048051527410860065 0.571816498782184 0.022828972668681724 0.015239216314780002
23 0.047796988741223845 0.549941498782184 0.02440056333545444 0.016047739853730293
23 0.04674301873804217 0.5264903620127088 0.023637494668999892 0.017596603084255237
23 0.04804188940163322 0.5038613855516592 0.023610222668681735 0.015252853084255058
23 0.04778735073199699 0.48198638555165924 0.025172722668681737 0.015280126623205348
23 0.04753281206236077 0.46011138555165915 0.024391472668681725 0.015266489853730292
23 0.04727827339272454 0.43823638555165917 0.02440056333545445 0.016047739853730293
23 0.04779589405631559 0.4155937723211343 0.022828972668681734 0.015239216314779824
23 0.046760105386679365 0.39370513555165915 0.025172722668681737 0.015280126623205525
23 0.08898725210849501 0.8006097004864673 0.012109648671227057 0.033798301542127616
23 0.105393502108495 0.8008960726454459 0.011310217337681606 0.032222164772652204
23 0.12100941144172228 0.8003875580349493 0.011328398671227058 0.033784664772652205
23 0.13818782077494957 0.7999063169634031 0.012918170671545237 0.03615568831160267
23 0.15381282077494957 0.8001790523529063 0.01136476133831792 0.03690966477265221
23 0.1702281614417223 0.801246674511885 0.012136920671545237 0.036142051542127615
23 0.18740657077494957 0.8007654334403387 0.009802261338317918 0.03688239123370209
23 0.20301338944140412 0.7994756688298421 0.011355670671545238 0.036128414772652204
23 0.2186656614417223 0.8020921542193455 0.010574420671545237 0.03611477800317715
23 0.23584407077494954 0.8016109131477993 0.009784080004772554 0.03531989123370209
23 0.2514781614417223 0.8026648985373027 0.010574420671545237 0.03611477800317715
23 0.26865657077494953 0.8021836574657565 0.011346580004772556 0.035347164772652206
23 0.28505373010817686 0.801688779624735 0.01136476133831792 0.03690966477265221
23 0.3207003287714497 0.7773160710205929 0.025172722668681757 0.015280126623205348
23 0.3204457901018135 0.7554410710205929 0.025199994668999894 0.01762387662320535
23 0.3201912514321773 0.7335660710205929 0.025172722668681757 0.015280126623205348
23 0.31915546276254103 0.7116774342511176 0.02285624466899989 0.017582966314779826
23 0.31888274275935935 0.6882399342511176 0.024391472668681757 0.015266489853730292
23 0.31940945408972315 0.6663785710205928 0.025199994668999894 0.01762387662320535
23 0.3199361654200869 0.644517207790068 0.023619313335454438 0.01603410308425506
23 0.31888219541690527 0.6210660710205929 0.02596306333545444 0.01607501339268076
23 0.31941799741404175 0.5999859577900679 0.02518181333545444 0.016061376623205347
23 0.3183822087444055 0.5780973210205929 0.023610222668681756 0.015252853084255235
23 0.31889982940799655 0.555454707790068 0.023646585335772664 0.018377853084255057
23 0.31862710940481487 0.532017207790068 0.02596306333545444 0.01607501339268058
23 0.3175913207351787 0.5101285710205928 0.02283806333545444 0.016020466314779824
23 0.31811803206554246 0.488267207790068 0.023610222668681756 0.015252853084255058
23 0.3178634933959062 0.466392207790068 0.022865335335772664 0.018364216314780003
23 0.31759986405949725 0.443735957790068 0.024391472668681757 0.015266489853730292
23 0.3173362347230883 0.421079707790068 0.02285624466899989 0.017582966314780003
23 0.3186351053866794 0.3984507313290183 0.025172722668681757 0.015280126623205437
23 0.26130441072563365 0.4388478603878557 0.022819882001908987 0.014457966314779825
23 0.07841863804899774 0.3622329931001412 0.011364761338317963 0.03690966477265238
23 0.09401636604867958 0.36016197848964454 0.009793170671545236 0.036101141233702005
23 0.1104317067154523 0.36122960064862314 0.012136920671545237 0.03614205154212753
23 0.12682886604867957 0.36073472280760166 0.010583511338317964 0.03689602800317715
23 0.14325329738222503 0.3625835949665802 0.010547148671227058 0.03377102800317715
23 0.15965954738222501 0.3628699671255588 0.01136476133831792 0.03690966477265238
23 0.176065797382225 0.3631563392845374 0.011382942671863372 0.03847216477265238
23 0.19247204738222504 0.363442711443516 0.012127830004772511 0.03536080154212753
23 0.20887829738222505 0.36372908360249456 0.01060169267186346 0.03845852800317724
23 0.2252754567154523 0.36323420576147314 0.010574420671545237 0.03611477800317715
23 0.2416726160486796 0.3627393279204517 0.010565330004772555 0.03533352800317715
23 0.25731579738222504 0.3645745633099551 0.010565330004772555 0.03533352800317724
23 0.273722047382225 0.36486093546893367 0.011355670671545238 0.036128414772652384
23 0.29011920671545227 0.3643660576279122 0.009793170671545236 0.036101141233702096
23 0.3065163660486796 0.36387117978689076 0.008221580004772555 0.03529261769475163
6 0.16225947807922364 0.5863074671255589 0.0361738573360908 0.020939791395857908
6 0.18848617075108703 0.6250387305182394 0.014662484006999677 0.05180796185055314
6 0.16164240742358676 0.6675301935866085 0.02439147266868171 0.015266489853730292
6 0.16145150342135958 0.6511239435866084 0.023592041335136305 0.013690353084255235
6 0.12117140141626889 0.6129284683433749 0.025172722668681757 0.015280126623205348
6 0.12094413474695087 0.5933972183433748 0.025935791335136304 0.013731263392680581
6 0.16173221940640575 0.5409949671255588 0.02440056333545444 0.016047739853730293
6 0.16150495273708768 0.5214637171255588 0.02674431333545444 0.016088650162155816
6 0.18682312607413296 0.5492438437487642 0.015480096674090582 0.054946598620028195
6 0.21633899809035947 0.6692660174498704 0.023619313335454438 0.016034103084255236
6 0.21533957208781418 0.6505023806803953 0.025172722668681757 0.015280126623205348
6 0.21513048675204152 0.6325336306803953 0.021266472668681757 0.015211942775829535
6 0.21492140141626895 0.6145648806803953 0.025172722668681757 0.015280126623205348
6 0.2130407280792236 0.5871938571414448 0.0377363573360908 0.020967064934808023
6 0.26805549208304164 0.6162734310047068 0.022038632001908986 0.014444329545304769
6 0.268627656747269 0.598318317774182 0.022819882001908987 0.014457966314779825
6 0.21429414540895103 0.5606586306803952 0.022047722668681758 0.015225579545304768
6 0.21485721940640573 0.5419222674498704 0.022038632001908986 0.014444329545304769
6 0.21464813407063313 0.5239535174498704 0.025944882001908986 0.014512513392680759
12 0.439995768777813 0.8262638599808186 0.147111904678545 0.0900500758918568
8 0.4455554254455403 0.8341718173671449 0.049028393340226906 0.051626729707460586
8 0.46227820675522313 0.6602803498345489 0.052117030673136 0.04855627678536116
8 0.6436832954328137 0.7438991935833131 0.050536349339590635 0.04696650324641105
6 0.3743702214353589 0.7579445081143795 0.0392988573360908 0.02099433847375849
6 0.4608435234324954 0.7383644395261234 0.082585780673136 0.04908811079489297
12 0.45590093742040505 0.6492337556787475 0.14869258601209037 0.0916398494308071
6 0.4482697034134054 0.597548524753471 0.03853578866963616 0.022543201704283432
6 0.45092198874122386 0.5569780718313717 0.08178634933959064 0.047511974025417555
6 0.4473606367361332 0.519423524753471 0.0392988573360908 0.02099433847375849
12 0.6421480674331318 0.7462156700443628 0.14792042667886313 0.09240746266133186
6 0.6007679947485417 0.6134889448011291 0.0833579400063634 0.04832049756436803
6 0.6008401727402694 0.5525650815706044 0.0833579400063634 0.04832049756436803
20 0.5426913180696786 0.5226497106294418 0.03489316800604527 0.045131267856907444
20 0.6568992687380422 0.5371406789728166 0.02961586935072642 0.1286159237011061
20 0.7592702907383604 0.5412708457740638 0.031977800684271786 0.13021933400953162
23 0.6918106180776328 0.5838344468297241 0.026726132001908987 0.014526150162155815
23 0.6912379060709514 0.534615696829724 0.025209085335772485 0.01840512662320535
23 0.6922549660645879 0.4877679703686745 0.025154541335136216 0.013717626623205349
20 0.9035299154200869 0.6547038745880199 0.029497143340227083 0.05128581047058134
20 0.9699179840865415 0.6543004999934094 0.03413009933959046 0.04668013108743239
20 0.8976782627307245 0.4874481907406441 0.03571078067313636 0.0482699046263825
20 0.9679634907304061 0.48633174999340945 0.030205668006045273 0.0450494472400564
23 0.9361151487507687 0.6357453689059771 0.02281988200190881 0.014457966314779825
23 0.9296640593968608 0.4841010482891261 0.024400563335454706 0.016047739853730293
12 0.7728595287237247 0.43371744439409204 0.14944656401177223 0.08930973620028233
12 0.7701425140435889 0.33447142085514175 0.147111904678545 0.0900500758918568
6 0.774629472032135 0.25019187824146794 0.08256759933959064 0.04752561079489279
12 0.5986498693904974 0.43145769480112917 0.14706645134468133 0.0861438258918568
12 0.5992396680458161 0.3478912183400795 0.14939202001113577 0.08462223620028234
12 0.4521203147278608 0.45858148213979727 0.14944656401177223 0.08930973620028233
12 0.4501481873806342 0.35622409537032207 0.14869258601209037 0.0916398494308071
8 0.4584430400620427 0.4649405762955986 0.052144302673454136 0.050900026785361166
8 0.4564800033815887 0.3633644395261234 0.052144302673454136 0.05090002678536125
8 0.6057720260582246 0.4393929257264057 0.052144302673454136 0.050900026785361166
8 0.6164998933799979 0.3544412272685332 0.06233691534054522 0.05420230478853849
8 0.7807356633911338 0.43932256208884385 0.05214430267345431 0.050900026785361166
8 0.7662998987109979 0.3398719870077659 0.06233691534054522 0.0542023047885384
20 0.8980386053469086 0.11565501135749515 0.04126134667409076 0.05539661201270887
6 0.7849942600254535 0.20116404301412033 0.02752556333545435 0.01610228693163096
6 0.7854664273551808 0.17461517978359548 0.02674431333545435 0.016088650162155816
6 0.7786073526814083 0.12216233562779415 0.0392988573360908 0.02099433847375849
6 0.7043976933481811 0.12164809252765299 0.04008919800286357 0.02178922524323368
6 0.9408340853357725 0.034387420448104666 0.08479317067154497 0.03741027110331836
6 0.6142555933720437 0.29582020372958295 0.026744313335454527 0.016088650162155816
6 0.578599356699544 0.25223779910320027 0.0817681680060451 0.045949474025417644
6 0.5763186940244989 0.19049177556424995 0.08178634933959064 0.047511974025417646
12 0.5824954213478629 0.11717700648952648 0.14709372334499946 0.08848757589185681
8 0.5880005340149539 0.12039746387585266 0.05135396200668154 0.05010514001588606
6 0.547059002705271 0.29386619155471827 0.03775453866963616 0.022529564934808198
6 0.4695879833704528 0.28157865137667654 0.07944259933959064 0.04747106371699221
6 0.4728397053628168 0.22539683522405235 0.08178634933959046 0.047511974025417646
6 0.46934198802513516 0.19331103814615166 0.03928067600254544 0.01943183847375849
6 0.46831529002227174 0.17220365137667648 0.03929885733609062 0.02099433847375849
6 0.46884200135263543 0.15034228814615166 0.03849942600254543 0.019418201704283343
6 0.47018632535009014 0.131619561685102 0.025172722668681757 0.015280126623205437
23 0.4714942866804539 0.10977183522405234 0.04563976400381797 0.028915932629559826
23 0.4718755473424541 0.0754104719935275 0.04407726400381797 0.028888659090609538
8 0.47229371801399933 0.1113479719935275 0.015061926002545255 0.019009098620028243
8 0.47265679734245414 0.07542410876300268 0.015834085335772664 0.01824148538950341
6 0.47150283000477256 0.0433792219935275 0.039317038669636165 0.0225568384737585
6 0.4712028380012727 0.0175979719935275 0.03928067600254544 0.0194318384737585
6 0.3919806040340439 0.25757236119863464 0.014726118674408716 0.05727671185055305
6 0.3717135573679075 0.2611240551922802 0.014662484006999677 0.05180796185055314
23 0.35135560403404387 0.25686324918592585 0.020240322008272305 0.061278419236879246
23 0.3263556040340439 0.2564268725627204 0.021030662675045074 0.06207330600635448
8 0.3513646947008166 0.2576444991859258 0.01431703866963625 0.022120461850553053
8 0.3279271947008166 0.25723539610167073 0.013517607336090798 0.020544325081077907
6 0.3060431040340439 0.256072316556366 0.01546191534054513 0.0533840986200282
6 0.28883742270049845 0.25420980762791223 0.014698846674090582 0.054932961850553054
6 0.267725491366953 0.25227911485208265 0.01390850600731781 0.05413807508107791
6 0.21776185403404388 0.25453136160567175 0.08338521200668154 0.05066424756436803
6 0.19180842870781628 0.30641146144351594 0.04161533533577257 0.018691498782184013
6 0.15824140336568032 0.24099496712555882 0.009756808004454331 0.03297614123370209
6 0.38287722935231727 0.14649849350388294 0.023610222668681756 0.015252853084255103
6 0.3819232566836356 0.1316411067344078 0.023619313335454528 0.016034103084255104
6 0.3955221326782267 0.09204281858496086 0.02283806333545444 0.016020466314779935
6 0.38204997867599955 0.07540474350388296 0.025172722668681757 0.015280126623205437
6 0.34154261000159086 0.017678018260649287 0.025172722668681757 0.015280126623205437
6 0.34128007535009014 0.12936949472169895 0.025953972668681758 0.015293763392680581
6 0.2882817973424541 0.07220583116686255 0.028297722668681757 0.015334673701106128
6 0.28751818133354545 0.006580831166862556 0.025036362667090906 0.0035613766232054393
6 0.23402155868077207 0.10797000730360067 0.025209085335772576 0.018405126623205436
6 0.19439598468331742 0.12602453206036698 0.02283806333545444 0.016020466314779915
6 0.20815794533736348 0.03331488068039522 0.022819882001908987 0.014457966314779936
6 0.23373011000159086 0.015796144073075828 0.02596306333545444 0.01607501339268061
6 0.24142443133354546 0.005776261767827527 0.009411362667090906 0.00328864123370204
23 0.8330943106699543 0.0387555462605312 0.011346580004772733 0.03534716477265239
23 0.8159068106699543 0.038455537332077475 0.01135567067154497 0.036128414772652384
23 0.8002909013367271 0.03896405194257407 0.01060169267186346 0.03845852800317721
23 0.7838664700031817 0.0371151797835955 0.011392033338636054 0.03925341477265239
23 0.7666789700031817 0.03681517085514176 0.01136476133831792 0.03690966477265238
23 0.7510630606699544 0.03732368546563836 0.011355670671545326 0.036128414772652384
23 0.7354289700031817 0.03626970007613496 0.009829533338636055 0.03922614123370203
23 0.7182505606699545 0.036750941147681224 0.010574420671545326 0.03611477800317721
23 0.7033977200031817 0.03571059252765299 0.010583511338317919 0.036896028003177206
23 0.6862102200031817 0.035410583599199255 0.010583511338317919 0.03689602800317722
23 0.670576129336409 0.034356598209695846 0.009793170671545327 0.03610114123370204
23 0.6541698793364089 0.03407022605071728 0.011392033338636054 0.03925341477265239
23 0.5557596513367271 0.03469574309684586 0.009793170671545327 0.03610114123370204
23 0.5729016980028635 0.031089502025299604 0.009802261338317918 0.03688239123370204
23 0.5893261293364089 0.032938374184278175 0.010610783338636054 0.03923977800317722
23 0.6041880606699545 0.034759972804306406 0.011355670671545326 0.036128414772652384
23 0.6213664700031817 0.03427873173276014 0.01136476133831792 0.03690966477265238
23 0.6377818106699544 0.035346353891738715 0.010583511338317919 0.03689602800317722
23 0.10775905068427191 0.13154210064862312 0.009747717337681604 0.032194891233702005
23 0.1216124653484993 0.11381881249917618 0.010547148671227058 0.033771028003177196
23 0.1537618940165447 0.12453417004765814 0.022810791335136305 0.013676716314779912
23 0.15354371801399935 0.10578417004765814 0.022047722668681713 0.015225579545304768
23 0.15411588267822673 0.08782905681713331 0.02282897266868176 0.015239216314779914
23 0.17431020401018135 0.07802736282348774 0.01056533000477251 0.0353335280031772
6 0.003961888685544586 0.13910341030842552 0.004905676002545337 0.01883182061685105
6 0.003761894016544693 0.12191591030842552 0.0048511320019090035 0.014144320616851048
6 0.021167570019090032 0.14096591923687923 0.02440056333545445 0.016047739853730293
6 0.020949394016544692 0.12221591923687924 0.023637494668999892 0.017596603084255102
6 0.08692838267822675 0.08665629464226869 0.024418744668999893 0.01761023985373027
6 0.01964942866804539 0.01049716923687925 0.024373291335136278 0.01370398985373027
6 0.09923693133354544 0.0032943697233465885 0.023473862667090884 0.0035341030842550997
6 0.13381192600254535 0.021081887580254068 0.009011920671545237 0.03608750446422687
6 0.1462119286680454 0.012706325891856787 0.008048857336090797 0.0204488676947517
6 0.12033068133354545 0.003662562499176178 0.009411362667090906 0.00328864123370204
23 0.2539244313335455 0.005994450079430246 0.007848862667090905 0.0032613676947517004
6 0.12541072203213488 0.2388597228076017 0.011355670671545238 0.036128414772652384
6 0.10509822203213488 0.23850516680124728 0.014689756007317856 0.05415171185055305
6 0.08636640336568033 0.23974038433384318 0.013908506007317856 0.05413807508107791
23 0.06595390603118038 0.23079207832748877 0.0210397533418178 0.0628545560063544
23 0.04175333736472583 0.23193183847375848 0.021821003341817802 0.06286819277582953
8 0.04253458736472583 0.23194547524323364 0.012745448002863502 0.021311938311602673
8 0.06519992803149854 0.23312219155801364 0.015089198002863524 0.021352848620028196
6 0.022994246697953108 0.2308233060063544 0.013127256007317845 0.05412443831160267