9 0.76875 0.0796875 0.04609375 0.05859375
9 0.50234375 0.08515625 0.0390625 0.0515625
18 0.00234375 0.265625 0.0046875 0.1015625
18 0.0203125 0.26640625 0.03203125 0.1
9 0.06640625 0.26796875 0.05859375 0.096875
9 0.25625 0.4265625 0.10546875 0.05078125
23 0.0015625 0.46875 0.003125 0.046875
25 0.0671875 0.49375 0.0296875 0.04375
1 0.4 0.50234375 0.103125 0.121875
28 0.003125 0.5578125 0.00625 0.05625
25 0.071875 0.6109375 0.03359375 0.04375
12 0.00859375 0.659375 0.01640625 0.0859375
6 0.078125 0.67578125 0.04375 0.0296875
6 0.0390625 0.72890625 0.04375 0.02890625
1 0.40078125 0.74140625 0.10234375 0.125
19 0.0390625 0.75546875 0.025 0.021875
6 0.0390625 0.77421875 0.0390625 0.0203125
6 0.09453125 0.8125 0.0203125 0.0609375
9 0.24140625 0.80703125 0.071875 0.38515625
12 0.03828125 0.88984375 0.06171875 0.1953125
6 0.0953125 0.9 0.021875 0.06171875
9 0.3921875 0.98515625 0.0390625 0.0296875
9 0.19375 0.0765625 0.3875 0.15234375