20 0.19140625 0.0328125 0.0375 0.05078125
20 0.46171875 0.03046875 0.0375 0.05703125
6 0.09765625 0.15 0.040625 0.0203125
6 0.103125 0.1875 0.08359375 0.04921875
6 0.10078125 0.22890625 0.0390625 0.02109375
23 0.1015625 0.26796875 0.02265625 0.0171875
23 0.10078125 0.315625 0.02265625 0.01328125
20 0.02265625 0.61953125 0.04296875 0.75859375
20 0.4375 0.61640625 0.04140625 0.7515625
20 0.73125 0.7859375 0.0734375 0.428125
12 0.13984375 0.40546875 0.15 0.0875
12 0.1453125 0.5265625 0.14765625 0.08984375
8 0.12578125 0.40078125 0.0609375 0.053125
8 0.12890625 0.5203125 0.0609375 0.053125
6 0.5640625 0.34453125 0.08515625 0.05
20 0.57734375 0.97109375 0.0390625 0.0578125
20 0.7140625 0.38125 0.10546875 0.0515625
6 0.54296875 0.38359375 0.028125 0.01875
6 0.4921875 0.46484375 0.028125 0.015625
6 0.50234375 0.54765625 0.02578125 0.0203125
6 0.5671875 0.54765625 0.025 0.0171875
6 0.63046875 0.54921875 0.028125 0.01796875
6 0.6296875 0.6234375 0.0265625 0.01875
6 0.50078125 0.6234375 0.02578125 0.01796875
6 0.57109375 0.5875 0.08046875 0.046875
6 0.56953125 0.6234375 0.0234375 0.0171875
6 0.71171875 0.4453125 0.08359375 0.04765625
23 0.74453125 0.34296875 0.0234375 0.01875
6 0.7109375 0.50625 0.03984375 0.02265625
6 0.5015625 0.79609375 0.02578125 0.015625
6 0.56953125 0.79609375 0.040625 0.021875
6 0.62890625 0.79609375 0.025 0.01796875
6 0.57421875 0.86015625 0.08359375 0.04609375
20 0.94140625 0.215625 0.1171875 0.0875
6 0.83828125 0.0078125 0.08359375 0.015625
12 0.95625 0.0390625 0.0875 0.078125
8 0.9828125 0.03125 0.034375 0.04921875
23 0.91015625 0.1015625 0.009375 0.03359375
23 0.9265625 0.1 0.00859375 0.03515625
6 0.965625 0.10078125 0.01015625 0.0359375
6 0.97734375 0.10078125 0.00859375 0.03359375
23 0.9953125 0.10078125 0.00859375 0.03203125
23 0.96796875 0.28671875 0.01015625 0.0359375
23 0.99921875 0.28515625 0.0015625 0.03515625