12 0.030102053429313762 0.7074130795453047 0.04478633601209035 0.08982615909060954
8 0.012206028763495545 0.7133494338473758 0.007576690006363343 0.04699773092527657
6 0.1045838854232686 0.6641909594149211 0.014662484006999677 0.05180796185055314
6 0.18488046009704098 0.7179256599013885 0.08178634933959064 0.047511974025417555
6 0.1887679814210414 0.6492574805182395 0.08411191800604519 0.04599038433384308
6 0.18964868141308724 0.5906910040571898 0.08178634933959064 0.047511974025417736
6 0.2030839254057694 0.5370302159077428 0.03701874200349984 0.026422178165332967
12 0.22107885272117933 0.40533988514462205 0.06484539202736243 0.20265344155801354
8 0.21895327872372466 0.42404897483619663 0.035338610677908555 0.08341251785690744
6 0.16269418805695193 0.4222858774339843 0.024418744668999893 0.01761023985373029
6 0.16155840205281574 0.3918034906645092 0.025172722668681712 0.015280126623205525
6 0.203209005370771 0.2792722629856435 0.04012556066995439 0.024914225243233723
6 0.15904083469922575 0.242571103895034 0.025990335335772573 0.01841876339268058
1 0.07188737472149748 0.4050790121748646 0.1394475920591791 0.4382830243497292
8 0.021851012054406586 0.4010812589284537 0.03784763470717996 0.29903751785690746
12 0.5889861574235867 0.6749895064895265 0.14560394867918128 0.09471030235290652
12 0.5942810900699967 0.525893487414803 0.150236904678545 0.09010462296975738
12 0.7580725120941775 0.7068412986961632 0.15022781401177204 0.08932337296975738
12 0.7607787940801781 0.603784482543539 0.15100906401177205 0.08933700973923261
12 0.9325067013844521 0.812294232136502 0.13498659723109582 0.08844666558343128
12 0.9339948340229081 0.39829991598387776 0.13201033195418396 0.09143529788867957
8 0.5984429734245413 0.6821843977232286 0.060774415340545215 0.0541750312495882
8 0.7698548967615866 0.7125146002382907 0.060774415340545215 0.0541750312495882
8 0.9483895241088132 0.8179538969091542 0.06077441534054486 0.05417503124958785
8 0.5896481340706331 0.530499166797952 0.052934643340226906 0.051694913554836394
8 0.7655208380808144 0.6085538031603901 0.052934643340227086 0.051694913554836394
6 0.7316356394016332 0.5157935588424329 0.08413919000636341 0.04833413433384308
6 0.7467724801081769 0.8097481103845606 0.0817954400063634 0.048293224025417913
20 0.55997027207986 0.5979360827884204 0.09510396200668154 0.050868799106495645
6 0.5612498667249973 0.43939687986632103 0.08260396200668155 0.05065061079489279
6 0.6425725920591792 0.4470651038917387 0.024382382001908988 0.014485239853730292
6 0.6414913500556793 0.42127021712226365 0.02518181333545435 0.016061376623205347
20 0.5547629620464524 0.35180142247999485 0.09829259667409058 0.05639209618439622
12 0.6774192120464525 0.3539423952875965 0.148674404678545 0.0900773494308071
20 0.7431720287237247 0.4331992471540357 0.03341248400699968 0.05213524431795715
6 0.8188623720559974 0.4267095137931271 0.08260396200668155 0.05065061079489279
6 0.9528673914305864 0.7328931042954805 0.08182271200668154 0.05063697402541756
6 0.950823086091632 0.6914595807565302 0.039298857336090974 0.02099433847375849
6 0.9505140034213596 0.6648970807565302 0.040861357336090975 0.021021612012708957
20 0.9156202880728603 0.5525919496690979 0.10569711135422608 0.15571994034019773
6 0.9395930427275427 0.46474707629230333 0.039317038669636165 0.02255683847375849
6 0.9664709793523173 0.15668516030183494 0.024400563335454352 0.016047739853730293
6 0.9907935878421359 0.15634028692504037 0.018412824315728216 0.019090919236879243
6 0.990707226507795 0.13915278692504035 0.01858554698440997 0.014403419236879244
6 0.9650442920114539 0.10120277353235978 0.02673522266868176 0.015307400162155815
6 0.9795880500079541 0.075680622152388 0.02202954133513657 0.013663079545304768
8 0.9459334020528157 0.4054948072175799 0.04972782733927232 0.04460911647693564
6 0.941163538709407 0.331207873370204 0.08018748667249972 0.04435970048646727
6 0.9383379833704527 0.2897607130617785 0.0416880606699543 0.02494149878218401
6 0.9410175406985892 0.25153401013967913 0.08334884933959046 0.047539247564368024
6 0.8984027793602716 0.21407887458802 0.04004374466899989 0.017882975243233724
6 0.9019726746896808 0.18524080843539584 0.041624426002545435 0.019472748782184014
6 0.9016272293523173 0.15555330843539583 0.040061926002545434 0.01944547524323368
23 0.9004278086807721 0.11960217166592066 0.043296014003817974 0.02887502232113435
23 0.9059051020050906 0.053305015821722014 0.04408635467059056 0.029669909090609514
6 0.9016175913430905 0.087598195204871 0.03770908533577248 0.018623314934808156
6 0.901689769334818 0.026674331974346165 0.03775453866963616 0.022529564934808156
8 0.9012090586807722 0.11961580843539583 0.016660788669636162 0.022161372158978575
8 0.9058960113383179 0.052523765821722024 0.015089198002863569 0.02135284862002824
6 0.8166089813812706 0.36730724025417677 0.0817954400063634 0.04829322402541765
6 0.8166538873726801 0.30403962702365195 0.0825766900063634 0.04830686079489279
6 0.8114300380330894 0.25786405640680093 0.03937158267027243 0.02724433847375849
6 0.815672095361226 0.21966462702365197 0.08101419000636341 0.0482795872559425
6 0.8150084766868172 0.16263337702365196 0.083367030673136 0.049101747564368026
6 0.8294704186823629 0.13007997564368018 0.023610222668681756 0.015252853084255103
23 0.8347119020130449 0.11064418303000637 0.024391472668681757 0.015266489853730292
20 0.7474937126829992 0.13333561484878734 0.03411191800604527 0.045117631087432296
6 0.6645993966820447 0.1248588672844193 0.03852669800286357 0.021761951704283345
6 0.6676067653564536 0.18193102759284482 0.084148280673136 0.04911538433384317
12 0.6755925353675893 0.26408500851812133 0.15020963267822668 0.08776087296975747
8 0.6876481873806342 0.36036967329077374 0.06072896200668154 0.05026878124958811
8 0.6865845793682256 0.2689634232907737 0.06072896200668154 0.05026878124958811
6 0.5606755126909534 0.18865654017474656 0.04015283267027261 0.027257975243233635
12 0.4380743540340439 0.25837693059766964 0.14866531401177224 0.0892960994308071
12 0.43365847935231727 0.147384883519769 0.14949201734563572 0.09321598620028233
8 0.4474948073679075 0.26244682183137175 0.059929530673136 0.04869264448011297
8 0.4399448420194082 0.15061897767557036 0.05136305267345413 0.05088639001588602
6 0.1911715346912716 0.18455009821299115 0.08338521200668154 0.05066424756436803
23 0.024501655354862643 0.15898921631477994 0.009765898671227069 0.03375739123370205
6 0.10387098201781737 0.13303641680124728 0.03854487933640893 0.023324451704283343
12 0.03277668467536324 0.06462160754848198 0.0642994046785449 0.08860457832748876
12 0.030496022000318167 0.0028755840095316294 0.06099204400063633 0.005751168019063259
8 0.014871569342772293 0.06977671185055305 0.02870680267345423 0.050490923701106104
6 0.39298693133354545 0.008421795046010505 0.0828488626670909 0.00457049756436802
23 0.5057505606699544 0.03304173985043498 0.010519876670908878 0.03142727800317722
23 0.5221749920034998 0.034890612009413555 0.008957376670908878 0.031400004464226874
23 0.5393624920034998 0.03519062093786729 0.01053805800445442 0.03298977800317722
23 0.554978401336727 0.03468210632737069 0.008966467337681649 0.03218125446422687
23 0.5713755606699544 0.034187228486349266 0.009738626670908879 0.031413641233702036
23 0.5885812420034998 0.036049737414803 0.01131930800445442 0.033003414772652374
23 0.6042062420034998 0.03632247280430641 0.00819430800445442 0.03294886769475169
23 0.6206124920034999 0.03660884496328497 0.00975680800445442 0.03297614123370205
23 0.6370187420034998 0.03689521712226354 0.009765898671227013 0.03375739123370204
23 0.6534340826702726 0.03796283928124211 0.009756808004454243 0.03297614123370205
23 0.6706124920034998 0.03748159820969585 0.01052896733768165 0.03220852800317721
23 0.6862465826702726 0.038535583599199244 0.009738626670909056 0.031413641233702036
23 0.7026437420034999 0.03804070575817782 0.00975680800445442 0.03297614123370205
23 0.7190590826702726 0.03910832791715639 0.009756808004454243 0.03297614123370204
23 0.7346840826702726 0.03938106330665979 0.00976589867122719 0.03375739123370204
23 0.7518715826702727 0.03968107223511353 0.011328398671227192 0.03378466477265237
23 0.7682869233370452 0.040748694394092094 0.010538058004454242 0.032989778003177206
23 0.7846840826702726 0.040253816553070663 0.011328398671227192 0.033784664772652385
23 0.8094840880012727 0.023502693176276106 0.02285624466899989 0.017582966314779923