20 0.7025399782923877 0.021338824756255516 0.0423071719450391 0.04267764951251103
9 0.31735395071228056 0.27421875 0.6347079014245611 0.5484375
20 0.7394047954602888 0.20523983399396256 0.04492135807584337 0.14883831677218975
20 0.47721966184940234 0.5999148026529317 0.03585258346523723 0.05178146034569906
20 0.40632214014179 0.6355999015575751 0.03573892319868044 0.04787521034569906
20 0.19637649030007456 0.7026977880049483 0.3062560116784825 0.06277175079142286
12 0.40579460589776534 0.7787050438774431 0.0982880504748536 0.1855176143440495
12 0.5183628020576994 0.7777753782006102 0.09203805047485361 0.18533575791755866
12 0.24450541640174883 0.8787912750728246 0.13713995031656906 0.12576218111623944
12 0.8875567344275798 0.8897930272509027 0.13948370031656906 0.12583037727617316
6 0.7856448934404953 0.9076146762346884 0.009548496239076342 0.033062552586424945
23 0.3231676254938066 0.9218533017950019 0.023065426959604098 0.014721729546028683
23 0.42950019351963753 0.9484719745979711 0.023110891066226814 0.016284229546028685
6 0.26959399610606233 0.9617257955267959 0.023088159012915454 0.015502979546028684
23 0.48225312047924174 0.9610114270261111 0.023042694906292738 0.013940479546028683
6 0.6082389589590438 0.9643828164429852 0.00867631802583091 0.029914820533113583
23 0.6410741910123551 0.9642093202039088 0.009525764185764984 0.03228130258642494
23 0.6278384051189778 0.966158265110202 0.008767246239076343 0.033039820533113586
23 0.5842475294921572 0.972900010095637 0.02221598079967002 0.012355247492717325
6 0.522255994852421 0.9653208423072328 0.02147183471887839 0.04043478338609461
6 0.5542872448524211 0.9643888281214679 0.02147183471887839 0.04043478338609461
6 0.7254037269057324 0.9601917584462842 0.020667852665567032 0.03963080133278325
6 0.6997134051189777 0.9640669162055584 0.015017246239076344 0.033221676959604096
23 0.3922646179719592 0.9855233452102266 0.023664820533113407 0.008494461599340041
23 0.4196083679719592 0.9847277233443297 0.025227320533113405 0.008539925705962759
23 0.3610146179719592 0.9864326273426801 0.023664820533113407 0.008494461599340041
23 0.4602561000252706 0.9843269065721401 0.022838106426490867 0.0069092295460286834
6 0.29998618975871383 0.9850807275009649 0.014471676959604097 0.014471676959604097