6 0.9984550909093904 0.05537696280231195 0.0018352353895032536 0.015643181333545454
23 0.609887468750412 0.06726515141626892 0.008357970779006862 0.03134090666772722
23 0.6926590584419865 0.07057251209417749 0.010701720779006862 0.0313681786680454
23 0.19839086120192995 0.09451471069381694 0.006795470779006818 0.03132272533418177
23 0.23669938474088026 0.09339765336568033 0.008317060470581339 0.02899715666772722
23 0.16634597443245477 0.0949232433561353 0.008317060470581294 0.02899715666772722
23 0.08896131412402926 0.0963670173456358 0.008317060470581294 0.02899715666772722
19 0.05340959780924933 0.11861418734086329 0.010742631087432319 0.0337119286680454
23 0.18304650487126395 0.16778857869190794 0.008357970779006773 0.03134090666772722
23 0.10866411363756193 0.1762999653484993 0.010701720779006819 0.0313681786680454
2 0.6924487784102142 0.17215319342772292 0.041258019885502505 0.1262357833386361
2 0.6072788916407392 0.17194356074949618 0.041217109577076985 0.12389203333863615
6 0.9816282808458464 0.25834742146717565 0.02867047077900651 0.031577264003817974
9 0.5069771083625562 0.32236972740290587 0.04164775771063774 0.059066464672181594
23 0.18211170170757862 0.4451777820257716 0.010742631087432297 0.03371192866804549
12 0.9567025986233236 0.4776332234643121 0.07391260714144465 0.20706816000954512
23 0.16859685227677149 0.5927067626909535 0.04676195170428334 0.038817599339590635
1 0.36629401258519695 0.5926629513844521 0.06206935186643907 0.0655528220082724
1 0.2920479890462467 0.5933618380410436 0.06202844155801355 0.06320907200827239
12 0.22983831534514057 0.6207686753659984 0.05089607264544593 0.09666646200668154
6 0.16775137256931094 0.6411442626909535 0.03648297077900677 0.03166817067154533
6 0.2997008019524599 0.6473680853755435 0.03171365016215581 0.02692612667090888
6 0.3731792122608854 0.6458788580521795 0.03492047077900686 0.031649989337999784
20 0.08546102394928272 0.6550334926798176 0.07856315097293468 0.16025679467695397
6 0.39353657670922626 0.6883118060550429 0.034838650162155815 0.026962489337999784
6 0.30117179870604904 0.6973953573758618 0.020349456168510204 0.04710226666931803
6 0.054119520702871834 0.7046789566756815 0.021952866476935708 0.04946419800286357
6 0.26197293101129737 0.7047533240372255 0.029215941558013638 0.06282726400381797
23 0.22835190747234702 0.7059249253659985 0.027694351866439072 0.06515283267027261
23 0.19549849716392148 0.7078868673615442 0.027612531249588113 0.06046533267027261
17 0.3375905397775953 0.7150101187141796 0.04618129910649556 0.09504941800604527
25 0.16625132792704225 0.7270817626909534 0.027230701704283343 0.038590332670272606
23 0.402011549923865 0.7399833940563155 0.027585257710637735 0.05890283267027243
6 0.3750535836090851 0.762330561386043 0.02305171631478 0.022919879336408933
1 0.2802632349890569 0.7760743407065436 0.060506851866439074 0.06553464067472685
6 0.3255620982195817 0.7773828493793615 0.023051716314779914 0.022919879336408933
6 0.37376777313850384 0.7912277207192704 0.021489216314780003 0.02290169800286357
23 0.404704127440575 0.8095600973901792 0.029215941558013724 0.06282726400381797
9 0.7212467451353266 0.8054293174331318 0.11918815097293471 0.16072950934913557
17 0.33307854343104326 0.8392015967138615 0.04770288879807012 0.09272384933959046
9 0.9645876420510714 0.8317031054662213 0.043278441558013726 0.06299089600572713
6 0.2999660345025895 0.8560072887094071 0.020390366476935727 0.04944601666931803
6 0.3913041006552137 0.8609771467218156 0.033276150162155724 0.026944308004454597
6 0.43389102110990885 0.8833521333943153 0.020349456168510117 0.04710226666931803
19 0.8222131814183344 0.8855264447803585 0.01426309740221221 0.05640454133513621
17 0.22115919602883105 0.8941607220321348 0.09973872158978567 0.1651897426798179
0 0.33219610755507256 0.9345231873806341 0.03273640787279355 0.0855198766709087
23 0.8197779281719235 0.9355082634468129 0.010701720779006862 0.03136817866804549
6 0.30383928247399467 0.9474771733768161 0.02195286647693573 0.04946419800286357
23 0.5092262118571437 0.9545555187380422 0.029215941558013724 0.06282726400381833
17 0.4693688250876685 0.9532835928648055 0.046208572645445936 0.09343281427038903
6 0.43236370292869 0.9708521333943153 0.020349456168510117 0.04710226666931803
12 0.08174609416239194 0.9565931726706702 0.08043356818121902 0.08681365465865945
23 0.37669040138656235 0.9797526398591578 0.02733979586008468 0.040494720281684236
19 0.8212625616949879 0.9800292745563951 0.01570286647693564 0.03994145088720984
12 0.3256909630749596 0.9916959733549422 0.04957330600635448 0.01660805329011552
9 0.7234017601528603 0.9906845533796002 0.11843240016215581 0.01863089324079965
12 0.25991595861073274 0.9998283720162267 0.07661704707790076 0.0003432559675466962
9 0.1277704439936456 0.02180336935072647 0.2530528620127088 0.04356128536758934
9 0.18139032183466702 0.038836875358044316 0.30596935633066596 0.07698286004136173
18 0.5568988364451636 0.058834486075723794 0.048702327109672795 0.10523294000636337