1 0.21174723986032085 0.9385971506703521 0.3498108595770769 0.12280569865929572
9 0.40398234212720646 0.27424930605504294 0.8079646842544129 0.20787361211008584
6 0.2895194582036956 0.8277550193745891 0.012618776785361163 0.05169886000159067
12 0.3910819582036956 0.828936806055043 0.03621596387914803 0.10586873933799978
6 0.2504160478952701 0.8296442360359528 0.02222560186643907 0.06508919800286321
6 0.05650240666156812 0.8367647506763177 0.01578468709378673 0.05407897266868176
6 0.19016434050894396 0.8344130046944531 0.01422218709378673 0.05406079133513657
6 0.07909047281419226 0.8409346300127268 0.010742631087432297 0.03371192866804549
25 0.6089825243563197 0.8353793520846325 0.12566997605401262 0.17408348468331739
6 0.22830922281419225 0.8426709473663166 0.010742631087432297 0.03371192866804549
6 0.21110808604471706 0.8432522026973167 0.008357970779006862 0.031340906667727354
6 0.41201997524982426 0.9276379353914518 0.022928985389503255 0.01588862933640911
23 0.005412390425394607 0.9767443133354543 0.010824780850789214 0.015906810669954297
23 0.4260864293897395 0.9723419080601335 0.026835235389503255 0.01593408267027243
6 0.43342164245810866 0.9970198200290327 0.04628466477265238 0.005960359941934712