20 0.4755008672024606 0.9583990146005938 0.04302384134309047 0.07236589600572714
20 0.342025295870506 0.9497972686187296 0.044822698679181275 0.09269657733927232
20 0.2526837219128222 0.6391603079646835 0.19081064473263334 0.48809198802513515
20 0.9873287052037332 0.9430696278644607 0.004143154678545003 0.08753636266709108
20 0.9152382659134585 0.6267639225414149 0.16034189473263324 0.48773745202099905
20 0.7914131512969561 0.2587235418921413 0.04549540802036276 0.1505090773392724
20 0.6555125613065013 0.19000190857736773 0.07689031134627218 0.09619429467695406
20 0.19530286199077315 0.06696877665500053 0.050019276018453684 0.13393755331000107
25 0.6159195185789585 0.6388393979153675 0.05020054201145392 0.08494771200668154
25 0.5096876999125041 0.6385132285964576 0.05098179201145392 0.08495680267345414
25 0.5112774719128221 0.6361512972629123 0.05098179201145392 0.08495680267345432