12 0.7209519821328602 0.8369189222742437 0.10019250904511168 0.24473348997087002
6 0.6162877363167317 0.7301257015037034 0.02452968848918218 0.08105978338609479
6 0.576109793643678 0.7523584026782023 0.016843341248144128 0.06835519490629274
12 0.48223364088471604 0.7621078242275301 0.1003562833553712 0.24785848997087
6 0.4081853092475102 0.7334312432695754 0.01758364767057934 0.0675966769596041
6 0.3584586261853949 0.7967292136444043 0.011626896766068207 0.04324153463973612
6 0.3526346720923805 0.7302547674844703 0.01076375961093845 0.04165630258642476
6 0.31850201153150237 0.7487630750854599 0.016062091248144218 0.06833246285298138
6 0.2849115835577697 0.7329645788463836 0.011626896766068207 0.04324153463973594
6 0.2666186069635181 0.7113707236735342 0.023557008706427317 0.01784672954602886
6 0.21209155924751025 0.7277254978884289 0.021326123360319825 0.06458533722616089
6 0.22966416157693095 0.6611517633278352 0.011708783921197962 0.044804034639736125
12 0.05679098484639369 0.8901392666930473 0.028664989823234687 0.1599660333860946
6 0.19730760572032263 0.46051526583511765 0.016843341248144218 0.06835519490629274
6 0.2035376735627185 0.5496232299417403 0.02293953301668674 0.020948997492717503
12 0.12634557326946277 0.2376938797834557 0.0987118962002413 0.24625052586424748
6 0.19566878335537102 0.25063180047485367 0.025229051334052465 0.07952001543940623
6 0.22934774253676818 0.23835076082055268 0.01700711555840364 0.07148019490629273
6 0.2447381264125376 0.36828831340697743 0.011913501809022264 0.048710284639736125
6 0.27564621042459253 0.24359820196592175 0.016720510515449583 0.06601144490629274
6 0.2828146585247132 0.3654959340192331 0.011626896766068207 0.04324153463973612
6 0.29531465852471317 0.36585964687221456 0.010927533921197963 0.044781302586424765
6 0.30925432779201856 0.36392507383181866 0.016843341248144218 0.06835519490629274
6 0.3022839535271876 0.2755756276718847 0.011708783921197962 0.044804034639736125
6 0.3509261714150119 0.28089126497718775 0.011545009610938451 0.04167903463973612
6 0.41003225576575114 0.38167852665567026 0.02383032564431211 0.08259955133278352
23 0.24746913726667144 0.6585496005539959 0.011545009610938451 0.04167903463973612
23 0.26095510515449577 0.6628422954602888 0.011626896766068207 0.04324153463973594
23 0.27251008084423634 0.6600582762599589 0.011626896766068207 0.04324153463973612
23 0.28496913726667145 0.6596407391129404 0.011545009610938451 0.04167903463973595
23 0.2975100808442363 0.6607857019659218 0.011626896766068207 0.04324153463973612
23 0.3092288308442363 0.6611266827655919 0.012408146766068207 0.0432642666930473
23 0.20689836894930572 0.5988647119950516 0.02355700870642723 0.01784672954602886
23 0.20641036804479454 0.574668694048363 0.023434177973732595 0.015502979546029038
6 0.29822937584671066 0.5703198263391012 0.011463122455808694 0.04011653463973612
23 0.3241168464480685 0.6475188238318187 0.011545009610938451 0.04167903463973612
23 0.3358765400256334 0.6486410546314888 0.01134029172311406 0.03777278463973612
23 0.3475543464480685 0.6482007854311589 0.01076375961093845 0.04165630258642476
23 0.36075370929293876 0.6470247303374517 0.01232625961093845 0.0417017666930473
23 0.37341748360319826 0.6505134431904331 0.011545009610938451 0.04167903463973595
23 0.3850543464480685 0.6492919239901033 0.011708783921197962 0.044804034639735944
23 0.32886854420950484 0.5446893405248662 0.025119508706427318 0.01789219365265158
23 0.3357426639517801 0.5121268931112908 0.010559041723113971 0.03775005258642459
23 0.34902391395178006 0.5125133380175837 0.010681872455808695 0.04009380258642477
23 0.36316830110690984 0.5144850149771878 0.010845646766068206 0.043218802586424764
23 0.33107177408311694 0.43788541105797946 0.011545009610938451 0.04167903463973595
23 0.3452161612382466 0.43985708801758366 0.011422178878243816 0.03933528463973612
23 0.35849741123824663 0.44024353292387647 0.011545009610938451 0.04167903463973595
23 0.2765923139972086 0.425379399379497 0.01076375961093845 0.04165630258642459
23 0.2618713947299033 0.4272912403665815 0.011626896766068207 0.04324153463973594
23 0.23436387041964374 0.4233706185006847 0.01232625961093845 0.0417017666930473
23 0.23886766395178008 0.5093081185006847 0.011626896766068207 0.04324153463973594
23 0.2670745511069098 0.5116889724198929 0.011626896766068207 0.04324153463973612
23 0.2812189382620396 0.513660649379497 0.011463122455808694 0.04011653463973595
23 0.10996805800431482 0.4759152938109361 0.024502033016686787 0.02099446159934022
23 0.10971575248639084 0.5008698297043134 0.022775758706427274 0.01782399749271768
23 0.08089138964152061 0.5015912437317939 0.024502033016686787 0.02099446159934022
23 0.08019867084918506 0.4734889757851052 0.022775758706427274 0.017823997492717503
20 0.5127312098587656 0.45097174742621055 0.08242739767057934 0.06948343738444543
20 0.6931070273624773 0.32048994022093225 0.08240082146044045 0.18805158095795466
8 0.7216104014001656 0.8345979043275549 0.05794969810012063 0.12337531551854823
8 0.4823122060135784 0.7784913421742188 0.057659771030899164 0.13272758346523722
8 0.1275805246489438 0.2314893438900784 0.05951219810012063 0.12342077962517113
20 0.23534767978275495 0.07003266983346815 0.04163862336031983 0.0651763706122557
20 0.68863852837853 0.9843341850583919 0.10175725180902226 0.03133162988321629