6 0.4464367452503016 0.3172128613745487 0.014052533921197962 0.04487223079967011
6 0.5324561324054313 0.3212758872387961 0.01162689676606803 0.04324153463973612
6 0.6066339388278665 0.32265418230337345 0.011463122455808517 0.04011653463973612
6 0.6847998824054313 0.3257086376345075 0.01162689676606803 0.04324153463973612
23 0.4628020516727368 0.3169089844940868 0.012694751809022265 0.048733016693047394
23 0.5471361080951718 0.31858279625171154 0.012118219696846566 0.052616534639736125
23 0.6221361080951718 0.32076507336960025 0.011831614653892686 0.04714778463973612
23 0.7012470759829963 0.3269672607540457 0.011831614653892686 0.04714778463973612
20 0.5372840682926218 0.9718132143867795 0.04583147840327388 0.056373571226441044
20 0.4032775604907057 0.9766828292753484 0.04669793758467104 0.04663434144930321
20 0.3013145115315024 0.7482629699126104 0.05117407564431194 0.08339517319868044