20 0.4140625 0.33723758833715245 0.04375 0.20179954255305557
20 0.70859375 0.3881947973996175 0.03671875 0.061010888392743115
20 0.54453125 0.48810714447357595 0.04375 0.07367454255305575
20 0.02265625 0.6252539199278819 0.0453125 0.49011716014423606
20 0.74296875 0.7608322103936451 0.10078125 0.25234570963114605
20 0.16484375 0.8758507191304513 0.04296875 0.08693760875746506
20 0.5625 0.9267514171749994 0.0453125 0.1213671601442364
20 0.04296875 0.9482186412425346 0.0515625 0.10276263050895836
6 0.06640625 0.12970437737482632 0.01328125 0.04562162452503475
20 0.29140625 0.22323048276067697 0.04375 0.44646096552135395
23 0.6453125 0.15685518484243 0.009375 0.04474945554708336