12 0.321875 0.1828125 0.0875 0.2421875
6 0.6828125 0.2125 0.009375 0.04296875
20 0.3625 0.02421875 0.09921875 0.0484375
12 0.55703125 0.25078125 0.0875 0.2453125
6 0.7203125 0.259375 0.0125 0.06796875
6 0.4625 0.26328125 0.01328125 0.06796875
6 0.753125 0.27421875 0.009375 0.04296875
6 0.6296875 0.27734375 0.0140625 0.0671875
6 0.82578125 0.27734375 0.01796875 0.0640625
6 0.68515625 0.27890625 0.00859375 0.04140625
6 0.42109375 0.28671875 0.0203125 0.08046875
6 0.7703125 0.2953125 0.02265625 0.0171875
23 0.7734375 0.34375 0.009375 0.04296875
6 0.8046875 0.34453125 0.009375 0.04453125
23 0.725 0.346875 0.01015625 0.04296875
23 0.73671875 0.346875 0.009375 0.04296875
23 0.76171875 0.346875 0.009375 0.04296875
23 0.74921875 0.34765625 0.009375 0.04140625
23 0.78671875 0.34765625 0.009375 0.04140625
23 0.66015625 0.359375 0.009375 0.04140625
23 0.6484375 0.3609375 0.009375 0.04453125
23 0.68515625 0.3609375 0.00859375 0.04140625
23 0.709375 0.3609375 0.009375 0.04140625
23 0.69765625 0.36171875 0.009375 0.0375
23 0.67265625 0.3625 0.01015625 0.04140625
23 0.82421875 0.40625 0.02265625 0.0171875
23 0.8234375 0.43046875 0.02265625 0.01484375
6 0.73125 0.4375 0.009375 0.03984375
6 0.825 0.45546875 0.021875 0.0203125
23 0.69921875 0.4640625 0.02421875 0.0171875
23 0.7453125 0.49375 0.009375 0.03984375
23 0.66328125 0.4953125 0.00859375 0.04296875
23 0.759375 0.4953125 0.009375 0.04296875
23 0.67734375 0.496875 0.00859375 0.03984375
23 0.690625 0.496875 0.00859375 0.0375
23 0.7875 0.496875 0.009375 0.04296875
23 0.9453125 0.4984375 0.0234375 0.0203125
23 0.91640625 0.5015625 0.021875 0.0171875
23 0.91484375 0.5265625 0.0234375 0.0203125
23 0.94453125 0.528125 0.021875 0.0171875
6 0.8265625 0.54296875 0.01328125 0.06796875
20 0.51015625 0.56328125 0.07890625 0.0671875
23 0.6640625 0.56953125 0.009375 0.04140625
23 0.67734375 0.56953125 0.009375 0.0390625
23 0.69140625 0.57109375 0.009375 0.04140625
23 0.76015625 0.5796875 0.009375 0.04296875
23 0.7453125 0.58203125 0.00859375 0.04140625
23 0.78671875 0.5828125 0.01015625 0.04140625
6 0.609375 0.6296875 0.01953125 0.08203125
6 0.77421875 0.63828125 0.009375 0.0484375
6 0.7234375 0.6421875 0.00859375 0.04453125
6 0.7359375 0.6421875 0.009375 0.04296875
6 0.709375 0.64453125 0.01328125 0.06796875
12 0.203125 0.06953125 0.13359375 0.128125
20 0.32265625 0.69921875 0.07265625 0.1859375
6 0.66328125 0.72890625 0.009375 0.04140625
6 0.71171875 0.7328125 0.009375 0.04453125
6 0.8171875 0.7546875 0.02109375 0.07890625
6 0.73671875 0.7640625 0.01328125 0.065625
12 0.8859375 0.765625 0.0859375 0.24375
6 0.7828125 0.76796875 0.01328125 0.07109375
20 0.76796875 0.93671875 0.03828125 0.0640625
12 0.98984375 0.11015625 0.0203125 0.159375