1 0.7200709922893622 0.06698443543122276 0.16921937865180042 0.11835165268936261
6 0.6294693116883974 0.019827077418814253 0.016842626623205348 0.02519090400222717
6 0.60741703368522 0.02972878874917802 0.02030854586008459 0.04475851666931806
0 0.5629130572241705 0.02764812074313285 0.06479888555165907 0.042932934675363243
6 0.517559646915745 0.029464612070314943 0.023474456168510117 0.04713862933640896
9 0.28200793060096496 0.04938457137172551 0.041675031249588025 0.060628964672181575
24 0.9693170158283125 0.06832185813172122 0.06136596834337489 0.11475339067472692
9 0.07057950689985884 0.07505509134309046 0.12054609943080712 0.14902894068268108
6 0.6294459922893623 0.06592991808558697 0.015389220779006863 0.031422722668681714
9 0.8784874642861851 0.07898609078608541 0.08160060186643889 0.0657800886775904
6 0.6064079127440575 0.08754128874917802 0.02039036647693564 0.04944601666931807
25 0.6585334744324548 0.10065036342295042 0.028793201704283435 0.03860851400381802
9 0.713868441968346 0.6013957980983136 0.14443675608248938 0.7569959820178174
9 0.4622104845820198 0.603937353397497 0.13970834577406385 0.7545976880171811
9 0.06931782670922626 0.6845391793443631 0.1192290612813602 0.16307325934913558
19 0.019521529223464666 0.8105198766709089 0.03904305844692933 0.05206248667249973
9 0.06748872524982424 0.9236289513446814 0.12333018019392787 0.1295340533497722