6 0.4223780565722771 0.6903035426082299 0.012236918006045271 0.04466761000159085
6 0.5083337379058225 0.6877410692632304 0.00987498667249973 0.04307783800127254
6 0.5825433972390498 0.6876587059198218 0.009838624005408825 0.039952838001272716
6 0.6606774879058225 0.6859683892425495 0.00987498667249973 0.04307783800127254
23 0.4387752159055044 0.6908938886060028 0.01071987133990877 0.048555678668045485
23 0.5231411252387316 0.6906933465945487 0.00998407467377227 0.05245283800127254
23 0.5981411252387316 0.6898206425843674 0.009920440006363407 0.04698408800127272
23 0.6770928285725952 0.6849962352403225 0.009920440006363407 0.04698408800127272
20 0.48630966999522746 0.03225191880172873 0.04299656934277216 0.06450383760345746
20 0.352016485996182 0.026202323977569213 0.044404528007635946 0.052404647955138425
20 0.25948189863145615 0.25632053596436527 0.04782952001113587 0.0825766900063634
20 0.9980647826623184 0.02623140459900311 0.003870434675363299 0.05246280919800622