23 0.30522724228936227 0.06215729137490718 0.02288807508107791 0.013544879336408933
23 0.38957496875041187 0.0647015833863612 0.024450575081077907 0.013563060669954385
23 0.3504306481335609 0.06893455004772507 0.021325575081077908 0.013526698002863501
23 0.40453176704612853 0.10316464672181565 0.02288807508107791 0.013544879336408933
6 0.5512294890429514 0.11502994207508746 0.01582559740221221 0.056422722668681716
6 0.4886749419650506 0.11742768873326966 0.022184691558013725 0.06274544800286348
23 0.41641811241974597 0.1384663473901792 0.02449148538950343 0.015906810669954384
23 0.3749709521113204 0.14032829205122493 0.026835235389503432 0.015934082670272565
23 0.2895010564133915 0.15730615937299816 0.022847164772652383 0.011201129336408933
23 0.33079821225759015 0.16403796471195248 0.02449148538950343 0.015906810669954384
19 0.8320237471606262 0.23394576344681295 0.01078354139585791 0.0360556786680454
23 0.2674975969984704 0.2539448020369074 0.02288807508107791 0.013544879336408933
23 0.2588805275994354 0.29994764536918017 0.010742631087432387 0.03371192866804531
19 0.822915754060485 0.30807360677908574 0.01078354139585791 0.0360556786680454
19 0.7946543863657334 0.31555884277526774 0.013949451704283255 0.038435791335136214
19 0.8245367552783011 0.34950712877940393 0.012386951704283434 0.03841761000159085
19 0.8569674257329962 0.3717639367838582 0.012386951704283434 0.03841761000159085
19 0.8127265020318901 0.39937985944458576 0.010865362012708957 0.040743178668045485
23 0.27354522524652897 0.44467889003818006 0.00843979139585782 0.03602840666772735
19 0.8111406826328551 0.4454645187778131 0.012386951704283434 0.03841761000159085
19 0.853246362016004 0.4506429147835401 0.013949451704283434 0.038435791335136214
19 0.8112400941590966 0.4845361094445858 0.01078354139585791 0.03605567866804549
19 0.8516196323085434 0.49907132411676736 0.012427862012708601 0.04076136000159085
1 0.527114510149565 0.5117049474060875 0.49998159820969584 0.6759941667329514
19 0.7990031469190402 0.5140872494429949 0.01078354139585791 0.03605567866804549
19 0.8192065527632387 0.5205736067790857 0.0139903620127086 0.04077954133513621
19 0.8375610864484588 0.5434480327816311 0.028356825081078084 0.013608514003817972
19 0.8114525539810546 0.5618980407781312 0.010824451704283432 0.03839942866804531
19 0.8273269699715232 0.5925576947803585 0.0139903620127086 0.04077954133513621
19 0.8050155933483177 0.6173031561107222 0.012427862012708957 0.04076136000159085
19 0.8240968299556372 0.6433116727800402 0.01246877232113448 0.043105110001590854
19 0.8008951091766303 0.6742980434436313 0.01246877232113448 0.043105110001590854
23 0.982760943593199 0.8201934408019937 0.006836381087432386 0.03366647533418181
19 0.5999387609636392 0.8610606047501325 0.01078354139585791 0.03605567866804549
6 0.35355863880466065 0.874603294716725 0.02288807508107791 0.01354487933640911
23 0.4504745491130861 0.8733867873965426 0.02288807508107791 0.01354487933640911
6 0.3222813652657103 0.875802168045816 0.02288807508107791 0.01354487933640911
6 0.3894415917267599 0.87814646538827 0.022847164772652383 0.01120112933640911
6 0.42373477110990887 0.88323395472627 0.010742631087432387 0.03371192866804549
6 0.47685977110990885 0.883852120066815 0.010742631087432387 0.03371192866804549
19 0.5651137475709586 0.8864418654121327 0.026835235389503432 0.01593408267027243
23 0.3751199931067317 0.8928265833863612 0.021325575081077908 0.013526698002863569
23 0.30623362541198 0.8998391047103617 0.02449148538950343 0.015906810669954297
23 0.33748362541198 0.9002027313812704 0.008398881087432386 0.03368465666772735
23 0.35075123864250485 0.9011385227164069 0.008357970779006773 0.031340906667727354
19 0.5000108989509304 0.9005310900699968 0.028356825081077907 0.013608514003817972
23 0.37639612094775315 0.9092510147199068 0.022847164772652383 0.01120112933640911
23 0.3051660032530014 0.9162362640435889 0.02288807508107791 0.01354487933640911
23 0.6503148620192994 0.9296293387571322 0.008357970779006862 0.031340906667727354
23 0.629193838480349 0.9309463907542685 0.008357970779006862 0.031340906667727354
19 0.594037588480349 0.9305373107494962 0.010865362012708957 0.040743178668045485
12 0.4464943867760658 0.9671095153962244 0.07812104586008459 0.045431226010499516