20 0.7353101498916343 0.96640625 0.0426438569862416 0.0578125
9 0.33471983973268254 0.72578125 0.6379018595181304 0.5484375
20 0.7598215326537736 0.7734375 0.045781269870265894 0.14765625
20 0.47287951632688685 0.38671875 0.03614832032575279 0.05078125
20 0.39983139672677337 0.353125 0.0360119110699257 0.046875
20 0.18598466233587002 0.2921875 0.3065699477304145 0.05390625
12 0.39015131796350017 0.21015625 0.09935270317271012 0.1828125
12 0.5025694724100038 0.2078125 0.09310270317271012 0.1828125
12 0.2227604321213179 0.11484375 0.1378497187818067 0.121875
12 0.8639112217770316 0.08515625 0.14019346878180663 0.121875
6 0.7610491166048885 0.0703125 0.009739587748947898 0.0328125
23 0.29852183475372307 0.06953125 0.023147323320977707 0.0140625
23 0.4029538744094368 0.03984375 0.023201887023308564 0.015625
6 0.24249752404661712 0.03125 0.023174605172143183 0.01484375
23 0.4548065510884591 0.02578125 0.023120041469812235 0.01328125
6 0.5803422644279703 0.01875 0.008849210344286363 0.0296875
23 0.6131274825768049 0.01796875 0.009712305897782514 0.03203125
23 0.599791668874474 0.01640625 0.008958337748947897 0.0328125
23 0.555850695916316 0.0109375 0.022284227767481467 0.01171875
6 0.49445932813030113 0.0203125 0.021703874409436885 0.03984375
6 0.5264905781303011 0.0203125 0.021703874409436885 0.03984375
6 0.6975570462791356 0.01953125 0.020895342558271322 0.0390625
6 0.6716666688744739 0.01640625 0.015208337748947897 0.0328125
23 0.36341765925582714 0.00390625 0.023710318511654283 0.0078125
23 0.39076140925582714 0.00390625 0.025272818511654284 0.0078125
23 0.33216765925582714 0.00390625 0.023710318511654283 0.0078125
23 0.4313591274046617 0.003125 0.022874504809323425 0.00625
6 0.27133928666048884 0.00703125 0.014553573320977708 0.0140625