1 0.27890625 0.05859375 0.1671875 0.11640625
6 0.3703125 0.0125 0.01640625 0.025
6 0.3921875 0.02265625 0.01953125 0.04453125
0 0.43671875 0.02109375 0.0640625 0.0421875
6 0.48203125 0.0234375 0.02265625 0.046875
9 0.7171875 0.04609375 0.040625 0.06015625
24 0.0296875 0.05703125 0.059375 0.1140625
9 0.928125 0.07421875 0.11796875 0.14765625
6 0.36953125 0.05859375 0.01484375 0.03125
9 0.1203125 0.06875 0.08046875 0.06484375
6 0.3921875 0.08046875 0.01953125 0.04921875
25 0.33984375 0.09296875 0.028125 0.03828125
9 0.27578125 0.59296875 0.13125 0.75546875
9 0.52734375 0.5984375 0.1265625 0.753125
9 0.91875 0.68359375 0.11640625 0.16171875
23 0.9984375 0.80859375 0.003125 0.03359375
19 0.96875 0.81015625 0.04296875 0.0515625
9 0.91640625 0.92265625 0.12109375 0.128125