12 0.0978920292209932 0.032395424013363025 0.07999719155801359 0.06341815734404496
23 0.39362726907472345 0.011612946053452085 0.02679432508107791 0.01359033267027256
19 0.838199429383149 0.014441785447131128 0.014993754464227039 0.008766472668681724
25 0.1557590762988939 0.029943133354544477 0.024886951704283344 0.038563060669954394
12 0.34230054829571666 0.042272052713225136 0.050555153408566686 0.07713521200668151
9 0.739424964286185 0.07736795210054083 0.12035518465815472 0.1380914406826811
6 0.22142894074723468 0.07290334003022589 0.020349456168510204 0.04710226666931805
12 0.2760755304388092 0.07588343670431645 0.07909893912238157 0.1462033853437268
6 0.12116984212720647 0.08658348468331742 0.043677862012708825 0.04112498667249973
1 0.17741984212720646 0.08723801269095344 0.06054776217486464 0.0678783906747269
23 0.44290847443245485 0.09814133939367904 0.0276125312495882 0.06046533267027256
28 0.40072097443245475 0.09765044338795204 0.05511992248329012 0.07015850600731785
23 0.35432721550400104 0.11430159404836142 0.029215941558013547 0.06282726400381797
6 0.12114652272817143 0.13268632535009015 0.04519945170428334 0.03879941800604518
9 0.7002537755708406 0.3965083034293138 0.05203583279171564 0.0724658933402269
9 0.4507820608809137 0.6300434043602715 0.14264243100141147 0.739913191279457
9 0.244477513803013 0.6321682941796585 0.140957200076135 0.735663411640683
18 0.8506909630749597 0.9959177670571906 0.05105398538950325 0.00816446588561881