12 0.675997783975183 0.17492180124127693 0.09031810669954403 0.2432056546785449
6 0.5755699752944109 0.2799825659214127 0.02124883867759042 0.08070510733609079
6 0.5344364452975926 0.257026871260367 0.014072138009226975 0.06812329133513631
12 0.4400506459659561 0.2456268419398664 0.09035446936663476 0.24633065467854492
6 0.36708531329568356 0.2730347739497296 0.014844297342454117 0.06735113200190898
6 0.3147148386378195 0.20880918929027467 0.00987498667249973 0.04307783800127272
6 0.31159838196213807 0.27524271129059286 0.009075555338954277 0.041506247334499945
6 0.2766693986314562 0.2561205412953654 0.013290888009226887 0.06811420066836363
6 0.24368417596277445 0.2713460992998197 0.00987498667249973 0.04307783800127272
6 0.22625122795991093 0.2926398439688196 0.02285624466899989 0.01745112933640893
6 0.17099156329568355 0.2753165313096829 0.01871418467536321 0.06427158533577267
6 0.19130351595322942 0.34225858330681935 0.009893168006045183 0.04464033800127272
12 0.009978981997931912 0.1100380713319546 0.019957963995863824 0.1596113573360908
6 0.1671013052594125 0.5425131219764556 0.014072138009226843 0.06812329133513621
6 0.16970014127150285 0.45343244064291016 0.0221113573360908 0.020567038669636162
12 0.10515364656273204 0.7642977626511825 0.0887737880330894 0.24474997334499946
6 0.17403091589755018 0.752560283975183 0.022011907344044967 0.07915169800286356
6 0.20825137456241388 0.7654415446371832 0.014108500676317703 0.07124829133513622
6 0.21835417524668582 0.6356540473026833 0.009938621339908771 0.04854658800127254
6 0.2543905778962775 0.7609989452975926 0.014044866008908663 0.06577954133513622
6 0.2565899719128222 0.6391148546308199 0.00987498667249973 0.04307783800127254
6 0.2690899719128222 0.6389694039624563 0.009111918006045184 0.04463124733449995
6 0.28312519991250407 0.6411495219605472 0.014072138009226798 0.06812329133513621
6 0.2797542045671864 0.7294580439608654 0.009893168006045183 0.04464033800127272
6 0.32823715790105 0.7249881726209566 0.009856805338954278 0.04151533800127272
6 0.3832979225811858 0.6251421666136388 0.020485770011135874 0.08225851666931802
23 0.20923590328613853 0.3451744979710468 0.009856805338954278 0.04151533800127272
23 0.22256260662000216 0.3411137066359105 0.00987498667249973 0.04307783800127272
23 0.23424499395291126 0.34410234663431966 0.00987498667249973 0.04307783800127272
23 0.24673590328613854 0.3447381459659561 0.009856805338954278 0.04151533800127263
23 0.25924499395291123 0.34381144529759256 0.00987498667249973 0.04307783800127272
23 0.27096374395291123 0.3436750852960017 0.01065623667249973 0.0430869286680454
23 0.17105410327818435 0.4042045999761375 0.02285624466899989 0.01745112933640893
23 0.17155354260822997 0.4284142593093647 0.02282897266868176 0.015107379336408933
6 0.2636592266072754 0.4343728106301835 0.009838624005408825 0.03995283800127254
23 0.2864251119510023 0.3575557719605473 0.009856805338954278 0.04151533800127272
23 0.29815295261777497 0.3566381619589564 0.00981135200509069 0.03760908800127263
23 0.3098626119510023 0.3572830519573656 0.009075555338954277 0.041506247334499945
23 0.32312568061745683 0.3586910106222293 0.010638055338954278 0.0415244286680454
23 0.33566204328454774 0.35542055995386573 0.009856805338954366 0.04151533800127272
23 0.34736261195100226 0.3568466999522749 0.009893168006045183 0.04464033800127272
23 0.2953813939370029 0.4605625932925019 0.024418744668999893 0.017469310669954295
23 0.30359333593254856 0.49327509595800195 0.00903010200509069 0.037599997334499945
23 0.3168745859325486 0.49312055462286564 0.009057374005408824 0.03994374733449994
23 0.330955267266094 0.4913944226209567 0.009093736672499731 0.043068747334499946
23 0.3019484725891399 0.5675029366247747 0.009856805338954278 0.041515338001272536
23 0.3160291539226854 0.5657768046228656 0.009829533338636143 0.03917158800127272
23 0.3293104039226854 0.5656222632877294 0.009856805338954278 0.041515338001272536
23 0.2479149532543218 0.5790676926320926 0.009075555338954277 0.041506247334499945
23 0.23309847525463998 0.5768966653007743 0.00987498667249973 0.04307783800127254
23 0.2057183625875491 0.5803398386378195 0.010638055338954367 0.04152442866804549
23 0.20671833593254857 0.49440233863781946 0.00987498667249973 0.04307783800127254
23 0.234861517266094 0.4925125746340015 0.00987498667249973 0.04307783800127272
23 0.24894219859963945 0.49078644263209253 0.009838624005408825 0.03995283800127254
23 0.07902914059518511 0.5255716173217733 0.023673857336090797 0.020585220003181703
23 0.07775754193191223 0.5005897986553187 0.02207499466899989 0.017442038669636162
23 0.048869473265457666 0.49936365332590943 0.023673857336090787 0.020585220003181703
23 0.049323459261639654 0.5274795626591366 0.02207499466899989 0.017442038669636162
20 0.4832893792568672 0.557581401933503 0.07968804734245402 0.06810565734404506
20 0.6692076032384134 0.6913371419080496 0.07481982869190791 0.18678293200986323
8 0.6767517619748649 0.17725646057450425 0.05298064401654479 0.12247498400699967
8 0.4394602999681833 0.22922968260663912 0.05230848201781733 0.131840893340227
8 0.10664342122855028 0.770529581317637 0.0545431440165447 0.12249316534054522
20 0.22113154053950587 0.9340188219685015 0.0390266846753633 0.06450794267186347
20 0.6372181893300456 0.0207983866267632 0.09978237133990878 0.0415967732535264