1 0.03203125 0.9430393705543298 0.0640625 0.11392125889134022
19 0.515625 0.9252031296550671 0.06796875 0.10394694540910479
19 0.44921875 0.927514800457066 0.06640625 0.1062179208019991
23 0.584375 0.9329385469424093 0.040625 0.08157963978475209
25 0.11875 0.9819691298599548 0.02734375 0.026273555624352695
25 0.16015625 0.9800406027716496 0.02265625 0.02605523180303493
2 0.64921875 0.9150746507475163 0.0671875 0.11250430810555194
25 0.00390625 0.7982555634822354 0.0078125 0.033957623035529315
23 0.515625 0.7447343796550671 0.03125 0.15145549214211726
23 0.453125 0.7453016139393014 0.03046875 0.14907535483856424
19 0.11796875 0.7554430171635078 0.08828125 0.20567426530148084
1 0.28671875 0.7452396095960752 0.21796875 0.45937080769126715
25 0.0046875 0.7333754261786825 0.009375 0.03403039764263518
9 0.77734375 0.537232132964836 0.346875 0.6442809627775002
2 0.43125 0.5072579584387833 0.06328125 0.2068536215877872
10 0.10234375 0.5022645132345663 0.12265625 0.16040030665780983
23 0.32890625 0.438587195204217 0.0546875 0.045515861248705033
6 0.5328125 0.3767463589769026 0.028125 0.14427869292790546
23 0.00390625 0.39903681348223535 0.0078125 0.1519263730355293
23 0.10078125 0.3288997878416722 0.0953125 0.0575642510334573
12 0.2234375 0.2856869811838624 0.053125 0.2680993366415992
23 0.3703125 0.25384616811591176 0.03125 0.14754924214211718
23 0.43203125 0.25019032113523043 0.034375 0.14769479135632882
6 0.30859375 0.2559395150965932 0.03125 0.15536174214211718
25 0.53515625 0.21101219706624383 0.065625 0.107744033498446