23 0.4498535124930319 0.29637711377400955 0.036796538933023905 0.14786532825883122
2 0.7787597624930319 0.29829063436026904 0.12639484923787414 0.10620052390590926
19 0.12328646731349205 0.2952584787263694 0.08790049668035031 0.20362951492891881
23 0.37406771731349203 0.29671748135864806 0.034480060010262735 0.15253919272021185
28 0.26077737695441244 0.2976209303253758 0.12831641842151909 0.16792836426498886
2 0.7788865066392994 0.4107951795398089 0.12799371067419257 0.11245961426498888
25 0.003560295474127402 0.40783977107723884 0.007120590948254804 0.040679542154477666
25 0.0026017834720748565 0.469553975897699 0.005203566944149713 0.04223295179539797
4 0.6027052808397961 0.4785225141433519 0.11915556274073716 0.33896302693097125
2 0.7782274556060271 0.5240764295398088 0.1256272347764938 0.10853972872636941
2 0.7783541997522946 0.6365809747193486 0.1264175751355733 0.11010677390590935
25 0.15546614559576438 0.672802216626121 0.02442328307929138 0.035297150565734015
25 0.11639910041622456 0.6733562076491306 0.024464189695149675 0.04232840056573402
25 0.11602639569396025 0.7374187076491305 0.025236349336070062 0.040770445745273776
25 0.15351730533488062 0.7391993762670414 0.022892599336070064 0.04075681020665449
2 0.7761371938985622 0.7490718843602691 0.12642212031511307 0.11088802390590917
23 0.6125423265103154 0.8020281918364489 0.08620164129415606 0.18018292456983928
25 0.1148633506126163 0.8030391624695907 0.02521816861791084 0.03764544574527377
25 0.15547471507399688 0.8056192618056608 0.022906234874689523 0.043100560206654495
1 0.030372259467969766 0.78515625 0.06074451893593953 0.4296875
2 0.7754872332243694 0.8607906343602689 0.1256499606741926 0.11244597872636959
25 0.11603951035173254 0.8694545028286704 0.027589189695149674 0.04234658128389342
25 0.1550792844540335 0.8735880118056608 0.022097713797450604 0.03840851502711473
25 0.15471112491130898 0.9368692618056608 0.02447782523376909 0.044672150565734016
25 0.11485373937268957 0.9389812076491306 0.026794304156530214 0.0399982861043533
19 0.5109020375772915 0.9474982104778009 0.06781473477649377 0.10500357904439817
19 0.4436963568591322 0.9506242165524741 0.06699257816063522 0.09875156689505182
23 0.5779940888069556 0.9643349860189862 0.04027554205628192 0.07133002796202774
25 0.11298671234352235 0.9911259758240523 0.027448289129415614 0.017748048351895564
25 0.15438841716398258 0.9918391783511668 0.02275624394987581 0.016321643297666454
2 0.6436236339864954 0.9635095507386847 0.06763292759490121 0.07298089852263061
7 0.06875 0.05118122579950318 0.1375 0.10236245159900637
2 0.7824352500981959 0.06939801989888847 0.12326984923787414 0.10618234318775
23 0.6124949339396131 0.13872421593874995 0.09006243949875792 0.17239315046753823
2 0.7809858587058439 0.18423722471934867 0.12404655405833438 0.1054056383672898