23 0.5465193693109556 0.1839956095181304 0.03539370202099903 0.15586061960011338
23 0.6309216413112737 0.1845982994439966 0.03929995202099903 0.15599702885594055
23 0.7145244819780465 0.1867362075186974 0.035384611354226256 0.15507936960011337
23 0.7989267539783647 0.1873388974445636 0.03609313602004445 0.14885665145127885
7 0.9303772959898187 0.10751996658919008 0.13924540802036275 0.1548016058051153
9 0.5446450499284123 0.5465774550716267 0.9032197380649063 0.5094718469890764
8 0.5465193693109556 0.1839956095181304 0.024809643340226905 0.05162698738612823
8 0.6285960726448192 0.18295395389050034 0.020903393340227082 0.05149057813030113
8 0.7129528913112737 0.18746289381636655 0.022474984006999675 0.05232639183263199
8 0.7973097099777282 0.19197183374223276 0.025545440006363405 0.0477480192372937
8 0.9899522906588185 0.09240588727776258 0.020059056015271894 0.11315476442797026