23 0.5484375 0.29375 0.0359375 0.14765625
2 0.21953125 0.29375 0.12578125 0.10546875
19 0.875 0.29453125 0.08671875 0.203125
23 0.62421875 0.29453125 0.03359375 0.15234375
28 0.7375 0.29609375 0.12734375 0.1671875
2 0.21875 0.40625 0.12734375 0.11171875
25 0.9953125 0.4078125 0.009375 0.040625
25 0.99609375 0.46953125 0.0078125 0.0421875
4 0.39453125 0.475 0.1171875 0.33828125
2 0.21875 0.51953125 0.125 0.1078125
2 0.21796875 0.63203125 0.12578125 0.109375
25 0.840625 0.671875 0.02421875 0.03515625
25 0.8796875 0.67265625 0.02421875 0.0421875
25 0.8796875 0.73671875 0.025 0.040625
25 0.8421875 0.73828125 0.02265625 0.040625
2 0.21953125 0.74453125 0.12578125 0.11015625
23 0.3828125 0.7984375 0.08515625 0.1796875
25 0.88046875 0.80234375 0.025 0.0375
25 0.83984375 0.8046875 0.02265625 0.04296875
1 0.96796875 0.78515625 0.0640625 0.4296875
2 0.21953125 0.85625 0.125 0.11171875
25 0.87890625 0.86875 0.02734375 0.0421875
25 0.83984375 0.87265625 0.021875 0.03828125
25 0.83984375 0.9359375 0.02421875 0.04453125
25 0.8796875 0.93828125 0.0265625 0.03984375
19 0.48359375 0.94609375 0.0671875 0.1078125
19 0.55078125 0.94921875 0.06640625 0.10078125
23 0.41640625 0.9625 0.03984375 0.07421875
25 0.88125 0.990625 0.02734375 0.01796875
25 0.83984375 0.99140625 0.02265625 0.0171875
2 0.35078125 0.96171875 0.0671875 0.0765625
7 0.93125 0.05078125 0.1375 0.1015625
2 0.2171875 0.06484375 0.12265625 0.10546875
23 0.38671875 0.13515625 0.0890625 0.171875
2 0.21796875 0.1796875 0.1234375 0.1046875