9 0.04667855120511505 0.3979289607723885 0.0933571024102301 0.7950721263652373
1 0.8590522922526735 0.06046844749378975 0.2818954154946528 0.11257376463433118
25 0.6202488674864426 0.01454637255460824 0.02590851502711473 0.022024990924813692
25 0.6616369367682834 0.017912267070218108 0.026726126463433177 0.0282795361043535
25 0.9902335936787292 0.20733033283601748 0.016601692720211503 0.03368919877033605
25 0.9535057533196497 0.2086792093976464 0.02286532825883114 0.03606931020665449
25 0.9128671177810302 0.21078661006157637 0.02599032825883114 0.03608749092481371
25 0.8706796177810302 0.2105411703664267 0.02599032825883114 0.03608749092481371
25 0.7878671177810302 0.21005938133520696 0.018999984874689346 0.04307783430895542
25 0.8292688226014905 0.21108152585081683 0.023682939695149584 0.04232385538619425
18 0.20736655152425162 0.21215106293712896 0.17662665339440445 0.146335165396457
25 0.9898563437769251 0.27217408283601746 0.016601692720211857 0.03368919877033605
25 0.9117267985973854 0.2725008148820366 0.027589189695149584 0.04234658128389333
25 0.7859410034178456 0.2725502909761273 0.024468734874689348 0.043109650565734015
25 0.9539097534178456 0.2735275045771862 0.024450554156530302 0.0399846505657341
25 0.8710972534178456 0.2730457155459665 0.0275755541565303 0.04000283128389333
25 0.8289052082383057 0.27358152585081685 0.022111349336070063 0.04075226502711464
23 0.23532285900043154 0.37560048458010187 0.03832267749670546 0.14162441861791084
23 0.15405467828227232 0.3782527859079618 0.0360152889330239 0.14786078307929137
23 0.9824377117543472 0.6072985165792388 0.029006764830722887 0.15172612646343317
4 0.774461585290914 0.6342144988216496 0.33639305971567524 0.348820336843038
4 0.3900002268796577 0.6468220204880637 0.3394816982793566 0.3425885175611974