7 0.15024161660568464 0.94921875 0.30048323321136927 0.1015625
6 0.027464451225368603 0.7965947470047752 0.03533915802036271 0.1511731196001133
6 0.09387979189214132 0.7981324543538365 0.034548817353589986 0.1503645877489479
6 0.1509019512253686 0.8009052794889128 0.03296813602004454 0.14874752404661712
1 0.1412109375 0.21978176506094244 0.282421875 0.43953624827071947
6 0.4602182426400467 0.2122446058899333 0.03455790802036276 0.151145837748948
9 0.9473069732654575 0.5158302941387396 0.10460480346908482 0.9683394117225209
25 0.005073526127876785 0.5917063503628197 0.01014705225575357 0.04041666887447413
25 0.004855760632172042 0.5299603185116543 0.009711521264344084 0.043514387023308565
25 0.039175752585958255 0.5961408792187604 0.020757942671863393 0.038990578130301046
25 0.039984821928730555 0.5266096292187602 0.020022146005727003 0.04286954627913566
25 0.0806001839195037 0.596024317330528 0.02315623667249973 0.04375992368379755
25 0.08055527792809422 0.5327157854793625 0.02234771467218155 0.04138889183263199
25 0.12357802458627642 0.5967435691446263 0.023882942671863416 0.039099705534962934
25 0.12511379992841237 0.531927100995792 0.02710794000636336 0.04780258293962447
25 0.16496609325273098 0.5997520072563941 0.02242044000636332 0.047638891832631994
25 0.1657387999284124 0.5333457572563941 0.023101692671863416 0.039072423683797375
25 0.2071717745862764 0.5996627272193272 0.02314714600572696 0.042978673683797375
25 0.20639107192873052 0.5324206635169964 0.02236589600572696 0.04295139183263199
25 0.3344995326225475 0.3368130415546303 0.02465510200509069 0.03834573738612832
25 0.3735620326225475 0.3381771341129017 0.022347714672181596 0.04138889183263199
25 0.3368347392982288 0.27046135525696113 0.02627214600572696 0.04308780108845909
25 0.37587905796468346 0.2733879478152325 0.02543635200509069 0.03837301923729371
25 0.3758796053071376 0.2061731659640671 0.025409080004772554 0.0360292692372937
25 0.3360358553071376 0.2047817915546303 0.021502830004772554 0.03589285998146652
25 0.3375807213160463 0.13918407340579572 0.02700794267186346 0.03920883293962456
25 0.33756308732495494 0.07353179155463027 0.021557374005408823 0.040580359981466564
25 0.3381994339990455 0.01884429155463029 0.026726132001908987 0.01499008293962455
25 0.3774153806492735 0.14135669781523252 0.025409080004772554 0.0360292692372937
25 0.3781880873249549 0.07495044781523255 0.024627830004772554 0.036001987386128274
25 0.37882443399904553 0.02026294781523254 0.026726132001908987 0.01499008293962455