2 0.7843217550339932 0.04408994475361987 0.1251110624046877 0.08817988950723973
2 0.7862135229857641 0.14782216840470705 0.12587412860909736 0.10971719269935694
2 0.7873058571419447 0.26194833540090146 0.1282360624046877 0.1105939431936485
2 0.7907055737069448 0.37441650190280423 0.12994403276940983 0.11690761018984289
2 0.7933422240675352 0.4876977519028043 0.12750936379145833 0.11290585969555131
2 0.7967419406325351 0.6001659184047071 0.128326981382639 0.11450019319364842
2 0.7977979071975353 0.7127295854009015 0.12834516517822933 0.11528144319364841
2 0.8003981899669451 0.8244483354009015 0.12760028276941 0.11681210969555131
4 0.6165244977188893 0.45032903897467325 0.1250610834905906 0.3430562747145792
23 0.4583996071419447 0.27535023809982084 0.039374237366562606 0.14912059091247104
23 0.38263654093753496 0.27921933741524885 0.03713959014010424 0.1537125904181794
23 0.6164270466371182 0.11016695399370133 0.0930629350298613 0.1755040187830803
23 0.6357713390932646 0.7732890365032155 0.08933852298576409 0.18315735129259442
28 0.26939165852871555 0.2853976946393423 0.13123508225631958 0.17237636018984298
2 0.6716030023716326 0.9352651130812303 0.0689695119678472 0.07930018083635879
23 0.605996186167223 0.9387203769213948 0.04157121058107656 0.07584225840295673
19 0.5384268264598272 0.9250518077577535 0.06969686379145834 0.11055018083635915
19 0.47131206164218825 0.9309144885941125 0.06875195963114607 0.1034870973382617
19 0.13185529093753495 0.28943789030444866 0.0914465368534724 0.2066585182887887
7 0.0699319467133681 0.05078125 0.1398638934267362 0.1015625
1 0.05030596456822982 0.783851076578015 0.07406358757465314 0.43229784684397005
25 0.17501306420763946 0.665380966388172 0.02503702080156254 0.03614308844101295
25 0.13596874800322972 0.6677538912930319 0.025200674961875037 0.04317433844101295
25 0.1749961868328131 0.7318508833843664 0.023601807370694505 0.041548171444818746
25 0.1788855594579868 0.7981616328900749 0.023656358757465322 0.04389192144481875
25 0.180467549674341 0.8661303828900749 0.022766005983923643 0.03917258794672165
25 0.18194043711715358 0.9294116328900749 0.0252552263486459 0.04551808844101331
25 0.18323148660406333 0.984880382890075 0.023056293502986148 0.01811067144481875
25 0.13745981924163259 0.7318163912930318 0.025945557370694504 0.04164367193911041
25 0.13820600807121594 0.797473224791129 0.025872822188333356 0.038518671939110224
25 0.1413141306963896 0.8638158077949345 0.028325674961875037 0.0433016724334017
25 0.1421512385039244 0.9333788912930319 0.027489873575104174 0.040926088935304604
25 0.14180705280847306 0.9857863082892262 0.02776197729857639 0.019082922433401706
25 0.014179441298125341 0.40762149901141687 0.010320557370694478 0.041007001977166266
25 0.014834711149757337 0.46937208250951395 0.008794424961875037 0.04250583498097207
8 0.6243122818194793 0.11297361901272937 0.02449281335461819 0.07982942144481867
8 0.4614882395507641 0.2736604041074321 0.01922343189572917 0.05463842045623544
8 0.38345415852871556 0.28075000391715166 0.02474673328249999 0.057205004942915846
8 0.6382605594579868 0.7794435360089238 0.02843543094579868 0.0815510889353046
8 0.6089763690128828 0.965968626427103 0.022347778685347208 0.02120383794672165