6 0.8870888927387256 0.5402952610542272 0.030451503954332538 0.019786710344286362
6 0.8844785458947555 0.6043577610542272 0.03207767095052709 0.02140377404661713
23 0.6967928620926471 0.6791692441791863 0.034294086958138334 0.01836061960011328
23 0.6951202741459257 0.7010169623280208 0.031232753954332716 0.019813992195451748
6 0.6902497489370547 0.8205482123280209 0.029797587946721472 0.022884428493120623
6 0.4902497489370548 0.8135640584296713 0.034389587452429995 0.020704369600113282
9 0.7879736190127293 0.6344252738361535 0.15272165965618267 0.7311494523276929
9 0.027152766416604752 0.6197265625 0.054305532833209505 0.760546875
9 0.2682964944884304 0.8269370445498552 0.08535652125453819 0.10361856252120454
9 0.184003702016535 0.6254433383607156 0.1525943256637939 0.7491133232785687
9 0.5872242025108265 0.6300632808706912 0.16137907665237705 0.7398734382586177
9 0.38309511802414625 0.6318173595703509 0.15627774117711352 0.7363652808592981
23 0.2572197316368492 0.8875744441870355 0.03207767095052709 0.02140377404661713
23 0.68811956315778 0.9112277760303517 0.034357753954332534 0.01992311960011328
23 0.44040230475482306 0.9424777429132419 0.03129642095052709 0.021376492195451745
6 0.08067699703425048 0.016899812521204503 0.01677100593149905 0.02867063702330856
6 0.0789261546389047 0.0598685625212045 0.014187175399151375 0.04184275961864685
23 0.16639432114080752 0.06370537985173244 0.031232753954332716 0.019813992195451702
23 0.21626698714841872 0.06857641832631982 0.03269975346004115 0.017524805897782558
6 0.7116763517497049 0.33310277603035165 0.03279525395433271 0.019868555897782515
23 0.7115980973010807 0.3542238078815171 0.031982170456235436 0.01906002404661713
23 0.7099573428524563 0.3752902760303517 0.03029233646384668 0.015880460344286272
6 0.7053733191264601 0.4877902760303517 0.02973392095052709 0.0213219284931208
6 0.5043374011416826 0.48702884028083665 0.028952670950527094 0.02129464664195524