1 0.10662706452447579 0.69792292288535 0.06610801542127547 0.12054487336031983
23 0.04622535267392272 0.6807077674128545 0.0491193384737585 0.041601001809022264
23 0.9719423729664621 0.6808293504047974 0.03986706939903506 0.04814092887824373
6 0.9036872508074836 0.6608610091566532 0.037219356330665934 0.07532090456798421
6 0.9427264314084486 0.6168553816124619 0.05172218709378669 0.05656758254171699
23 0.8955923327884203 0.5995550169585693 0.033398881087432386 0.0353133802577247
1 0.7738576546230874 0.5564900124360135 0.21670762783772624 0.47577568520982183
6 0.8967905941525061 0.534052847691264 0.03462619034019774 0.10562588025772471
6 0.6599627499967047 0.5153969436891066 0.03239944277582953 0.022772436680159915
6 0.6018366042987757 0.4943983689493058 0.051482453732878145 0.13226694538658706
23 0.9873721236796008 0.49842296415417875 0.025255752640798334 0.07433493668015992
6 0.5014820482924214 0.4688450910210015 0.04692163879807012 0.09456222749876275
6 0.9295661379839959 0.48893842152655365 0.02795345048646709 0.08107958163720567
6 0.6590490864418683 0.4630531936891066 0.020844334009531628 0.031533283016686654
6 0.5503871525944926 0.45345578640758877 0.03590627232113448 0.044811210990419424
6 0.508149059656507 0.4036295267966503 0.028216503246410875 0.051433025214770646
6 0.9275984890396561 0.4209287279489887 0.014894342937985527 0.04839323439616781
6 0.9658251919617553 0.41980996324966763 0.0456767386359143 0.06795878392119796
6 0.5703899610364789 0.39206126300184047 0.02892561525911965 0.09205802521477065
6 0.6617007536501527 0.3913829115769309 0.04405969155801355 0.06475189676606811
23 0.3347155137964224 0.35004974615481277 0.026050031249588025 0.061466444482076096
6 0.6088660799490466 0.3605146918800842 0.041721670047658144 0.15439092887824382
23 0.5094155048679687 0.342033607529345 0.02988809740221221 0.057764912369900404
6 0.36631038717321696 0.3267284328349727 0.04079436972334651 0.10126592887824373
6 0.40300186363426665 0.3270902809805219 0.04279720048646727 0.08185750961093845
6 0.6556359399331605 0.3122310001115417 0.042629605112849946 0.11697281603337348
23 0.995918246346552 0.3216114806625222 0.008163507306895922 0.04284259724103805
6 0.6548216879045656 0.22086569368910655 0.021611947240056394 0.03079297659425162
23 0.33966429220663674 0.18639668193046152 0.03100058400953163 0.03206554952503016
6 0.3763694054371616 0.18753978007601071 0.0334670649348082 0.03921963025772479
23 0.40911372158978565 0.1853531603337355 0.024051154626382677 0.03638455732694625
23 0.030852353895033997 0.15772396879233552 0.050872753246410884 0.05262038896415202
23 0.6526046229697575 0.18328380653397677 0.02592730032431163 0.05443519448207605
6 0.3415171185055306 0.15839451266315616 0.03952615016215581 0.028609678878243817
23 0.37637335957707685 0.1430494736535756 0.02439207386326192 0.05591580732694625
6 0.6532261858759707 0.1294594436891065 0.02520059740221221 0.057519250904511134
6 0.6881506107948928 0.11802065467952594 0.027780126623205347 0.026433025214770645
23 0.33870003571381496 0.0864376255080264 0.038010288960225846 0.1206334045679843
23 0.4492557061685102 0.07037661352223878 0.051981285713814884 0.07141133254171694
23 0.40636877678536115 0.07281221675617061 0.022893803570722328 0.10423047659425164
1 0.23149150771063773 0.0706721053816384 0.17313926542127547 0.12615414348670784
6 0.9363530160285357 0.7766840829919429 0.12729396794292852 0.11469102103089916