6 0.6408195049793232 0.2802973214575502 0.04993908681758548 0.027190637305303154
6 0.639917157638394 0.25136833940423886 0.04754983418674961 0.02634119114536908
23 0.5811190103115822 0.2092550472426554 0.03376805524755433 0.017360996239076342
6 0.5473964576948637 0.19458479348173172 0.016201123649288364 0.03712792695960414
23 0.58928855510638 0.14797656644298532 0.05007559471009326 0.02953438730530311
23 0.48636868145709167 0.11419025132014823 0.019508134172632197 0.04034385517284948
23 0.4691811814570916 0.11469035649299775 0.017346394695975854 0.043400659012915455
6 0.6370134235645839 0.10745921503105951 0.024369939420186525 0.05686376543940619
23 0.39602513154179625 0.027605545131084357 0.03303230787839038 0.018119514185764962
23 0.3955323078783903 0.006814896625311253 0.03523954998588259 0.013629793250622507
28 0.6795807701996414 0.8786211611909934 0.054891897326811726 0.04527304757185959
23 0.7260462465221181 0.8702259879923131 0.035467063140062295 0.01975021034569906
6 0.713478357087814 0.8291152546853604 0.017027876280124234 0.03793190901291545
28 0.6766686018261423 0.8286211611909936 0.0509856473268119 0.04515938730530315
23 0.7320463465644703 0.8254446854058883 0.015237863125944707 0.03398019490629274
6 0.6790963808359246 0.7628143047645028 0.02908055524755433 0.017224603919208194
23 0.6518513413733856 0.7518684445770883 0.016519642065139985 0.0425966769596041