6 0.1625 0.38671875 0.0203125 0.08671875
6 0.20703125 0.39296875 0.01875 0.10625
23 0.71953125 0.40234375 0.02421875 0.0953125
6 0.69765625 0.4046875 0.01953125 0.09296875
6 0.4828125 0.40859375 0.0234375 0.078125
6 0.66796875 0.409375 0.0234375 0.08671875
6 0.4625 0.409375 0.02265625 0.08046875
23 0.04453125 0.409375 0.0234375 0.0953125
6 0.58671875 0.4109375 0.021875 0.0828125
6 0.6078125 0.4109375 0.02109375 0.09140625
6 0.64921875 0.4109375 0.0203125 0.09140625
6 0.565625 0.409375 0.02109375 0.08046875
23 0.021875 0.41328125 0.01875 0.0953125
6 0.62890625 0.4140625 0.01953125 0.0890625
6 0.33984375 0.4140625 0.0203125 0.0828125
6 0.35859375 0.4125 0.02109375 0.08671875
6 0.4015625 0.415625 0.021875 0.078125
6 0.50546875 0.4125 0.021875 0.08671875
6 0.5453125 0.4140625 0.02109375 0.0828125
6 0.421875 0.415625 0.0203125 0.084375
6 0.44375 0.415625 0.01953125 0.084375
6 0.52578125 0.415625 0.01796875 0.084375
6 0.38125 0.41796875 0.01875 0.0828125
6 0.27734375 0.41953125 0.01875 0.1
6 0.2984375 0.41953125 0.02109375 0.1
6 0.31953125 0.4171875 0.01640625 0.0953125
6 0.2359375 0.4203125 0.0203125 0.10234375
6 0.2578125 0.42109375 0.0171875 0.0953125
6 0.75390625 0.47109375 0.02421875 0.13671875
23 0.23359375 0.5265625 0.021875 0.090625
23 0.25703125 0.52421875 0.01875 0.08671875
23 0.1953125 0.57109375 0.0453125 0.0453125
6 0.696875 0.6078125 0.01875 0.10390625
23 0.196875 0.628125 0.04140625 0.04765625
6 0.24140625 0.63046875 0.046875 0.0828125
23 0.196875 0.68984375 0.03984375 0.04296875
23 0.6828125 0.70703125 0.04375 0.04765625
23 0.19453125 0.7453125 0.04375 0.05
6 0.24296875 0.74921875 0.04375 0.05859375
23 0.6828125 0.7671875 0.040625 0.05703125
23 0.19453125 0.80078125 0.04375 0.05
1 0.51796875 0.81328125 0.13671875 0.35703125
23 0.7953125 0.81484375 0.04765625 0.05546875
23 0.83984375 0.8171875 0.04375 0.0515625
6 0.684375 0.8234375 0.040625 0.05
6 0.621875 0.85 0.040625 0.04375
6 0.2421875 0.85546875 0.04296875 0.05390625
23 0.19609375 0.859375 0.040625 0.04765625
23 0.83828125 0.871875 0.03828125 0.05
6 0.796875 0.8765625 0.04140625 0.05859375
23 0.19609375 0.91640625 0.040625 0.05
23 0.840625 0.93125 0.0453125 0.05546875
23 0.040625 0.95234375 0.040625 0.06953125
23 0.01015625 0.95546875 0.0203125 0.0671875
23 0.078125 0.9625 0.01875 0.075
6 0.2421875 0.9703125 0.0421875 0.059375
23 0.196875 0.97578125 0.0421875 0.0484375
6 0.796875 0.97890625 0.040625 0.0421875
23 0.840625 0.98125 0.0421875 0.0375