23 0.8359375 0.353125 0.01953125 0.02890625
23 0.86328125 0.3578125 0.0171875 0.0375
23 0.42578125 0.3734375 0.0078125 0.04765625
23 0.4390625 0.3765625 0.00859375 0.0546875
1 0.9265625 0.39921875 0.075 0.1546875
23 0.42578125 0.44140625 0.0125 0.05390625
23 0.4125 0.44453125 0.01015625 0.05390625
23 0.86328125 0.47421875 0.01796875 0.0296875
6 0.8984375 0.509375 0.01875 0.03203125
23 0.8625 0.50859375 0.01796875 0.03828125
6 0.9296875 0.5109375 0.021875 0.02890625
23 0.525 0.59609375 0.0171875 0.03359375
23 0.525 0.62890625 0.01875 0.02578125
6 0.99453125 0.67578125 0.0109375 0.1140625
23 0.5234375 0.7 0.01796875 0.03671875
1 0.83828125 0.83828125 0.071875 0.203125
6 0.64921875 0.925 0.025 0.13125
1 0.55 0.9140625 0.078125 0.17109375
6 0.99609375 0.98984375 0.0078125 0.0203125
6 0.97734375 0.98984375 0.0109375 0.0203125
6 0.91328125 0.99140625 0.0109375 0.0171875
9 0.034375 0.9140625 0.06875 0.17109375
9 0.1890625 0.1453125 0.13125 0.18828125
9 0.65625 0.14609375 0.1546875 0.15546875
9 0.41875 0.146875 0.30390625 0.184375
23 0.628125 0.25390625 0.01015625 0.0484375
23 0.6390625 0.2546875 0.0109375 0.0578125
23 0.68984375 0.25859375 0.01171875 0.0515625
23 0.590625 0.26015625 0.01171875 0.05390625
23 0.60390625 0.315625 0.009375 0.0484375
23 0.8640625 0.31953125 0.02421875 0.0421875
23 0.62578125 0.32265625 0.009375 0.05625