6 0.80390625 0.271875 0.0109375 0.034375
6 0.84140625 0.275 0.0125 0.03671875
6 0.86015625 0.27578125 0.01015625 0.03828125
6 0.82265625 0.27578125 0.0109375 0.040625
6 0.34296875 0.434375 0.01484375 0.05625
6 0.29296875 0.434375 0.0171875 0.0484375
6 0.31796875 0.43984375 0.01328125 0.05703125
6 0.41484375 0.4609375 0.03046875 0.0203125
6 0.0609375 0.56484375 0.03515625 0.0203125
6 0.06640625 0.60078125 0.03828125 0.021875
6 0.515625 0.69140625 0.03515625 0.0234375
6 0.44140625 0.6921875 0.0296875 0.02265625
6 0.83984375 0.70703125 0.03828125 0.01953125
6 0.88671875 0.721875 0.01015625 0.0375
6 0.4046875 0.73359375 0.01484375 0.0421875
6 0.3796875 0.734375 0.015625 0.04296875
6 0.840625 0.734375 0.0375 0.01640625
6 0.84296875 0.76171875 0.03515625 0.0171875
6 0.8859375 0.76328125 0.01171875 0.0375
6 0.34453125 0.7796875 0.01328125 0.0390625
6 0.8390625 0.78828125 0.03203125 0.0171875
6 0.05546875 0.7875 0.0375 0.01796875
6 0.0953125 0.80859375 0.01640625 0.05546875
6 0.51484375 0.81171875 0.0140625 0.0453125
6 0.41328125 0.8125 0.01328125 0.04609375
6 0.4390625 0.8140625 0.0140625 0.04296875
6 0.84296875 0.81875 0.03515625 0.01640625
6 0.0578125 0.821875 0.0375 0.0171875
6 0.91953125 0.8421875 0.0453125 0.01875
6 0.0578125 0.85234375 0.034375 0.01953125
6 0.346875 0.8578125 0.01484375 0.03984375
6 0.3796875 0.859375 0.0171875 0.03359375
6 0.92265625 0.86875 0.0421875 0.02421875
6 0.87265625 0.90859375 0.02265625 0.0625
6 0.046875 0.95546875 0.01484375 0.028125
6 0.44453125 0.98828125 0.0140625 0.0234375
6 0.39375 0.9890625 0.015625 0.021875
6 0.4171875 0.98828125 0.015625 0.0234375
6 0.46875 0.9890625 0.015625 0.021875
6 0.9375 0.9984375 0.0078125 0.003125
6 0.87265625 0.99609375 0.0203125 0.0078125