23 0.11752171608517972 0.7621721886537278 0.030923391066226814 0.015979536004136107
23 0.039214859658689004 0.7568312553310002 0.03253135517284948 0.01756021733768165
23 0.08492216475239622 0.7430136559914094 0.01740646034569897 0.03456590400222712
23 0.93743339931299 0.7119928978755967 0.02952001543940632 0.021430104670590568
23 0.9362680529156291 0.6182247165420511 0.030164873119538173 0.016751695337363516
9 0.4580711935861445 0.4870240012730937 0.8948424532195629 0.2626707474538126
23 0.09139478826764577 0.9117454746578642 0.018324102665567034 0.03926249466899989
23 0.07420728826764578 0.911945469326864 0.0184150308788124 0.042387494668999895
23 0.17811353826764578 0.9107364106460919 0.03404839106622681 0.016015898671227193
23 0.11239761005440041 0.9083750266550006 0.01586669239901033 0.035328972668681756
6 0.38016252461060623 0.09248420794877509 0.04290656551854841 0.0520443053389543
23 0.17665032666830555 0.8873080013128647 0.03248589106622681 0.015997717337681648
23 0.9418206856020788 0.8627741478755965 0.02706260517284953 0.01749658267027243
23 0.17755359712227667 0.8646335699793191 0.03248589106622681 0.015997717337681648