1 0.10234375 0.0953125 0.2046875 0.190625
23 0.3171875 0.00859375 0.015625 0.0171875
6 0.77890625 0.04921875 0.084375 0.0984375
23 0.2609375 0.06015625 0.01484375 0.065625
23 0.3203125 0.06015625 0.01640625 0.065625
23 0.24765625 0.06171875 0.009375 0.05234375
23 0.346875 0.0640625 0.015625 0.07421875
23 0.2984375 0.06171875 0.0140625 0.06328125
6 0.23203125 0.06875 0.0140625 0.059375
6 0.8671875 0.07109375 0.03046875 0.02890625
6 0.86640625 0.10078125 0.03046875 0.03984375
23 0.25625 0.1296875 0.0140625 0.0625
6 0.740625 0.13046875 0.0171875 0.0515625
6 0.2203125 0.13203125 0.01328125 0.0609375
23 0.3078125 0.134375 0.01640625 0.065625
23 0.2421875 0.134375 0.01484375 0.06015625
1 0.628125 0.14140625 0.21875 0.2828125
6 0.86640625 0.13828125 0.03125 0.02578125
6 0.865625 0.1640625 0.0296875 0.0359375
23 0.22890625 0.19921875 0.0234375 0.02890625
23 0.73984375 0.19765625 0.0171875 0.05546875
6 0.12421875 0.23671875 0.01328125 0.0609375
6 0.0203125 0.240625 0.015625 0.0515625
6 0.07890625 0.24375 0.01640625 0.05703125
6 0.096875 0.24296875 0.0125 0.06875
6 0.0484375 0.2484375 0.0203125 0.0609375
23 0.74140625 0.25 0.01953125 0.05234375
6 0.825 0.28515625 0.08125 0.17578125
6 0.19140625 0.33125 0.01171875 0.065625
6 0.28828125 0.33046875 0.015625 0.06328125
23 0.25390625 0.33984375 0.03125 0.03515625
23 0.7453125 0.38671875 0.01875 0.06328125
6 0.153125 0.39453125 0.03046875 0.025
6 0.93046875 0.39921875 0.01328125 0.0515625
23 0.91796875 0.40234375 0.01953125 0.0578125
6 0.59609375 0.41328125 0.08984375 0.1578125
28 0.7921875 0.41875 0.05546875 0.09140625
23 0.8515625 0.41953125 0.015625 0.0625
6 0.1546875 0.4296875 0.02421875 0.03515625
1 0.6890625 0.44609375 0.090625 0.18125
23 0.74375 0.4484375 0.01328125 0.05
23 0.853125 0.47734375 0.015625 0.059375
28 0.915625 0.49765625 0.03515625 0.075
1 0.24140625 0.51484375 0.15 0.2234375
23 0.12578125 0.52421875 0.02578125 0.0328125
23 0.09921875 0.54765625 0.03125 0.03203125
6 0.1484375 0.5640625 0.01796875 0.04765625
23 0.4984375 0.56796875 0.0296875 0.03203125
6 0.33828125 0.571875 0.02578125 0.02109375
6 0.1609375 0.57421875 0.01328125 0.0734375
23 0.72421875 0.60234375 0.0234375 0.028125
23 0.5203125 0.60703125 0.01328125 0.05
23 0.5328125 0.61015625 0.01171875 0.05625
28 0.47421875 0.6265625 0.04140625 0.05859375
23 0.72734375 0.6421875 0.02421875 0.0359375
23 0.7859375 0.6421875 0.02890625 0.0359375
23 0.8140625 0.64375 0.02890625 0.040625
6 0.1984375 0.65 0.034375 0.04609375
23 0.5265625 0.659375 0.0234375 0.0171875
28 0.43515625 0.6640625 0.03828125 0.05
6 0.31953125 0.6671875 0.01640625 0.06875
23 0.628125 0.67421875 0.0140625 0.05234375
23 0.3015625 0.67265625 0.0125 0.04921875
23 0.2859375 0.67421875 0.0140625 0.053125
23 0.56171875 0.6734375 0.015625 0.04609375
23 0.5796875 0.67421875 0.01640625 0.046875
23 0.65703125 0.67421875 0.015625 0.046875
23 0.671875 0.675 0.021875 0.0546875
23 0.7859375 0.678125 0.03515625 0.03125
23 0.54921875 0.678125 0.0203125 0.0421875
6 0.64296875 0.68046875 0.0125 0.05390625
23 0.40546875 0.68359375 0.01875 0.059375
28 0.7234375 0.6859375 0.040625 0.04140625
23 0.52734375 0.6875 0.02734375 0.03125
23 0.46953125 0.690625 0.02578125 0.03203125
6 0.240625 0.70625 0.015625 0.075
6 0.27109375 0.70625 0.01953125 0.07578125
6 0.25390625 0.709375 0.0140625 0.06328125
28 0.82265625 0.71875 0.0328125 0.10078125
6 0.57265625 0.7203125 0.02109375 0.03203125
23 0.46875 0.72265625 0.021875 0.03125
23 0.5125 0.72265625 0.025 0.025
23 0.4390625 0.72578125 0.025 0.02421875
6 0.54296875 0.7265625 0.02421875 0.01953125
23 0.41328125 0.72734375 0.0296875 0.02890625
6 0.49140625 0.73203125 0.01171875 0.0609375
6 0.76484375 0.73515625 0.0125 0.0546875
6 0.75 0.73515625 0.015625 0.05625
23 0.79453125 0.73671875 0.0171875 0.05859375
23 0.65546875 0.73671875 0.01328125 0.046875
6 0.77890625 0.7390625 0.01484375 0.05703125
6 0.69921875 0.740625 0.01640625 0.05390625
6 0.61328125 0.73984375 0.015625 0.05234375
6 0.39140625 0.740625 0.015625 0.0609375
23 0.66875 0.73984375 0.0125 0.053125
6 0.6859375 0.73984375 0.0109375 0.053125
23 0.628125 0.74140625 0.0140625 0.05625
6 0.640625 0.7421875 0.01328125 0.05703125
23 0.375 0.74375 0.01484375 0.0546875
23 0.51328125 0.753125 0.02578125 0.03125
6 0.46875 0.75546875 0.03203125 0.03125
6 0.571875 0.75546875 0.02421875 0.0234375
6 0.4390625 0.75703125 0.025 0.02734375
6 0.5421875 0.759375 0.028125 0.03203125
23 0.4109375 0.7578125 0.02265625 0.02890625
6 0.31640625 0.815625 0.046875 0.0609375