6 0.34120289568419626 0.9983641440264874 0.01842377630835923 0.0032717119470252244
6 0.6664759114692117 0.9955243220480433 0.0338135578783902 0.008951355903913338
23 0.7095811693617196 0.9934078387173614 0.04189907366340577 0.013184322565277285
1 0.150082884949091 0.7774827931751246 0.1673882522073129 0.44503441364975077
9 0.5892147324311946 0.9035571874204053 0.725370268274677 0.16224239143058625
23 0.24794426129980254 0.8167175220400891 0.04101911312594471 0.034048283338636055
6 0.5584491217949114 0.7874958354153143 0.03725707629424182 0.023074420671545325
23 0.2510006428415988 0.7776641127068619 0.031598610495108835 0.03315794533736351
6 0.5606787507058717 0.7492145854153144 0.030817360495108838 0.03314885467059057
9 0.6086828821770808 0.6364151407542687 0.7168374314570917 0.13637932542963185
23 0.18733006889584422 0.5017368646960441 0.021108431527678783 0.05411533533577266
6 0.484743395190086 0.48252597740290587 0.037067360495108836 0.03322158000477238
23 0.6576271583442657 0.48062876475967753 0.025886936789350657 0.055732379336408934
6 0.3920476609751016 0.4767566880569519 0.03624060786427297 0.03243123933799978
23 0.5185646583442656 0.479010626074133 0.021017426266006823 0.052552835335772666
23 0.7279242477926872 0.4548662434356771 0.024096923635170953 0.05180794800286357
6 0.7037054977926871 0.45458443276572263 0.0254242052052021 0.06119203866963616
23 0.19376905567107744 0.43145163669636233 0.01876468152767883 0.05408806333545435
9 0.6267628371705214 0.35283957208781414 0.7163060814147393 0.18087421276254104
6 0.9747746739175198 0.2568212841342666 0.02351309471009344 0.028379538669636162
6 0.5256693159826596 0.20937937873963303 0.018028934158514788 0.054860222668681756
6 0.9787033107209877 0.21621446546781198 0.02057010523343692 0.031468176002545346
6 0.7257148186134955 0.21092533943344996 0.020236176266007 0.052543744668999894
23 0.7694648186134956 0.2114344167727224 0.01715667889684287 0.05328863200190899
23 0.6163853212443315 0.20887139608526878 0.01899219468185844 0.05799431333545444
23 0.8999790712443314 0.21217130812376706 0.02055469468185862 0.058012494668999895
6 0.8554478212443314 0.21165314011772188 0.017300892065139805 0.04236022266868176
23 0.7024138265060034 0.20830886943026825 0.023088160480991427 0.0478926073360908
6 0.8765870738751674 0.21111733812058536 0.020418186789350656 0.05566874466899989
23 0.45232282124433143 0.2069623560629971 0.01784692363517095 0.05173522266868176
6 0.38830582387516743 0.20543567138763388 0.019727942051022483 0.05722215400222712
23 0.5485530791368392 0.20573675807604194 0.023914913111827474 0.04868294800286348
23 0.8352263265060034 0.20985428278163107 0.018028934158514788 0.054860222668681756
23 0.6376610817676752 0.20599184408813231 0.017065673635170954 0.05172613200190899
6 0.7907860817676752 0.2077736147755859 0.021525660480991426 0.047874426002545344
23 0.8103628343985111 0.20721963144490396 0.015184655219319509 0.04623920066836353
6 0.7478628343985111 0.20649237810308615 0.021381447312694313 0.058802835335772664
23 0.4353628343985111 0.2028561113939972 0.022943947312694314 0.05882101666931803
23 0.679939587029347 0.2049202400938593 0.024051421004335084 0.05102669800286348
23 0.6572833370293469 0.20465661075745034 0.02230691048099125 0.047883516669318026
6 0.411189587029347 0.2017930507240428 0.018628173635170952 0.05174431333545444
23 0.3124258633377063 0.19282603604390708 0.02579593152767874 0.05416987933640893