9 0.4375 0.17421875 0.875 0.0921875
1 0.99453125 0.20859375 0.0109375 0.1109375
6 0.9671875 0.2296875 0.03515625 0.1
9 0.44140625 0.28203125 0.8828125 0.09140625
1 0.99921875 0.3546875 0.0015625 0.12890625
6 0.97109375 0.359375 0.0375 0.1265625
9 0.43828125 0.3921875 0.8765625 0.0875
9 0.4421875 0.4921875 0.884375 0.10234375
6 0.96484375 0.5 0.0375 0.0609375
1 0.99453125 0.5 0.0109375 0.13125
9 0.43515625 0.6 0.8703125 0.09140625
6 0.97265625 0.634375 0.0546875 0.10078125
9 0.434375 0.06796875 0.86875 0.08828125
9 0.44375 0.70703125 0.8875 0.09140625
1 0.99609375 0.07109375 0.00703125 0.12890625
6 0.965625 0.77890625 0.05234375 0.08359375
9 0.4359375 0.81328125 0.87109375 0.09609375
6 0.059375 0.890625 0.11875 0.0453125
6 0.76328125 0.94765625 0.09609375 0.05546875
1 0.50546875 0.99140625 0.33828125 0.0171875
1 0.84765625 0.99453125 0.3046875 0.0109375
1 0.13203125 0.959375 0.2640625 0.08125