9 0.92734375 0.234375 0.06640625 0.46875
23 0.68984375 0.31484375 0.0296875 0.059375
23 0.7640625 0.315625 0.03203125 0.06171875
23 0.61796875 0.3171875 0.03125 0.0640625
6 0.496875 0.33203125 0.06328125 0.209375
6 0.54375 0.3421875 0.01171875 0.0875
23 0.29375 0.3609375 0.065625 0.09140625
6 0.8109375 0.37265625 0.0140625 0.07734375
6 0.00390625 0.45625 0.0078125 0.3203125
6 0.11015625 0.459375 0.0234375 0.3265625
23 0.29375 0.46796875 0.06484375 0.08671875
23 0.328125 0.5703125 0.0640625 0.09375
9 0.68984375 0.59453125 0.309375 0.27421875
6 0.48515625 0.665625 0.028125 0.09921875
9 0.93203125 0.66796875 0.06640625 0.284375
23 0.32890625 0.67421875 0.0640625 0.08828125