9 0.8125 0.1859375 0.121875 0.371875
9 0.03203125 0.19296875 0.0640625 0.3859375
9 0.209375 0.19453125 0.121875 0.3890625
9 0.6125 0.19765625 0.13046875 0.3953125
9 0.40859375 0.19609375 0.12578125 0.3921875
23 0.5234375 0.0390625 0.0328125 0.02109375
23 0.47421875 0.046875 0.025 0.01796875
23 0.72265625 0.04921875 0.03046875 0.0203125
23 0.95390625 0.05078125 0.03046875 0.0171875
6 0.95390625 0.071875 0.03203125 0.01328125
23 0.9171875 0.07265625 0.0328125 0.01640625
6 0.95390625 0.090625 0.03359375 0.01875
23 0.9171875 0.09375 0.0328125 0.01875
6 0.95390625 0.1140625 0.03125 0.02265625
6 0.31875 0.115625 0.0203125 0.05
23 0.91796875 0.11640625 0.03125 0.021875
23 0.953125 0.13359375 0.0328125 0.0203125
23 0.9515625 0.1546875 0.03203125 0.0171875
23 0.91796875 0.16015625 0.03203125 0.01875
6 0.953125 0.1765625 0.03046875 0.021875
6 0.95234375 0.19609375 0.02890625 0.02109375
23 0.91796875 0.20234375 0.03203125 0.02109375
6 0.9515625 0.215625 0.03125 0.01796875
6 0.95234375 0.2359375 0.028125 0.01640625
23 0.9171875 0.2609375 0.03046875 0.01484375
23 0.91640625 0.28125 0.0296875 0.0171875
6 0.95234375 0.28359375 0.03125 0.01796875
23 0.91640625 0.321875 0.03046875 0.01953125
6 0.09375 0.33359375 0.05546875 0.07578125
23 0.4765625 0.3875 0.0109375 0.03984375
6 0.53203125 0.3890625 0.0125 0.0359375
23 0.51953125 0.3890625 0.009375 0.0359375
23 0.4875 0.390625 0.0109375 0.0359375
6 0.50625 0.38984375 0.01015625 0.03203125
23 0.44921875 0.440625 0.01171875 0.03359375
23 0.49296875 0.4421875 0.0109375 0.0421875
23 0.43671875 0.44296875 0.0109375 0.040625
23 0.46171875 0.4421875 0.0109375 0.0375
23 0.39453125 0.44375 0.01171875 0.0421875
23 0.42421875 0.44453125 0.0109375 0.03828125
23 0.51015625 0.44375 0.01328125 0.04296875
23 0.4109375 0.44375 0.0109375 0.040625
23 0.37890625 0.4453125 0.0125 0.0375
23 0.47578125 0.44453125 0.01015625 0.0390625
23 0.1390625 0.465625 0.0140625 0.04375
6 0.1515625 0.465625 0.01171875 0.04140625
23 0.16484375 0.465625 0.01171875 0.04140625
23 0.33203125 0.47421875 0.02890625 0.01953125
6 0.5703125 0.49140625 0.0171875 0.04765625
23 0.4796875 0.49140625 0.0109375 0.0328125
23 0.6015625 0.49296875 0.01171875 0.0390625
6 0.46796875 0.49296875 0.01328125 0.0359375
23 0.50703125 0.49375 0.0140625 0.04296875
6 0.3921875 0.49296875 0.01015625 0.03671875
6 0.553125 0.49375 0.01171875 0.03984375
23 0.440625 0.49375 0.0125 0.0375
23 0.5890625 0.49375 0.0109375 0.040625
6 0.40390625 0.49375 0.01328125 0.0375
6 0.4296875 0.49375 0.009375 0.0375
6 0.5203125 0.49453125 0.009375 0.0390625
6 0.41640625 0.49453125 0.0109375 0.03671875
6 0.453125 0.4953125 0.0125 0.034375
6 0.49296875 0.49609375 0.01015625 0.0328125
23 0.8671875 0.49765625 0.0140625 0.0390625
6 0.88203125 0.496875 0.0171875 0.04296875
23 0.2203125 0.51875 0.0328125 0.0203125
23 0.05859375 0.5265625 0.03203125 0.02109375
1 0.75859375 0.54140625 0.196875 0.23203125
23 0.2203125 0.54453125 0.03046875 0.0234375
6 0.86953125 0.5453125 0.0109375 0.03828125
23 0.22109375 0.56875 0.0296875 0.02109375
23 0.059375 0.596875 0.03046875 0.0203125
6 0.021875 0.5984375 0.03046875 0.02109375
23 0.05703125 0.61796875 0.03046875 0.0171875
6 0.021875 0.62265625 0.03046875 0.02109375
23 0.23046875 0.63984375 0.0125 0.0359375
23 0.215625 0.63984375 0.01640625 0.034375
6 0.02109375 0.64375 0.03046875 0.01796875
1 0.49140625 0.659375 0.2484375 0.26015625
23 0.23125 0.68046875 0.0140625 0.03984375
23 0.2140625 0.68125 0.01875 0.04375
6 0.00390625 0.7203125 0.0078125 0.01640625
23 0.71328125 0.75703125 0.0125 0.0390625
23 0.69765625 0.75703125 0.01484375 0.03984375
23 0.76953125 0.75859375 0.0140625 0.0421875
6 0.5640625 0.79609375 0.02734375 0.0140625
6 0.4 0.8 0.0296875 0.021875