6 0.5313414540101814 0.06569936967353843 0.01970506735358999 0.13139873934707685
6 0.4969846353437267 0.0680642033619692 0.020531770687453488 0.1361284067239384
6 0.4641448633434086 0.06627291084806912 0.018133476686817217 0.13254582169613824
28 0.6023544826941352 0.18139128830495138 0.05141014803468025 0.25716022477225653
28 0.3680249360279987 0.19348209365457975 0.049847648034680246 0.25710566106992566
6 0.4268646813733163 0.27974448666833807 0.022194268021953435 0.16242807813030113
6 0.6473862667090889 0.2900197546396874 0.019859608688726205 0.1631274825768049
6 0.10517258939367904 0.4410391730508252 0.19807661004136173 0.3114806809401916
6 0.45993281472786085 0.43490321262172094 0.011892020011135785 0.08241319591631609
6 0.444335086728179 0.4377925996450295 0.010302248010817649 0.08001488221398514
6 0.4123129273949518 0.4396924055428121 0.011038044676953972 0.0761359140651507
6 0.4279651993952699 0.44149051851950355 0.01186474801081765 0.08006944591631608
9 0.5270406880967228 0.6943848508261559 0.24906694537713428 0.33122275126594436