6 0.87109375 0.29609375 0.0859375 0.11484375
23 0.19609375 0.44921875 0.03203125 0.01953125
6 0.86796875 0.45234375 0.0796875 0.121875
23 0.1953125 0.484375 0.025 0.01640625
23 0.19375 0.51875 0.02734375 0.02109375
1 0.31328125 0.55234375 0.07421875 0.11875
23 0.19609375 0.55234375 0.0296875 0.01640625
6 0.94453125 0.5578125 0.02578125 0.0515625
23 0.19609375 0.58515625 0.02734375 0.0171875
6 0.3625 0.58671875 0.01875 0.04296875
23 0.19296875 0.61953125 0.02890625 0.01796875
23 0.19609375 0.65390625 0.02890625 0.0203125
23 0.19140625 0.68671875 0.0234375 0.0171875
23 0.19375 0.7203125 0.02890625 0.0203125
23 0.19375 0.75546875 0.02421875 0.01953125
1 0.3109375 0.7625 0.07421875 0.0984375
6 0.365625 0.78984375 0.0125 0.04921875
23 0.19609375 0.79296875 0.02265625 0.02109375
1 0.72578125 0.81171875 0.22578125 0.3328125
23 0.19453125 0.828125 0.0234375 0.0171875
23 0.19375 0.86015625 0.02734375 0.0203125
23 0.19453125 0.89296875 0.02890625 0.01953125
23 0.19296875 0.928125 0.0234375 0.0171875
1 0.3171875 0.9546875 0.06953125 0.090625
23 0.1921875 0.965625 0.0296875 0.02109375
23 0.19375 0.99296875 0.02265625 0.0140625
6 0.3609375 0.990625 0.01328125 0.01875