9 0.17745426944934864 0.8239137020899857 0.3549085388986973 0.09357430064048877
9 0.1757701719472827 0.716900632808145 0.3515403438945654 0.09354248438371009
9 0.6645774190748606 0.6116752389799062 0.1457249545002437 0.6562277949831481
9 0.18484644574080705 0.6059176810127468 0.3696928914816141 0.08894588797450638
9 0.8813109773954857 0.5963537242473791 0.2155581437110765 0.300432312937129
23 0.7559297708984717 0.5798979981532882 0.05652471656499998 0.11281361738824672
1 0.47865875608083286 0.5783865368899204 0.2253046581474658 0.719182312937129
9 0.18120922323874114 0.5067262020899858 0.3624184464774823 0.10451180064048878
9 0.1841535284010068 0.39968586173090603 0.3683070568020136 0.09437827653818794
6 0.7625473660725691 0.3627014077942087 0.038755335106111136 0.08771362343837108
9 0.17871592030913158 0.9317125665513663 0.35743184061826316 0.08969986689726746
9 0.18364585184783844 0.29188245208998564 0.3672917036956769 0.09357430064048877
6 0.7164919432948956 0.26063945892567675 0.07589100598392359 0.03871758723582168
6 0.4627506538759721 0.1879069826351943 0.09364220364722228 0.06303633118569744
6 0.5744875876715623 0.18647577196100165 0.07258482123840296 0.06447611133812262
9 0.1849096256413628 0.18563245208998566 0.3698192512827256 0.09826180064048881
6 0.002701736844739547 0.10935227410230094 0.005403473689479094 0.045353406615858294
23 0.7446208625571874 0.058940603539482536 0.10761378466927099 0.05921189441741399
6 0.7928960148176388 0.0008774087175645176 0.0407704703647223 0.0017548174351290351
1 0.5606647430661458 0.010734718629631382 0.44585801386770835 0.021469437259262765
1 0.090625 0.040620454820460186 0.18125 0.08124090964092037