23 0.31558714304478386 0.773934749960229 0.0325540872261608 0.01834146733768165
28 0.41453780542291163 0.602413191279457 0.09388169530200426 0.16666133601209038
28 0.3074610913162889 0.60209611262732 0.09847826708875881 0.1635908800127268
28 0.9466456117702601 0.5719946065404603 0.09450382092882492 0.16120167667886315
6 0.4055372269722394 0.5079546666136388 0.035747283386094966 0.020721580004772377
6 0.442233244918928 0.5067461552753209 0.03177283722616089 0.018332376670908878
6 0.43986676286561666 0.5059921772756389 0.03094612311953817 0.016760786004136108
23 0.3664065308123054 0.506065449952275 0.03570181927947225 0.01915908000477238
6 0.28037810259906004 0.5039404232972744 0.03175010517284953 0.017551126670908877
6 0.3162928705457487 0.5027410026257291 0.03395746285298138 0.012890898671227191
6 0.728596642253361 0.464338289902959 0.031841033386094966 0.02067612667090888
6 0.3668551602000497 0.46776601861872946 0.035770015439406146 0.021502830004772377
6 0.7302811627073321 0.4416547679026408 0.03246315901291545 0.01521646733768165
6 0.6794855408414352 0.4148928205760951 0.01836956677218975 0.040824994668999894
6 0.6943065587881239 0.41393884790741337 0.016761602665567032 0.03924431333545435
6 0.6122525767348126 0.41411211791854924 0.015244566772189572 0.040788632001908985
6 0.5989485946815012 0.41348540925368554 0.017520120612255673 0.038472154002227296
6 0.46609063057487854 0.4134683226050483 0.015934888558944316 0.037672722668681755
6 0.9317610946815013 0.40961278520850575 0.016738870612255853 0.03846306333545435
6 0.5661133626281899 0.4130859672581398 0.013568406505632957 0.03686420066836362
6 0.34111336262818986 0.4157040792886839 0.013545674452321688 0.036082950668363624
6 0.5801758626281899 0.4129223352562308 0.016693406505632957 0.03690056333545435
6 0.11064461262818988 0.41838582598663693 0.01933267319868044 0.047084085335772484
6 0.3582781305748785 0.41472283461968396 0.016048548825501108 0.041578972668681755
6 0.4816701664682558 0.41172400926959385 0.016716138558944493 0.03768181333545435
6 0.45278664852156714 0.4128416139401846 0.017542852665567033 0.0392534040022273
6 0.8902639164682558 0.40696959054746007 0.019150816772189928 0.040834085335772666
6 0.4980764164682558 0.41153310526736664 0.017429192399010418 0.03534715400222712
6 0.3871616485215672 0.41360522994909327 0.01600308471887839 0.04001647266868176
6 0.2746161844149445 0.4133517859643653 0.018324102665567034 0.03926249466899989
6 0.3722724344149445 0.41221545261777504 0.01444058471887839 0.039998291335136216
6 0.2589684523616332 0.4127523492998197 0.016738870612255673 0.03846306333545453
6 0.12007578543115889 0.3127716253182734 0.014326924452321688 0.036092041335136306
6 0.13641383927122488 0.3102369713160463 0.012005906505633001 0.036846019334818084
6 0.17150189311129088 0.3074841413112738 0.019841138558944316 0.037718176002545345
6 0.1543371251646022 0.3084653859802736 0.01593488855894436 0.037672722668681755
6 0.0900473046314888 0.3013983206556369 0.03328987311953813 0.01678805800445442
6 0.9339444056477031 0.1892002878740058 0.015267298825501286 0.04156988200190903