23 0.9533048664062882 0.6802504383578117 0.011414743851679888 0.08228582313826394
23 0.6908639537403056 0.6965164436761453 0.013054511903856536 0.09560344072944442
6 0.9377344085607658 0.6899891142696173 0.013867578160635219 0.10109037452503475
23 0.9744622489198456 0.6906969758768742 0.01140565349260001 0.08072332313826394
23 0.48698497481754455 0.7059499143252079 0.01066531010845857 0.08773638934267361
23 0.9966957615356222 0.6932582782135756 0.006608476928755635 0.0791426393426736
6 0.6744758844584648 0.700023303383541 0.01313177995603354 0.1088846907294446
23 0.18307417963800474 0.7122421608098263 0.011437469749378959 0.08619207313826394
23 0.8971366796380046 0.6956221716403117 0.009829517953981081 0.07834320554708327
6 0.5010429296380048 0.704841356004583 0.013145415494652823 0.11122844072944442
23 0.9869849748175445 0.6943122851474297 0.011401108313060604 0.07994207313826393
23 0.9104406555357037 0.699219297115277 0.009788611338122522 0.07131195554708328
23 0.22998099589478338 0.7166198830744095 0.009852243851679886 0.08224945554708327
23 0.885463381433403 0.7037074285741659 0.010615313133520488 0.0791426393426736
23 0.5542224717924824 0.712979857904444 0.012972698672140126 0.08154094072944443
23 0.5409412217924825 0.7132889824294788 0.011410198672140126 0.08150457313826394
6 0.2456332669720222 0.7209437071626039 0.013944846212812046 0.11437162452503476
23 0.6323656525106417 0.7142864783454161 0.01222781010845857 0.08777275693385427
6 0.16830769769018147 0.7258689029260414 0.014717005853732479 0.1128273083206249
23 0.6448747428697214 0.7155580376159717 0.013763039031219648 0.08312162452503458
23 0.6198656525106416 0.7145774190748606 0.01300906010845857 0.0877909407294446
23 0.5292542880492611 0.7190304893633328 0.010597132415361444 0.07601763934267361
23 0.28551337840834073 0.7262663335874998 0.010615313133520664 0.0791426393426736
23 0.29723212840834073 0.7259935766536456 0.00979315651766246 0.07209320554708327
23 0.12927701394696015 0.7322468427055554 0.010647129390299348 0.0846113893426736
23 0.27069689948557957 0.7312993257037151 0.009847698672140127 0.08146820554708327
23 0.14099576394696015 0.7319740857717013 0.009815882415361443 0.07599945554708327
23 0.11525542056281841 0.7396054010261806 0.010638039031219737 0.0830488893426736
23 0.9240037066671718 0.7473476725902423 0.009107355287998331 0.08848127175149294
23 0.6607451825648709 0.7573818617041661 0.013059057083396474 0.09638469072944442
23 0.51779915846257 0.7646157462971871 0.009057358313060603 0.07988752175149294
23 0.1545769957965875 0.7832274612466665 0.011432924569839154 0.08541082313826394
23 0.2584787006170477 0.7800277664331595 0.011382927594901204 0.07681707313826394