23 0.5637843065722771 0.7286204257718968 0.043141472668681756 0.017346394695975854
6 0.052420639918867376 0.6011144499435302 0.08369429467695408 0.08060452886860806
23 0.7683456319223672 0.6170136097892371 0.016751695337363516 0.03064305524755433
23 0.8160109725891399 0.6190080202702285 0.011237492003499838 0.026418286831702886
23 0.7488507445894581 0.612751044018339 0.015180104670590744 0.02977079998588259
1 0.64423596992364 0.6004036914863251 0.07013123400699968 0.05561223414439738
6 0.44892346992363985 0.589028033777344 0.08863633334659013 0.10275254465362363
6 0.5568723299252307 0.5835886468327016 0.09078917934436319 0.08648280254613142
23 0.7064001625955033 0.5657171493223632 0.037718176002545435 0.02093412628012441
6 0.21897288792968506 0.5310735076807462 0.09867440467854491 0.09318782885449046
23 0.6568910586012302 0.5206174809488641 0.0439409040022273 0.018954397326811902
23 0.6147490119350939 0.514254088883724 0.03762726933481808 0.01312162628012441
6 0.3994603666056846 0.47278911277300895 0.06555282200827231 0.0647142183593818
6 0.2730711366168205 0.38334093394675317 0.012036923337045202 0.028026289462538934
1 0.45905408995068414 0.3902643100857032 0.06459884933959045 0.04982496572854576
1 0.05155976328772936 0.3391681867893507 0.09163515869668044 0.22628104991529535
23 0.27279896395609293 0.3395454313159173 0.04012556066995447 0.026539384172632196
6 0.9743796452896383 0.3788442938065775 0.044059630012726815 0.09625264469597586
1 0.3442296159691378 0.24754691809115048 0.07897952267663584 0.07798776308359248
23 0.6309847286362287 0.2611213836079348 0.05180794800286357 0.024096923635170953
6 0.43202960797263756 0.22686196274477405 0.09330565201304494 0.1014630604386391
23 0.632929036640683 0.22839988886960666 0.06119203866963616 0.0254242052052021
23 0.6325477759786828 0.1939793862387707 0.05571419800286357 0.02432443678935061
6 0.4003443506524552 0.12807585224966522 0.09102553668045399 0.10679530254613132
6 0.27693412265277334 0.11854268657758912 0.11827838001272664 0.10057539462538867
6 0.1621085539863188 0.11029129984470823 0.09424144334818112 0.11478981306947503
6 0.04739503016589776 0.0707444104809914 0.09479006033179552 0.11878706833114687
6 0.495539219326864 0.07655042058081209 0.019259077339272325 0.044842063140062186