1 0.13199170860084689 0.44892689647650313 0.2564246927725343 0.509549810899695
1 0.549251346588138 0.4204635449980703 0.3309355434211575 0.6179138918576494
6 0.8808871302733582 0.4074684176553901 0.03648297077900651 0.0322956744523216
6 0.2772791148520826 0.2727772366056579 0.013813084009531629 0.030855194906292738
6 0.7366580689919979 0.2416351660060374 0.017882975243233547 0.04034385517284953
1 0.988076153510326 0.23888956538553446 0.02384769297934817 0.28900867570596295
6 0.007301805599317326 0.1946449102665567 0.008057961850553057 0.014289820533113406
6 0.9679392966708636 0.20541783583950562 0.011728432629559648 0.04563074874635875
6 0.49178412540538946 0.08068197947952187 0.02839773538950343 0.01644335391920826
23 0.37588639001588603 0.06169263558944347 0.02845228246740401 0.019568353919208258
23 0.05864434293798537 0.0493384219450392 0.0333579707790068 0.0322047462390763
23 0.3769988766232054 0.03595684969606615 0.02384660308425506 0.024119461599340218
23 0.0597841030842551 0.025165136051661884 0.03161819277582958 0.022003032132453627
1 0.316184107548482 0.041214999537781585 0.08549321509696392 0.06651756175762479
1 0.11852785754848197 0.03546379005001243 0.10580571509696393 0.06710859514371964
6 0.8894277021047298 0.8520223997087015 0.026244900162155815 0.027312657759274116
6 0.234812340092021 0.7923706710871092 0.018732409090609536 0.04427283722616089
6 0.504156629459284 0.7447672115328332 0.02631308400953163 0.031218907759274116
6 0.21220490868027714 0.7050381556477031 0.026067622158978575 0.017156407759274118
1 0.9923035520476287 0.7185770653855345 0.015392895904742687 0.27963367570596276
6 0.9770253392812421 0.681221817892817 0.023310814934808022 0.03815922954602904
1 0.8735906477232286 0.6157439189090314 0.08628414772652385 0.11183006175762475
6 0.37963609618110095 0.5896585112162641 0.014621607548481918 0.0324404269596041
6 0.8243213047852432 0.5666782816037281 0.016347748782184014 0.04186089106622681
6 0.7344269618472578 0.5164305775262353 0.01718354586008477 0.04500862311953817