23 0.24293290944452864 0.1379933844101307 0.029873852361132158 0.03324092292769345
6 0.26558915944452866 0.13891655585494936 0.039385207747326414 0.05706042490485981
6 0.19220165641946654 0.14451795703381295 0.027602825233769133 0.04564542243340184
23 0.20710449375348405 0.1552790434976597 0.022838057181592396 0.03217317144481866
23 0.21731983108750158 0.16584912897292323 0.022824421642972936 0.02982942144481866
23 0.22909766842151907 0.17648288144438115 0.0181414668225127 0.030419670456235524
23 0.2416567557555366 0.1871484674139363 0.02364203307929138 0.036111254942915894
6 0.3572817557555366 0.19185982513232128 0.04571247579950324 0.07059634288963731
23 0.25184027683277543 0.19224980288919982 0.02832498789975162 0.035521005931499074
1 0.18390334308955414 0.19494903855474383 0.04482214149054777 0.05181450939154018
6 0.3831584545258726 0.20931658056952873 0.04960054508134393 0.06763051038012335
6 0.20667776775758914 0.2161847099995625 0.041002249901804164 0.06649909190105419
23 0.13093287919390764 0.2193468606841345 0.024496005951928357 0.04864308844101304
23 0.14271980688700475 0.23154311315559245 0.02364657825883123 0.03689250494291585
6 0.1592351411959602 0.25096161661563354 0.03782725292686626 0.05777800790866543
6 0.6326817315550398 0.27181521646253415 0.033057939695149585 0.04352450692008221
6 0.336606162273199 0.26287532068369696 0.04728861133812261 0.0730037598858317
23 0.6444595688890573 0.2824489689339921 0.03145907825883114 0.03721083992388783
23 0.6562328610435351 0.29230147140545004 0.0322539637974506 0.03958642342198502
6 0.36251467730031367 0.28580082612090446 0.041029520979043 0.07118659190105418
1 0.1937737676593933 0.2804872905319102 0.04649372579950319 0.0706281763877346
23 0.6672203580184729 0.30134089037881073 0.02519089754067192 0.03383117193911023
6 0.38602490017295066 0.2992558310638203 0.0433323643631847 0.06425084239534576
23 0.6790072857115701 0.3135371428502687 0.03457953307929138 0.03655692391627667
23 0.6931152375069681 0.32192264581601826 0.024396012002052457 0.03145558844101313
6 0.6329908037637468 0.3249402164625342 0.02519998789975162 0.03539367193911023
6 0.4111248941228264 0.3174620030029306 0.05192156918364486 0.06381976087441492
23 0.7033351200205255 0.33327398129128183 0.024382376463433175 0.029111838441013126
6 0.13067887002052544 0.3099400271860373 0.03154089149054777 0.05127333992388783
6 0.3142953459182245 0.3213271492388783 0.03938066256778665 0.056279174904859806
6 0.6424339814568439 0.33704096843970055 0.02754373789975162 0.03548917243340188
23 0.7158896621750032 0.3431583172608369 0.028315897540672097 0.03395850593149898
23 0.14325159289316242 0.3229493631555924 0.03301703307929138 0.03649325692008221
6 0.6573186380727022 0.3446770549035472 0.02910623789975162 0.035552839429596264
6 0.7300112495090207 0.3538875702265864 0.02753919272021186 0.034707922433401886
6 0.15815443022717993 0.33371044961943913 0.02521362343837099 0.03773742193911023
6 0.6683061350476401 0.35371647387690797 0.020494307181592397 0.03207767095052709
23 0.1691237464839586 0.3396248685927999 0.029878397540671963 0.03402217292769345
23 0.7410032916634984 0.36370823919994716 0.022824421642972936 0.02982942144481875
6 0.6808652223816576 0.3643820598464631 0.024436918617910842 0.03848683844101304
23 0.7527674934588965 0.37199824167140505 0.025931240924813713 0.026831755437207505
23 0.1801248789975159 0.3510080375661606 0.03301703307929138 0.0364932569200823
6 0.3598260145361353 0.3606734921285156 0.043296002926866174 0.05800084239534575
6 0.19500953561337417 0.35864412403000734 0.022097713797450604 0.039172587946721474
23 0.766889080792914 0.38272749463715466 0.030632376463433177 0.02936650642579064
23 0.43488510187015283 0.37388575794584644 0.02912441861791084 0.03867783942959626
6 0.2052339633064713 0.37077670950527086 0.022043171642972936 0.029797587946721472
23 0.5239930536655508 0.38532727672892675 0.024409647540672097 0.03379933844101313
23 0.7771225988450908 0.3964225801124182 0.028320442720211857 0.034739755931498986
23 0.78807827956325 0.39999324908577893 0.025949421642972936 0.029956755437207504
23 0.5388686199223296 0.3914008631927735 0.02366021379745078 0.03923625494291585
6 0.2966902102814092 0.38309497878264276 0.047938051131468117 0.05037934338392898
23 0.21466805064048883 0.38131496148243726 0.025976692720211768 0.034644255437207415
6 0.7287714572563471 0.40929265323039205 0.025236349336070062 0.04164367193911023
23 0.5475214572563472 0.40190728167184264 0.022088623438370904 0.03761008794672147
23 0.8006555476154267 0.41378383505533406 0.023610216822512697 0.03064250494291585
6 0.8615975927949666 0.4170480979069153 0.022093168617910663 0.03839133794672147
23 0.22644588797450632 0.3919487139538952 0.02676703307929138 0.03623858893530461
6 0.7389640686926656 0.4159564887056556 0.025213623438370903 0.03773742193911023
6 0.41006236387220535 0.40333583600673617 0.02910623789975162 0.035552839429596264
23 0.5608617945903646 0.412604701139495 0.025999418617910663 0.038550505437207505
6 0.8717992945903645 0.42527443338217885 0.025195442720211857 0.034612421939110224
23 0.8116475897699044 0.42360450402869476 0.026721581283893413 0.028426088935304607
23 0.23821918012898405 0.40180121642535316 0.028365894515609825 0.042552255931498986
6 0.5140186108471433 0.41616344125366317 0.029946575233769222 0.04574092292769336
6 0.7507509963857627 0.4281527411771135 0.023678394515609824 0.04236125494291585
23 0.8249788367448424 0.4327394234963471 0.025190897540672098 0.03383117193911041
23 0.5734208819243822 0.42327028710905007 0.02447328005422946 0.04473683844101313
6 0.25545667710392195 0.4110953033834914 0.029160780054229285 0.04492783942959626
6 0.7648498578220811 0.4349757441428631 0.024436918617910842 0.03848683844101295
6 0.3421890626425414 0.4169725716722802 0.04490849990180408 0.06665825939154005
23 0.525010653001621 0.425984110227024 0.02441873789975162 0.03536183844101295
23 0.5851714481811607 0.429216539580508 0.02754373789975162 0.03548917243340188
1 0.42267144818116087 0.42259517197629126 0.04015282220870695 0.054748508402957086
6 0.8351896288993199 0.44252825897161063 0.024373286104353298 0.027549338441012948
6 0.775056104797019 0.44398332961812664 0.02284714754067192 0.033735671444818746
23 0.35553849033563856 0.42923249113993245 0.02677612343837108 0.03780108893530461
23 0.5375742855151783 0.437430946196579 0.021280102361132158 0.032890754448624195
6 0.444614625874258 0.43520525992301273 0.02687611738824671 0.0549885889353046
23 0.5954095114128773 0.44369287505577154 0.02911078307929138 0.03633408942959626
6 0.786043601771957 0.4530227485914873 0.0267852137974506 0.0393635889353046
23 0.4587362132082754 0.4459345128887623 0.03068691861791084 0.03874150642579064
23 0.5485845083878151 0.4503766151699399 0.02285169272021186 0.03451692144481875
6 0.8610981439264347 0.46545376440881814 0.02911532825883114 0.03711533942959626
6 0.7978259842855142 0.46443775106294527 0.029092602361132158 0.03320908942959626
23 0.4697282553627532 0.45575518186212305 0.029174415592848744 0.047271589429596264
23 0.558795300542293 0.4601654506452034 0.025177262002052458 0.0314874219391104
6 0.3814651860809124 0.45528299657714 0.025286346311007967 0.050237421939110405
6 0.811943026439992 0.47438575402869476 0.02830680718159222 0.03239600593149898
6 0.39634529751723085 0.46213783304098666 0.023705665592848747 0.04704875494291585
23 0.5705867734149299 0.4731429531166613 0.029128963797450603 0.039459089429596264
6 0.49638620413308915 0.47324377079742774 0.029923849336070063 0.04183467292769336
6 0.4096719993126289 0.47049150250863897 0.02288350897699054 0.03998567144481875
23 0.5838998396717086 0.4791528725843136 0.020489762002052457 0.03129642095052709
23 0.4230123366466465 0.48118892197629126 0.026044870413308985 0.046363005437207505
23 0.5925572221852659 0.4904405410633828 0.025168171642972935 0.029924921939110227
23 0.6058793788011242 0.4980129605310351 0.0197539637974506 0.03907708745242999
6 0.5199509691602038 0.4960737757403436 0.026067596311007968 0.050269255437207505
23 0.43325494505790285 0.49644650745155483 0.0322448734383709 0.03802392342198502
6 0.6208003968533009 0.5118990469948818 0.035378963797450605 0.039713757414373774
6 0.48025266490547763 0.5194502673373866 0.0275573734383709 0.03783292243340188
1 0.5365481167008758 0.5295547792003846 0.06541189744247618 0.10029843034206713
23 0.5631469781371943 0.5368871181356893 0.02677612343837108 0.03780108893530461
6 0.5069242492144331 0.5392826062726913 0.02363294272021186 0.03454875494291585
23 0.5780316347530524 0.5445232045995361 0.02363294272021186 0.03454875494291585
6 0.5898049269075303 0.554375707070994 0.0259721475406721 0.03386300543720751
23 0.6015691287029282 0.562665709542452 0.026013054156530303 0.040894255437207504
6 0.6141418515755653 0.5756750455120071 0.025245439695149585 0.04320617193911023
23 0.5485441226528041 0.5776885316718425 0.023605671642972937 0.02986125494291585
6 0.6251611648072818 0.5901832144853678 0.024436918617910842 0.038486838441013124
23 0.5626657099868216 0.5884177846375922 0.025213623438370903 0.03773742193911023
23 0.6392509358845206 0.5954437174511173 0.0189636234383709 0.03748275395433272
6 0.5752066166026799 0.5959583706071473 0.02442328307929138 0.036143088441013126
23 0.5862032039366974 0.606560289580508 0.02209771379745078 0.039172587946721474
6 0.6487077491162372 0.6098882194282836 0.028347713797450602 0.039427255931499164
6 0.5979719509116352 0.6156315420519659 0.02364203307929138 0.03611125494291585
6 0.611307743066113 0.6255477115196182 0.022915325233769223 0.045454421444818746
23 0.6254475111182898 0.6394019644853678 0.025972147540671918 0.03386300543720751
1 0.6676486466569092 0.6434647233826164 0.07557269262201594 0.10149351581733086
23 0.6981310321955286 0.6470499798084071 0.0307005541565303 0.04108525642579064
6 0.6388060291704665 0.6532243839530201 0.03614203307929138 0.03662059091247087
23 0.711475914709086 0.6585286492760594 0.02836134933607006 0.04177100593149916
23 0.6827242008134394 0.683913309846463 0.023605671642972937 0.02986125494291585
23 0.6960736285065365 0.6961732293141154 0.022801695745273954 0.02592317144481875