23 0.6585240885307883 0.9809195742735943 0.03533055524755433 0.017006267856907443
23 0.6203870516990853 0.9706366392084025 0.03660462891096028 0.038881267856907445
6 0.5060060332832338 0.9671588575517773 0.040366665742663344 0.04987331493480838
23 0.6536252149520869 0.869954800734644 0.041329926266007 0.05301195170428343
6 0.5520326228728296 0.8443565572274657 0.07444553413027996 0.08558867248328994
23 0.4979520676252752 0.8288776075517774 0.041329926266006824 0.05301195170428343
23 0.6524274650226741 0.7956815036567433 0.034806910480991424 0.04821535754848192
23 0.6471491598457069 0.7050565036567432 0.03493571309770989 0.06382672077900686
23 0.6088679098457069 0.7057247053610266 0.03976742626600682 0.05298467816533296
1 0.2813729704255203 0.6551339646932222 0.27717829408892614 0.6853955779204517
23 0.4846120915145599 0.6132662443212524 0.040685184158514784 0.0553420649348082
6 0.5896713178370366 0.6043940304421044 0.06548005780780315 0.0924562812495882
6 0.05559244944942008 0.5785244204546952 0.020986605162849826 0.1057278486200282
23 0.07641318366440453 0.5734687276788657 0.02470313936371684 0.11593864569792878
23 0.48148011526267054 0.5460651075517772 0.041648444681858444 0.05848070170428343
6 0.6393836205243424 0.544872980117793 0.04300508930724707 0.17557274431795716
23 0.5215590836926394 0.5359809955390684 0.03599768415851479 0.055260244317957154
23 0.061904091655734336 0.47205623214309256 0.04220218152767878 0.05458808847375849
23 0.5205433442865702 0.46483269846116776 0.04059417889684287 0.0537795649348082
1 0.846875 0.49394527435302454 0.30625 0.9878905487060491
23 0.05840038908136815 0.41189998214309254 0.04220218152767878 0.05458808847375849
28 0.49161835260260106 0.027177890829136415 0.27381620257436623 0.05435578165827283