6 0.28704010029129856 0.8640872595338289 0.02167642319868044 0.04758432813030104
9 0.12211979394395014 0.8456522619808995 0.11337114436493208 0.3020932680561675
6 0.2869551837565357 0.8133605732361596 0.020022994985435093 0.04440476442797028
6 0.25079637490190476 0.7685763520921002 0.03697481426490725 0.06372768330244441
6 0.2910864057807172 0.7250247595338288 0.03493494114536908 0.04726686960011328
6 0.9151473460681565 0.49406981526197535 0.14369147868809903 0.19076638765628076
6 0.6786739516367174 0.33296865727209257 0.20880801332783516 0.20240578130301126
6 0.9074043568887091 0.2773733885829531 0.1728250492212126 0.19958831614940156
9 0.4834022187254762 0.17745281117044212 0.4835686694377568 0.09649312031790358
6 0.2837128603204284 0.9516145413849942 0.023329851411925784 0.050763891832631816
6 0.24748585530586348 0.9091740702409348 0.02732702962517113 0.054025301088459085