6 0.7069543469918799 0.7481175904551748 0.043455719561190875 0.07486720318850323
23 0.29959404017474656 0.573783817276569 0.026667640015886108 0.05213238805964089
1 0.5041315357105196 0.5759172845985665 0.04052163433384308 0.08564092887824373
1 0.7200780896882792 0.516205849161602 0.061175053570722504 0.10623671189493056
6 0.531537741068251 0.4914946969684669 0.02000458279171564 0.07285764586155707
6 0.499506491068251 0.489816010288307 0.034752875405389363 0.06816682383528967
6 0.35844906858496084 0.41295585990419414 0.039826159090609534 0.04579717887824373
6 0.7074769038123085 0.4203201390756937 0.03756422970746058 0.050361848145549185
23 0.6171013198027768 0.38514287765573296 0.1442096960222404 0.07858642469437224
23 0.2840979050301245 0.3567634136130958 0.018705135551659247 0.043129202283992106
23 0.19395414610167072 0.3348674021931351 0.01744264448011288 0.06023481512886235
6 0.10397402840691901 0.3223463907731744 0.019568206168510204 0.04785764586155707
6 0.4560995900953163 0.32831194425493343 0.05331768912238157 0.14797383254171698
23 0.28342970332584116 0.3184821636130958 0.018486947240056395 0.03062920228399211
23 0.10622627516050813 0.2725101650834339 0.022007413554836396 0.05344922659425162
6 0.2739359265404799 0.26646928425988226 0.044881851866439074 0.06713659034363299
23 0.2822608952908918 0.20680435719066068 0.014853432629559826 0.04604948439616781
6 0.7796034995929629 0.2149166660994867 0.018909687093786688 0.054847952283992106
23 0.8225040657455871 0.21326231286555486 0.0508727532464107 0.05262038896415202
6 0.9896834165985524 0.21737768204200317 0.020633166802895175 0.05579297659425162
23 0.22631485835926085 0.1765536131835545 0.022938668019063257 0.0620839201718165
23 0.1184478112813602 0.16777839947960166 0.014167640015886019 0.05147729081860293
6 0.288000606330666 0.08846379296630946 0.06844208279171564 0.07539614767057934