9 0.916997283386095 0.010216110801093393 0.13240933471887856 0.020432221602186787
23 0.4246733910662268 0.01087902935093733 0.03372178213245362 0.02175805870187466
23 0.07515076418576497 0.031262984636310734 0.018270278371529926 0.06252596927262147
6 0.31327288981258555 0.023039552906979045 0.05464804757185977 0.04607910581395809
6 0.23452576418576498 0.02659429511850675 0.0459179052519918 0.048692726348645875
23 0.4218953835443795 0.07148530176802048 0.03749163981258548 0.02741713839274309
23 0.27041545157021035 0.10471864190812478 0.021000473277822708 0.07778016109416667
6 0.3235404515702104 0.10348214380798584 0.07009119114536908 0.0476939240119445
1 0.13778480799670106 0.11405988715847211 0.0815946439692207 0.14789394576343756
23 0.2432535579967011 0.11160507475378452 0.018034597651002036 0.08317617591180557
23 0.21209448620994645 0.11545742657739566 0.02502038354437941 0.08177733007211807
23 0.06223087852981448 0.1236362153307291 0.028897889812585564 0.027217116641249994
23 0.014551896476503151 0.12396417686173611 0.022807014185764963 0.032540396276527786
23 0.42295542986259793 0.13478473556361076 0.03089229882550093 0.04209723423243057
23 0.007526658154985648 0.17807044861322915 0.0047246039192082616 0.028215918977951393
23 0.0678193004748537 0.1813577963527777 0.02952001543940619 0.021766550436840327
23 0.06268317108710939 0.21978451671749993 0.03771896034569899 0.03522963839274311
23 0.012083777513600104 0.22721646343086804 0.011619461599340217 0.023692073138263936
6 0.5355129173261857 0.2416140041809718 0.018080061757624756 0.08473867591180557
23 0.010436360978837239 0.27807044861322916 0.004951924452321665 0.03602841897795139
23 0.06925743151195066 0.28451916394395826 0.04401442445232166 0.03693760875746532
6 0.2392804264973857 0.32434146409645814 0.049687762932123736 0.044096145326597294
23 0.1917378367639424 0.3293569256274651 0.017557224531463956 0.06676992591180557
6 0.1410475149771878 0.3336638723408332 0.018011865597690767 0.08239492591180557
6 0.1661611752437445 0.3369882408819443 0.01720788354437941 0.08159549211621524
6 0.11535719319043314 0.3373889375953124 0.021750631037096957 0.10356141109416672
23 0.3645053985215672 0.4097678581887845 0.03360812186589692 0.028107469414791808
23 0.15310489726792595 0.42563316679374985 0.028875157759274205 0.026435866641250173
23 0.07414482297388887 0.4524879139439582 0.028139371865896923 0.02798018284565984
23 0.022582322973888867 0.45368804445291666 0.019014424452321665 0.03635572729857639
23 0.1504489102000497 0.46869283577170123 0.02177571159934022 0.02392846248093754
1 0.2607642845732291 0.471597670593472 0.08809469655564542 0.15663316612815983
23 0.3680228551063425 0.4769189905976038 0.030437657759274296 0.026472234232430482
23 0.15303435259906 0.5038127181805206 0.03859113855894432 0.03837282218833345
23 0.027844135985154877 0.5270528092705555 0.02568196159934022 0.024019381458888843
23 0.37133572321131575 0.5370388730064233 0.03303146034569906 0.035120535619201476
23 0.15288123990436314 0.5522865857717013 0.03818196159934022 0.024310322188333445
23 0.36867973614343946 0.5800985419843747 0.03240933471887839 0.04057110182361114
9 0.9323148135391588 0.5080124156563881 0.1353703729216825 0.9430259142282986
6 0.1986771247023838 0.6215807932186458 0.03854567445232169 0.036810322188333446
1 0.6391262799543755 0.6590177500969092 0.04030806591425993 0.20470633700597213
23 0.02707256083318795 0.7154795296352777 0.012650764185764963 0.03230400693385427
23 0.028709268671604476 0.7717295296352777 0.012423443652651555 0.024491506933854268
23 0.08209033293651172 0.8330293991263193 0.021934835972519596 0.02939721248093754
23 0.030641493203068425 0.8381357796352777 0.012537103919208259 0.028397756933853914
23 0.15883468936300243 0.8374973871584721 0.031446228292387655 0.03430291802802081
6 0.6621331856020788 0.8586177065939232 0.05014240399835046 0.059721145326597024
23 0.08361338050837154 0.8853731491263194 0.021934835972519596 0.02939721248093754
23 0.15475259461499422 0.8852809237276041 0.03843201418576499 0.03290407218833309
23 0.035744181841155055 0.9060317944529167 0.019241744985435072 0.04416822729857657
23 0.09005960880075918 0.9188396125571874 0.02650867570596289 0.025600065254479176
6 0.635250088346788 0.9288217570307633 0.05602869114536908 0.04736661569131968
6 0.6954518024534108 0.928984104770312 0.05690086935861451 0.05050979948690966
23 0.036835320400099396 0.9435317944529167 0.018900764185764963 0.03244947729857657
23 0.15450019351963756 0.957210475114375 0.03765076418576498 0.03288588839274311
23 0.0862275666391757 0.9752168991263194 0.030111048825501065 0.0420790504368405