6 0.20243602687890822 0.5931356702122224 0.040044957195929064 0.02200293977951393
6 0.8703662355225795 0.574344183033091 0.01784462551672874 0.048019925911805574
6 0.1296663068626976 0.5219860624046875 0.059794531017246653 0.027145034669270984
6 0.5326992615774273 0.5126370847248616 0.038518844499482084 0.022747822188333443
6 0.6428191242738743 0.5144197499030907 0.041607457195929065 0.022039307370694417
6 0.12784694168505112 0.4829235624046876 0.04771190798171734 0.019059777735416717
6 0.31972407257846325 0.46397745991548633 0.04253425641014079 0.025182491166284748
6 0.11387217886476957 0.4342133054708334 0.0399721825888232 0.02044043977951393
6 0.7191482220831252 0.27661258500920194 0.03521190798171734 0.018768837005972296
6 0.47263063296032676 0.17800685837621566 0.013428953266987698 0.03699150693385418
6 0.28778044396136276 0.13000185020809052 0.034430657981717336 0.01875065321038196
6 0.08514344148016337 0.08548486474138896 0.048820643713693726 0.02610921153100698
6 0.2840154350700226 0.06592116641250023 0.043951207195929064 0.022093858757465324
6 0.2847217564101408 0.030819467799271073 0.035920383374611474 0.017224520801562525
6 0.2821040246071059 0.008126850208090513 0.04077054921421173 0.0040705573706944775