6 0.2767334571081751 0.9765215599361456 0.06865184091247105 0.03750130642076392
1 0.6878553464240406 0.8371420968865273 0.11203306228073995 0.2976400258355554
1 0.45966667942784617 0.8408892651988886 0.1137228962731287 0.30080139342673606
1 0.9652455869953194 0.8619550332475686 0.06950882600936126 0.11871493882958362
6 0.15100926243165178 0.8465093644570485 0.06687311809850831 0.1662439022604513
6 0.2728232540286948 0.8037925747537844 0.06283953410611946 0.16302798328250034
1 0.9556118963103097 0.6721658346343394 0.07102210722409338 0.11482687262517359
23 0.8936875578692967 0.6493654206903813 0.018649182319233404 0.07458242591180557
6 0.26207811912427253 0.5592795085493748 0.06159536908709144 0.1708041156913195
6 0.13935820212807815 0.5605718644570485 0.06149986859279988 0.1684603656913195
6 0.764789283649009 0.5374128941892355 0.0851602030794801 0.17447462955902787
6 0.6678824501509117 0.53888643484243 0.06315786908709135 0.17084048328249998
6 0.4278795326604258 0.5405626100886455 0.07747503707186905 0.1774177916031249
23 0.4073229990485979 0.3815149184092705 0.021997016805913993 0.08012391109416664
23 0.3072911655505007 0.38306119424482615 0.022810100304011184 0.08092334488975697
23 0.6360382480600146 0.3714995663013189 0.02134310079830275 0.08323072729857639
23 0.5024763315581119 0.3753902453472565 0.02206068380210837 0.08168641109416672
1 0.8424699787826428 0.27520187528753404 0.06339529102620176 0.19582229948690974
23 0.9453084772997681 0.2657703642696173 0.018553681824942103 0.07223867591180558
23 0.9101522272997681 0.2665886350711798 0.017995266311622515 0.07768924211621524
23 0.9280573103035735 0.2646079077726034 0.017309516805914173 0.08001480832062499
23 0.9624004768054764 0.26302657076663116 0.01796343281352506 0.07690799211621524
1 0.9849098640113073 0.14978103514742974 0.03018027197738533 0.15937565321038197
23 0.8170203567298018 0.09202635258611043 0.03182034437251211 0.05303473423243057
23 0.7778305227374129 0.08981054236562434 0.031261928859192524 0.058485300436840304
23 0.85208110623551 0.08886433178454789 0.03354201186299832 0.05697735182361115
23 0.9381313527754692 0.070439680474027 0.01724584980971926 0.078452308320625
23 0.9029114357792747 0.06969545127558953 0.01715034931542796 0.07610855832062502
23 0.9545057692773717 0.06927657076663114 0.015524182319233405 0.07450969072944447
23 0.9208483522811776 0.06849597397701312 0.017245849809719615 0.078452308320625
9 0.1307618631555924 0.14018355304914926 0.08492939281308765 0.2803671060982985