6 0.71875 0.1765625 0.05234375 0.03359375
6 0.7234375 0.209375 0.046875 0.03203125
28 0.65546875 0.2125 0.02421875 0.07578125
28 0.67890625 0.21953125 0.0140625 0.06875
6 0.72109375 0.2421875 0.03828125 0.03125
6 0.71875 0.27109375 0.0453125 0.03203125
6 0.72109375 0.303125 0.03515625 0.03203125
1 0.3421875 0.31796875 0.46484375 0.2265625
6 0.59140625 0.3328125 0.021875 0.08671875
23 0.66796875 0.33984375 0.053125 0.0296875
23 0.66796875 0.36640625 0.0484375 0.02734375
6 0.8171875 0.39375 0.053125 0.034375
23 0.07109375 0.40078125 0.0390625 0.02578125
6 0.0734375 0.43203125 0.0375 0.02890625
6 0.07265625 0.45859375 0.03984375 0.0375
23 0.08359375 0.5125 0.0234375 0.05625
23 0.059375 0.51328125 0.0171875 0.07421875
6 0.59375 0.72578125 0.03984375 0.034375
6 0.7203125 0.7265625 0.046875 0.02421875
6 0.625 0.77109375 0.02421875 0.05234375
1 0.04296875 0.790625 0.0859375 0.30078125
1 0.68515625 0.79921875 0.0859375 0.09765625
6 0.12109375 0.80234375 0.02578125 0.06328125
6 0.59609375 0.8234375 0.04296875 0.0390625
6 0.32578125 0.86015625 0.04375 0.0390625
6 0.746875 0.86484375 0.046875 0.03984375
1 0.4109375 0.88671875 0.1015625 0.109375
1 0.68671875 0.9078125 0.08203125 0.0984375
6 0.75859375 0.9109375 0.06171875 0.0328125
6 0.61796875 0.91171875 0.034375 0.07578125
6 0.75 0.9671875 0.0375 0.03828125
6 0.32734375 0.99453125 0.04375 0.0109375
1 0.40390625 0.98203125 0.0796875 0.0359375
6 0.61484375 0.99296875 0.0328125 0.0140625
1 0.6828125 0.99296875 0.08671875 0.0140625