1 0.87578125 0.5546875 0.24765625 0.50234375
1 0.4578125 0.5953125 0.3203125 0.60859375
6 0.12578125 0.61796875 0.0359375 0.03125
6 0.72734375 0.73515625 0.01328125 0.03046875
6 0.2671875 0.7796875 0.0171875 0.03984375
1 0.0125 0.78984375 0.025 0.28828125
6 0.99609375 0.80546875 0.0078125 0.0140625
6 0.03515625 0.82265625 0.0109375 0.0453125
6 0.509375 0.93359375 0.028125 0.015625
23 0.625 0.94921875 0.028125 0.01875
23 0.9421875 0.95234375 0.0328125 0.03125
23 0.6234375 0.975 0.0234375 0.0234375
23 0.940625 0.9765625 0.03125 0.02109375
1 0.684375 0.96796875 0.084375 0.0640625
1 0.88203125 0.96796875 0.1046875 0.0640625
1 0.42734375 0.0046875 0.35078125 0.009375
6 0.125 0.1734375 0.02578125 0.0265625
6 0.77890625 0.2140625 0.01796875 0.04375
6 0.50859375 0.26953125 0.02578125 0.03046875
6 0.8 0.30078125 0.02578125 0.01640625
1 0.0125 0.31015625 0.025 0.27890625
6 0.034375 0.346875 0.02265625 0.0375
1 0.13671875 0.409375 0.084375 0.109375
6 0.63046875 0.42109375 0.0140625 0.03203125
6 0.18515625 0.45703125 0.015625 0.04140625
6 0.27421875 0.5046875 0.01640625 0.04453125