9 0.5826238837736296 0.9365989336222805 0.7745139050794758 0.126802132755439
6 0.8260614036438956 0.8147349354797981 0.034486616604888456 0.07180437944567011
1 0.09873881184582331 0.7043610912944116 0.19747762369164662 0.5912778174111768
9 0.5924453501931837 0.6700430578961549 0.7751686695074461 0.17494038130318773
23 0.8905877282308176 0.5579434340320562 0.026292170688572723 0.060503006410140794
23 0.8648610419331483 0.5551801530148094 0.017698420688572726 0.06010274607105863
23 0.6727008237843138 0.5454476263407889 0.026964293283910833 0.05741439371369381
23 0.9195758237843139 0.5569460142635144 0.02322173439090349 0.06191995719592924
23 0.8078843556354792 0.5509613798554456 0.0160813569862416 0.05846747146395277
23 0.6204389193378101 0.5406659270027427 0.01985119773041468 0.05474315798171734
23 0.7266889193378102 0.5456146002859411 0.027527288474587408 0.051200781017246656
6 0.42986848304014097 0.5302249249358282 0.021741079944399645 0.0641909325888232
23 0.840805983040141 0.5493646466046687 0.018616079944399642 0.06404538337461148
23 0.40330598304014104 0.5289877566150286 0.03022570253973793 0.06146619292790554
6 0.10659965254758719 0.3758797574435981 0.024866079944399645 0.06433648180303493
9 0.5987871525475871 0.3988037586819432 0.7818006154237622 0.1861689797316112
23 0.05037693439875259 0.3724786215877872 0.018315979581579954 0.055451633374611474
23 0.023033184398752595 0.3712050659634347 0.023839293283910806 0.057268844499482
23 0.07780252995224887 0.37140842721213974 0.023058043283910812 0.057232457195929065
23 0.7620287409295073 0.25068524399963477 0.02829118030721922 0.07307578101724665
23 0.2683333046318382 0.2261259681541838 0.03653026624206879 0.06331979135632881
23 0.3542435227806727 0.23090982154500597 0.02664683475372307 0.07065925641014079
23 0.5214310227806728 0.2386967045053327 0.022222229581579888 0.05563356989237613
6 0.4941145546318381 0.23664189888098025 0.02602927586071573 0.07531036910658787
23 0.46755205463183813 0.23540473056018066 0.02101439364673041 0.06571704528527027
6 0.38562993203649987 0.22845906368712315 0.02500248920022683 0.06824273180303493
9 0.6146403641578178 0.12409485711036661 0.7681002139724834 0.15121178287476428