6 0.8234375 0.0015625 0.01484375 0.003125
23 0.528125 0.0015625 0.01328125 0.003125
23 0.51328125 0.0046875 0.01328125 0.00859375
23 0.64609375 0.0046875 0.02734375 0.00859375
6 0.58671875 0.02421875 0.02734375 0.04765625
6 0.55546875 0.025 0.0265625 0.05
23 0.759375 0.01484375 0.01484375 0.0296875
23 0.74375 0.01484375 0.01640625 0.0296875
23 0.47890625 0.02265625 0.0125 0.04453125
23 0.51953125 0.02578125 0.02890625 0.02265625
23 0.86171875 0.0328125 0.0234375 0.04140625
23 0.88671875 0.0359375 0.028125 0.0296875
6 0.09375 0.04296875 0.0109375 0.05546875
6 0.10859375 0.04296875 0.00859375 0.05546875
6 0.071875 0.05546875 0.02734375 0.02734375
6 0.82890625 0.07265625 0.03671875 0.109375
1 0.86953125 0.09921875 0.04609375 0.0671875
6 0.95078125 0.10546875 0.0921875 0.1390625
6 0.0875 0.10703125 0.015625 0.05859375
23 0.0734375 0.11015625 0.01953125 0.059375
28 0.5390625 0.12109375 0.0375 0.03828125
28 0.47109375 0.12421875 0.02265625 0.075
6 0.10703125 0.12890625 0.0140625 0.05546875
23 0.49609375 0.13828125 0.01640625 0.05625
23 0.51015625 0.13984375 0.01484375 0.05234375
23 0.83046875 0.1421875 0.03046875 0.0390625
23 0.57265625 0.153125 0.0265625 0.0375
23 0.60078125 0.159375 0.02734375 0.03828125
6 0.8984375 0.19609375 0.01875 0.0640625
28 0.86953125 0.271875 0.03984375 0.12578125
23 0.56640625 0.2796875 0.025 0.028125
23 0.540625 0.28125 0.02734375 0.03203125
23 0.5421875 0.309375 0.0265625 0.02734375
23 0.56953125 0.31484375 0.02734375 0.03203125
1 0.73046875 0.3265625 0.11484375 0.18125
6 0.8703125 0.3671875 0.04140625 0.0296875
6 0.58359375 0.4 0.01484375 0.06015625
6 0.60078125 0.40234375 0.015625 0.0578125
23 0.8765625 0.41015625 0.0265625 0.03203125
23 0.8484375 0.415625 0.03046875 0.03125
6 0.80078125 0.44453125 0.03515625 0.02890625
23 0.79921875 0.47578125 0.02734375 0.03203125
6 0.88359375 0.47734375 0.02265625 0.03515625
6 0.88359375 0.5125 0.028125 0.02734375
23 0.79765625 0.5125 0.02421875 0.02265625
23 0.43203125 0.51875 0.01328125 0.05859375
23 0.41796875 0.5375 0.015625 0.065625
23 0.80078125 0.53984375 0.0296875 0.02265625
6 0.88203125 0.540625 0.03046875 0.0359375
1 0.7375 0.55234375 0.07421875 0.13671875
23 0.4390625 0.57578125 0.0140625 0.059375
6 0.7953125 0.5890625 0.0140625 0.0625
23 0.85390625 0.6125 0.03046875 0.0375
6 0.3 0.62578125 0.02734375 0.09375
6 0.3984375 0.63046875 0.0328125 0.03046875
6 0.23515625 0.63515625 0.028125 0.03515625
6 0.2578125 0.63984375 0.0140625 0.07421875
6 0.37109375 0.64296875 0.02734375 0.0984375
6 0.34609375 0.6578125 0.0140625 0.06796875
6 0.50546875 0.65703125 0.0296875 0.0359375
1 0.10234375 0.5921875 0.2046875 0.81484375
6 0.86328125 0.71796875 0.08125 0.1515625
6 0.5359375 0.75390625 0.02890625 0.1109375
6 0.71796875 0.759375 0.0296875 0.03203125
23 0.409375 0.76640625 0.0296875 0.02890625
6 0.33203125 0.7796875 0.01328125 0.0546875
6 0.34375 0.79921875 0.01328125 0.040625
6 0.36015625 0.8234375 0.01796875 0.09375
6 0.86484375 0.85 0.03125 0.09453125
6 0.7890625 0.8671875 0.0921875 0.18828125
6 0.38125 0.8671875 0.01953125 0.06328125
23 0.30234375 0.95 0.0171875 0.05546875
23 0.3171875 0.9875 0.015625 0.025
6 0.77890625 0.9921875 0.084375 0.01484375
1 0.62890625 0.9953125 0.21953125 0.00859375