23 0.58671875 0.59609375 0.0203125 0.20234375
6 0.56953125 0.67734375 0.01484375 0.184375
6 0.40234375 0.68203125 0.0125 0.18359375
6 0.3859375 0.74296875 0.0203125 0.15625
23 0.36953125 0.79921875 0.015625 0.1484375
23 0.540625 0.8328125 0.01171875 0.13515625
23 0.146875 0.84453125 0.01640625 0.13828125
23 0.7875 0.84375 0.015625 0.13828125
23 0.3375 0.87265625 0.015625 0.1546875
23 0.8484375 0.909375 0.01796875 0.17890625
23 0.759375 0.925 0.0140625 0.13984375
23 0.5640625 0.91484375 0.01796875 0.1703125
23 0.1703125 0.91953125 0.015625 0.1609375
23 0.77734375 0.934375 0.0109375 0.128125
23 0.38671875 0.93203125 0.0171875 0.1359375
23 0.03046875 0.92265625 0.0234375 0.1546875
23 0.540625 0.95234375 0.0125 0.0953125
23 0.146875 0.9546875 0.015625 0.08984375
23 0.36953125 0.95703125 0.0109375 0.0859375