6 0.9332143926352401 0.8050673327895852 0.019414688111767477 0.04161533533577248
23 0.9212501059747513 0.7978997227879944 0.02304811960011328 0.03384828866963616
23 0.9076687556119317 0.7891514314528582 0.021512901451279022 0.03461135733609062
23 0.8954862141421194 0.7757338214512673 0.02687252404661713 0.03154999200349984
23 0.8826588319281342 0.7662133707829037 0.028571433302444403 0.03547442333704538
23 0.8713393860118182 0.7551486014480856 0.02463790145127902 0.034647720003181705
6 0.8578398812024949 0.7487440601129494 0.02345734736759475 0.04556703866963616
6 0.9216568445420059 0.7424582447883126 0.027981156260602092 0.04093408267027243
6 0.9075124989885097 0.7399508627864035 0.015354670688572724 0.059529541335136216
23 0.8433135897326824 0.7352991781110403 0.02463790145127902 0.034647720003181705
6 0.8945759893698628 0.72730541211804 0.024856156260602093 0.0408977200031817
23 0.8303497982628703 0.7218724774426768 0.030860619600113638 0.03393919533736352
6 0.8856002934535467 0.71626791478354 0.030406751814098597 0.04330510467059075
23 0.8198934479000506 0.7131605487746314 0.02611855589778287 0.03232215133672707
23 0.807956443090727 0.7067741887730405 0.023720242195451748 0.030732379336408933
6 0.8559847153232457 0.6956190601129494 0.02127728847458741 0.050227266669318024
23 0.7958011834720803 0.6941378287714497 0.023938497004774996 0.03698237933640893
23 0.7830556468115915 0.6869611281030862 0.029107146641955416 0.02845226400381797
6 0.8469817375557642 0.6838003127784494 0.02946181070710594 0.03860851400381797
23 0.7710095145976064 0.6774497681014953 0.020758933302444226 0.03538351666931803
6 0.8333731053417791 0.674270771443313 0.027681055897782515 0.032340332670272434
23 0.7597173505324557 0.6671662487666772 0.0267906784931208 0.02920624200349984
6 0.822889473127794 0.6647775927752677 0.03223214664195524 0.02848862667090888
6 0.7461632820208014 0.6591992074315409 0.022085820325752792 0.0510176073360908
6 0.8092808409138088 0.6552480514401314 0.035066969962933216 0.042578398671227015
6 0.794000581295162 0.6425753287714497 0.034630460344286365 0.03007839867122719
6 0.7820635764858386 0.636188968769859 0.029243555897782512 0.03235851400381797
6 0.7669742898253498 0.6289849961011772 0.030270342558271324 0.03939885467059075
6 0.5367386636018144 0.5435271120703149 0.030089293283910835 0.056577264003817976
6 0.6385094947273404 0.5283117394175416 0.02574653366526398 0.0440318106699543
23 0.6248190169598591 0.5164384480824052 0.029970242195451746 0.030805104670590742
6 0.4839211984482047 0.5069896280633153 0.028400307711881113 0.07529999200349984
6 0.6528522477225653 0.491774802752996 0.025664688111767652 0.0416880606699543
23 0.588707902169069 0.4886856180776328 0.02461061960011346 0.0338664700031817
1 0.6105010566155726 0.48659640674726906 0.049685030670039154 0.08101419000636341
6 0.574263456252753 0.47758448607572374 0.026418656260602268 0.04091590133672725
23 0.6343924244015876 0.47750321741722335 0.026118555897782513 0.032322151336727244
23 0.599925655164294 0.45211231874599633 0.020404269237293705 0.025227266669318026
6 0.5872619640573014 0.4472793680776328 0.030379469962933215 0.04252385467059074
6 0.4899405307548571 0.4110049660645879 0.04424356252120454 0.08173180533895437
23 0.4355432074338793 0.3963152100572701 0.03143353847458741 0.050345445337363424
6 0.4671925115175634 0.3857504273949517 0.042462807711881115 0.07546362400540882
23 0.4232515385594054 0.37977260005567925 0.029270837748947898 0.033139764003817976
23 0.4088070926430894 0.36867146805377027 0.030434033665263982 0.044086354670590744
23 0.39606155598260057 0.36149476738540665 0.031160719962933035 0.042532945337363515
6 0.4498859604291042 0.3597782733927245 0.025773815516429367 0.044813060669954385
6 0.43552336006628456 0.35102089139081555 0.02658234736759475 0.045603401336727155
23 0.3815625463639537 0.3488311353834977 0.031051592558271324 0.03940794533736351
6 0.2823165145127883 0.3468953707033619 0.035639888837407166 0.05898464867122701
23 0.36803575970346486 0.34164534404836144 0.031324411069925694 0.04722044533736343
6 0.4202976641499686 0.3399106687221338 0.029062506623422024 0.04953692333704529
23 0.3542907182336526 0.3282095527132251 0.02876240626060227 0.040943173337045294
6 0.40725202712666003 0.32414021805377025 0.024211315516429365 0.04479487933640893
23 0.3421081767638403 0.3147919427116343 0.02714534255827141 0.03936249200349984
6 0.23806551750801316 0.3096766340308622 0.040081852176918266 0.05200794267186346
6 0.38003476269868974 0.3050811353834977 0.02407490626060227 0.04088862933640893
23 0.3276637308475243 0.3036908107097253 0.02633681070710594 0.03857215133672707
6 0.36561759863353915 0.2947612533815887 0.022085820325752792 0.0510176073360908
23 0.3147272212288775 0.2910453600413617 0.0262549651536097 0.03622840133672707
6 0.2988294027172232 0.28305104670590725 0.026200401451278842 0.03466590133672707
23 0.28592017494974176 0.2711868460375437 0.025282742195451745 0.030750560669954387
6 0.34136164309857636 0.27105103337840697 0.02973462921876031 0.04642101400381797
6 0.3254365427357566 0.26227547004295254 0.018234134028083736 0.05253465400222712
23 0.2737921971822604 0.2593317360359529 0.027953874409436884 0.04015283267027261
6 0.3086756286706061 0.2519283160407254 0.026500501814098597 0.043259651336727066
23 0.2585392194147789 0.24744026336727115 0.02329365626060227 0.04087953866963625
23 0.2441220553496284 0.23712038136536218 0.028598715153609698 0.03625567333704529
6 0.29721977349846296 0.23695729670590726 0.027708337748947987 0.03312158267027261
23 0.2313219549868087 0.2283811806969986 0.02714534255827141 0.03936249200349984
6 0.28587304573098155 0.22511127737108919 0.03086061960011337 0.03393919533736343
23 0.21526044536816183 0.21569936736154416 0.024719747004775083 0.0369914700031817
6 0.2682763179635001 0.2131925327020893 0.03431300181409851 0.04335055800445433
23 0.20151540389834954 0.20226357602640785 0.026418656260602268 0.04091590133672707
6 0.24418405353552983 0.19416981269890762 0.03283234736759484 0.04567612667090888
23 0.18871530353552984 0.19352437535804431 0.027172624409436796 0.040143742003499835
6 0.22666917132154468 0.1845948180299077 0.02965278366526398 0.04407726400381802
23 0.1751066713215447 0.183994834022908 0.028707842558271413 0.03938067333704529
23 0.16230657095872497 0.17525563335454447 0.024665183302444226 0.03542897000318166
6 0.20394843393541642 0.1601215293602715 0.030106651451278842 0.03471135467059074
6 0.18716023801910048 0.14899312535804432 0.028625997004775083 0.037036923337045294
6 0.17115329210278446 0.1378738120225899 0.030215778855940557 0.037836354670590745