6 0.69453125 0.28828125 0.0421875 0.07265625
23 0.28984375 0.44140625 0.02578125 0.05078125
1 0.49453125 0.45 0.0390625 0.08359375
1 0.71171875 0.52109375 0.059375 0.103125
6 0.5234375 0.5359375 0.01875 0.071875
6 0.49140625 0.5359375 0.03359375 0.06640625
6 0.3515625 0.60546875 0.0390625 0.04375
6 0.70078125 0.61640625 0.03671875 0.0484375
23 0.6109375 0.646875 0.14296875 0.07109375
23 0.278125 0.6578125 0.01796875 0.0421875
23 0.18828125 0.675 0.01640625 0.059375
6 0.0984375 0.6828125 0.01875 0.046875
6 0.45078125 0.6953125 0.05078125 0.1453125
23 0.278125 0.69609375 0.01796875 0.0296875
23 0.1015625 0.7328125 0.02109375 0.05234375
6 0.26953125 0.74765625 0.04375 0.06484375
23 0.27890625 0.8078125 0.0140625 0.0453125
6 0.7765625 0.82578125 0.01796875 0.05390625
23 0.81953125 0.8296875 0.05 0.05
6 0.9875 0.834375 0.02109375 0.0546875
23 0.2234375 0.83515625 0.021875 0.0609375
23 0.115625 0.83828125 0.01328125 0.05078125
6 0.28671875 0.9265625 0.0671875 0.071875