23 0.5813026013791736 0.6670309250587843 0.011428379390299347 0.08462957313826394
23 0.5938071465587134 0.6675212343293397 0.012182358313060604 0.07996025693385427
23 0.8141560079950316 0.6686434039728812 0.012205084210759765 0.08386650693385427
23 0.44464748389273084 0.681150589287083 0.012209629390299348 0.08464775693385426
23 0.70560316461089 0.6782022015599299 0.011410198672140126 0.08150457313826394
6 0.6907821405085891 0.6824539436761452 0.013849397442476175 0.09796537452503476
23 0.3462645260472086 0.692816747531458 0.013826671544777014 0.09405912452503476
23 0.04156793568812893 0.6983459278116666 0.011423834210759543 0.08384832313826393
6 0.8001616856881288 0.6806894622935064 0.015470984776493424 0.10815799211621524
6 0.43143441158582796 0.6931784638121177 0.013081782981095458 0.10029094072944442
23 0.9956851101890736 0.6792503296003464 0.008629779621852763 0.07443695554708327
6 0.33144350194490757 0.6970684896476733 0.014698825135573301 0.10970230832062491
23 0.6642605471244474 0.6901034427262147 0.009066448672140126 0.08145002175149293
23 0.6759792971244474 0.6898306857923606 0.011405653492600365 0.08072332313826394
23 0.6517741826630669 0.6927381334556592 0.010606222774440965 0.0775801393426736
6 0.026002023022146447 0.7088658537234722 0.013099963699254768 0.10341594072944442
23 0.7361719085607659 0.6946805335319091 0.010601677594901205 0.0767988893426736
23 0.39005997784260665 0.6996109549784024 0.01065621974937896 0.0861738893426736
23 0.7502162278426067 0.691228225211284 0.009834063133520666 0.07912445554708328
23 0.3783594085607659 0.7030087119122566 0.014553379390299348 0.0847023083206249
23 0.31585031820168624 0.7029009155594789 0.009893150467538182 0.08928070554708327
23 0.7635202037403056 0.6948253506862494 0.009834063133520842 0.07912445554708328
23 0.4018059989198455 0.7040256980445483 0.01066531010845857 0.08773638934267361
23 0.29164974891984546 0.7065896132227776 0.010619858313060514 0.07992388934267361
23 0.3041497489198455 0.7062986724933331 0.009838608313060515 0.07990570554708327
6 0.6144332639469601 0.7209547056439926 0.010606222774440965 0.0775801393426736
23 0.4723366675377563 0.7398891564414232 0.011473831185697492 0.09244207313826394
6 0.13172984825591555 0.7509422913187846 0.017342556985200642 0.16131935970739592
6 0.09893098379453498 0.7540497607335764 0.015761876267041376 0.15815799211621523
23 0.7754843934354554 0.7367400937523951 0.01064258421075941 0.08383013934267361
6 0.06455143861499517 0.7540685977395485 0.014971535907961764 0.15657730832062491
23 0.4145787096922341 0.7506097573151038 0.01144656010845857 0.08775457313826393
23 0.013061661487632112 0.7677687282485068 0.012227810108458591 0.08777275693385427
6 0.5826156373853312 0.758418991263194 0.009788611338122522 0.07131195554708328
23 0.4999349475919856 0.7830027235957634 0.012990879390299349 0.08466594072944442
23 0.5116627879510652 0.7842924666619092 0.012186903492600366 0.08074150693385426
23 0.6914002849260031 0.7887039436761454 0.010628948672140126 0.0814863893426736
23 0.31719971564416233 0.8005389817638886 0.01300906010845857 0.0877909407294446
6 0.6149559595940381 0.8107984556439926 0.011419289031219648 0.08306707313826393
23 0.6282462999531178 0.8120518311189577 0.009834063133520666 0.07912445554708328
23 0.6407599354917373 0.8141046403895134 0.009852243851679886 0.08224945554708327
6 0.5665366403121974 0.8150508509705897 0.012236900467538092 0.08933525693385427
23 0.8121491221618247 0.8609036391552424 0.010678945647077854 0.0900801393426736
23 0.7613724173413645 0.8628668358686105 0.011382927594901204 0.07681707313826394
23 0.7738905980595238 0.865700895139166 0.010633493851679887 0.0822676393426736
6 0.5375036461659299 0.9282418352030204 0.013867578160635219 0.10109037452503458
23 0.9633394383204076 0.9277066666063186 0.013068147442476174 0.0979471907294446
23 0.8149837515521241 0.9452240877684716 0.012918156517662283 0.0721659407294446
23 0.8017025015521242 0.9455332122935063 0.011355656517662283 0.07212957313826393
23 0.7626536370907436 0.9487861520730203 0.008984635440423716 0.06738752175149329
23 0.7759348870907437 0.9484770275479854 0.008984635440423716 0.06738752175149329
6 0.8259348870907435 0.9473132646302076 0.008984635440423716 0.06738752175149294
23 0.7876536370907437 0.9482042706141314 0.008984635440423716 0.06738752175149329
23 0.7407877274498232 0.9508577983495481 0.008185204722264316 0.0642443379559026
6 0.6658377244247611 0.9611971927262146 0.008866460772388507 0.04707502175149329
6 0.9119314744247611 0.955469297115277 0.011210210772388507 0.047129573138263936
6 0.6525564744247611 0.9615063172512495 0.011210210772388507 0.047129573138263936
23 0.3799093147838407 0.9694149619122566 0.010406234874689524 0.0432051393426736
6 0.6400655647838407 0.9633597579806938 0.008843734874689346 0.04316877175149329
23 0.3541189744247611 0.9684525271667358 0.010428960772388507 0.0471113893426736
23 0.36664170032246013 0.9720678364372913 0.011164758976990452 0.039317073138263936
23 0.028383176220159168 0.9838476699278818 0.011900557181592353 0.03152275693385391