9 0.5 0.05625 1 0.1125
9 0.48533357375329783 0.17401492393382123 0.9706671475065957 0.14492981146558487
6 0.2390897487340556 0.24243075863304703 0.036810519237293705 0.025418170671545236
6 0.6568749602594682 0.2875490705760951 0.01901538402808356 0.052543744668999894
6 0.8239037144358197 0.4019644645528689 0.021386415879248943 0.05335226666931803
28 0.07343992296600721 0.4239727546546824 0.03677580290255764 0.06914998933799979
23 0.02712791815668379 0.43075910399427303 0.03228671034428626 0.030051126670909055
6 0.8642633304077357 0.4538173185471418 0.03142361479078985 0.027698286004136107
6 0.8992286074495779 0.45887698854236936 0.03376736479078986 0.02772555800445442
9 0.49378713930074325 0.4628137945974123 0.4434102380191005 0.15197486405949726
6 0.8272990437472469 0.46127582988545984 0.03778274219545139 0.03089601133831792
6 0.052261838212284126 0.49372218065722767 0.016480661069925674 0.047047722668681756
23 0.05094238567254618 0.553869339990455 0.018988102176918244 0.05176249466899989
6 0.521450803914048 0.6546013052594125 0.03632936960011328 0.034002830004772555
9 0.8203471169834067 0.7721678765515962 0.16103179155463038 0.3400175673535898
9 0.6271601121740833 0.7806632712444586 0.15357146641955416 0.2829226826861809
9 0.25718807924781395 0.8000069012969563 0.5143761584956279 0.3999771067393148