28 0.9031546770424658 0.7585491972182119 0.12197849971765144 0.2974840540583344
28 0.1445532217666765 0.749685861730906 0.12387492868508136 0.27640848477649377
28 0.01734931079157494 0.7318358072797883 0.03469862158314988 0.34882838544042355
28 0.5588733270001135 0.7160360069338869 0.11227029977412109 0.23807269262201594
6 0.7621109900413536 0.592238916869395 0.18008088410204515 0.11507152985783761
23 0.9054738531672986 0.5578224893726895 0.058737234144397375 0.06984941256778665
23 0.9651218689523139 0.5527895557276641 0.010458628840373052 0.11252272589769899
6 0.4078014635918201 0.45372288017586626 0.3274311101421731 0.4056743248409857
6 0.1839390293627182 0.43550064188333126 0.10182562343752695 0.2598795149289188
6 0.7053652502823488 0.2926707089256768 0.2810643443571575 0.4007186592481369
23 0.22959868181002746 0.2415506539835796 0.08460948940606912 0.07156190349260036
23 0.014087073875167394 0.20063125907518634 0.02542420520520211 0.061064765027114644
23 0.033618323875167395 0.20051762958669112 0.026523973621053586 0.0665380602066545
23 0.2341643554451985 0.1899790636245 0.09459143415851479 0.05521928600615764
23 0.3535891896319481 0.1642927415139889 0.051773873578701314 0.1112011204133089
6 0.43605932636482897 0.04900810909862742 0.043938986775233245 0.07054430415653026
1 0.479809326364829 0.04875357904439812 0.05656778939195171 0.08623748184962739
23 0.9925823421498446 0.04108444126628351 0.013288226251889768 0.06724204215447771
23 0.9756223553040242 0.037278185216159304 0.0301117052052021 0.06109203610435351
23 0.9336546631824145 0.02296564149530019 0.07170767100433509 0.04593128299060038
23 0.8585636579207427 0.02474971899786587 0.07423343152767856 0.04949943799573174
6 0.33360145527578927 0.0123585785534188 0.035922089448421436 0.0247171571068376
1 0.37321769212160966 0.01618074273193234 0.058252115756780666 0.03236148546386468