23 0.16015625 0.65625 0.0171875 0.04765625
23 0.13125 0.65546875 0.01875 0.05703125
23 0.18359375 0.65625 0.015625 0.04921875
23 0.2078125 0.6578125 0.021875 0.0484375
23 0.23046875 0.66015625 0.02578125 0.04921875
23 0.8140625 0.72265625 0.01875 0.05
6 0.8375 0.72578125 0.01875 0.05625
6 0.234375 0.7734375 0.0171875 0.053125
6 0.359375 0.79140625 0.01796875 0.05234375
23 0.8125 0.81484375 0.01953125 0.0515625
6 0.0953125 0.815625 0.01796875 0.05390625
6 0.83828125 0.81640625 0.0171875 0.05546875
6 0.04453125 0.834375 0.03515625 0.03046875
23 0.0953125 0.88515625 0.0140625 0.05859375
23 0.14375 0.890625 0.03125 0.028125
23 0.83125 0.90390625 0.03515625 0.02890625
6 0.83046875 0.9390625 0.03359375 0.028125
23 0.1171875 0.9546875 0.01953125 0.05390625
23 0.13828125 0.95703125 0.01953125 0.0515625
23 0.565625 0.9578125 0.0375 0.0234375
6 0.18203125 0.9578125 0.0171875 0.053125
23 0.1625 0.96015625 0.0125 0.04765625
6 0.83046875 0.975 0.03125 0.0296875
6 0.5671875 0.99375 0.03359375 0.0125
23 0.83203125 0.99765625 0.02890625 0.0046875
23 0.11640625 0.99765625 0.01796875 0.0046875
23 0.1609375 0.99765625 0.0171875 0.0046875
1 0.00625 0.90546875 0.0125 0.1890625
1 0.01484375 0.0125 0.0296875 0.025
1 0.015625 0.01015625 0.03125 0.0203125
23 0.71796875 0.0125 0.03515625 0.02265625
6 0.02265625 0.071875 0.0390625 0.028125
23 0.0609375 0.08203125 0.034375 0.0265625
23 0.02109375 0.10625 0.034375 0.0265625
6 0.184375 0.10703125 0.034375 0.02265625
6 0.30625 0.14453125 0.0375 0.0265625
23 0.0125 0.18984375 0.025 0.03359375
6 0.14140625 0.19765625 0.03359375 0.028125
23 0.7640625 0.20234375 0.0375 0.0265625
23 0.01171875 0.22421875 0.02265625 0.02265625
23 0.20234375 0.2328125 0.0328125 0.028125
23 0.765625 0.234375 0.03046875 0.028125
23 0.5453125 0.24921875 0.01953125 0.05703125
6 0.58203125 0.25 0.021875 0.06484375
6 0.32109375 0.25 0.02109375 0.0578125
23 0.50078125 0.25 0.01953125 0.05859375
6 0.47734375 0.2515625 0.0234375 0.05546875
23 0.5203125 0.25234375 0.01875 0.053125
23 0.45546875 0.253125 0.01796875 0.05546875
23 0.14296875 0.26953125 0.03046875 0.02734375
23 0.2015625 0.271875 0.03671875 0.015625
1 0.38984375 0.2765625 0.075 0.08671875
1 0.65546875 0.28046875 0.078125 0.075
23 0.86875 0.29140625 0.015625 0.0515625
6 0.84375 0.29375 0.02578125 0.059375
23 0.14296875 0.303125 0.03125 0.02109375
23 0.20078125 0.3046875 0.034375 0.02421875
23 0.29375 0.3203125 0.02109375 0.04921875
23 0.31875 0.32109375 0.0203125 0.05
23 0.14453125 0.3390625 0.03203125 0.02890625
23 0.203125 0.3421875 0.0296875 0.02265625
23 0.14375 0.37421875 0.02890625 0.01875
23 0.2046875 0.38125 0.0328125 0.0265625
23 0.853125 0.39140625 0.01640625 0.059375
6 0.14296875 0.41640625 0.0375 0.02890625
23 0.2015625 0.41875 0.03125 0.02109375
23 0.203125 0.4515625 0.03203125 0.0296875
23 0.14296875 0.453125 0.03125 0.02578125
6 0.44453125 0.45546875 0.01953125 0.053125
6 0.59296875 0.45546875 0.015625 0.053125
23 0.56875 0.4578125 0.01953125 0.05859375
6 0.3203125 0.46171875 0.01640625 0.059375
23 0.20234375 0.48515625 0.02890625 0.02265625
23 0.14296875 0.48671875 0.0375 0.0296875
1 0.6515625 0.48671875 0.08203125 0.07734375
1 0.50703125 0.48671875 0.07421875 0.07109375
1 0.38125 0.49453125 0.0875 0.07421875
23 0.20390625 0.521875 0.03125 0.02890625
23 0.1453125 0.55703125 0.03359375 0.0265625
23 0.8546875 0.5609375 0.0234375 0.05703125
23 0.5484375 0.5890625 0.021875 0.05234375
23 0.20078125 0.5921875 0.03984375 0.02890625
23 0.14453125 0.5921875 0.03203125 0.025
23 0.38515625 0.59375 0.0203125 0.05078125
6 0.43515625 0.59375 0.0203125 0.05078125
23 0.47890625 0.59296875 0.01875 0.05703125
23 0.52265625 0.59375 0.0203125 0.04921875
23 0.6015625 0.59375 0.01875 0.04921875
23 0.36328125 0.59375 0.0171875 0.06171875
23 0.5015625 0.5953125 0.0203125 0.0515625
23 0.45625 0.59609375 0.0171875 0.053125
23 0.5796875 0.59609375 0.0171875 0.053125
23 0.40859375 0.5984375 0.01484375 0.040625