23 0.07027471866922445 0.796927074502104 0.012936337235821637 0.07543650961864685
23 0.18774856498023243 0.8420535468272898 0.020862466724316863 0.09524057813030104
23 0.15340992641655088 0.8495039482785686 0.016933490826617836 0.09119791887447377
23 0.1721735619551703 0.8511929338505985 0.014612466724316864 0.09502232332097763
23 0.08039967329329292 0.9255059422881189 0.010211313035324831 0.1440773822139853
23 0.09084979732083913 0.572725682669472 0.012922701697202221 0.07309275961864685
23 0.061952637679918744 0.5752976111625929 0.00686814441741399 0.10646825480932343
6 0.23777479429577703 0.5761904446503716 0.0076403040583343795 0.10493303666048881
23 0.06981058947531685 0.5828372926509386 0.007658484776493624 0.10805803666048881
6 0.8433708093228915 0.5769220099971649 0.005373822110511383 0.11813244110699266
6 0.46993330932289173 0.5899627348542396 0.007022680521767554 0.13303075480932341
6 0.44103614968197125 0.5925346633473604 0.01282725292686635 0.05668650961864685
6 0.8512287611182898 0.5844616914855107 0.0076175781606352185 0.10102678666048881
6 0.4777776255796704 0.5951586663425853 0.006899960674192585 0.11193700480932342
6 0.20604807132494424 0.6296527505481542 0.006136891392351895 0.11503472295815804
6 0.8342048875817228 0.6131868922111501 0.010057297811818345 0.2518626003628196
23 0.03186113758172289 0.6412053533580446 0.018518716724316864 0.09515873257680489
6 0.048544643533651226 0.6882886844835706 0.019386325135573246 0.11002976442797027
23 0.8821747549699698 0.665428949290059 0.012055093285945872 0.05822172776748147
23 0.01980656517662415 0.7182043629766914 0.015956798106406045 0.057576887023308564
6 0.4440480410743232 0.7072965677938641 0.02261586426498887 0.12810764183263199
23 0.19735939343545536 0.7479488827621392 0.016370409444528677 0.12867063702330855
6 0.5121985982559155 0.7361730467424719 0.008453370315113062 0.1104290685116542
23 0.16221677897407477 0.7515203160645836 0.014657918519714963 0.10283482332097763
23 0.17864575487177384 0.7548536471901095 0.016261325135573258 0.10992063702330857
23 0.14428439041039326 0.7583977986413885 0.019409051033272284 0.11393601442797027
23 0.8826247277444107 0.742772699290059 0.012813617388246712 0.05434275961864685
6 0.05223324579658752 0.7850545570789089 0.020971551033272286 0.11399057813030104