9 0.49529373134395005 0.26577870118897556 0.22643410447712728 0.2137797909216581
1 0.28269747682139423 0.39407485989664853 0.07780185266810494 0.16024058475372308
23 0.3600644810052658 0.49508923367311314 0.02531093848918218 0.08120535998146643
23 0.9310829879026707 0.5063416367688545 0.0238712692218769 0.08349454627913566
23 0.46077380992893807 0.5375817793192768 0.03263875961093845 0.04247024219545174
23 0.4896391163513732 0.5373536008261558 0.03111720318850324 0.04319692849312098
23 0.43018222919624344 0.5409895215147283 0.029431872455808694 0.040798614790789854
23 0.5489322291962434 0.5368426801375833 0.02947281603337366 0.04157986479078986
23 0.4004537856186786 0.5428074818590146 0.02955470318850324 0.04314236479079003
23 0.5192856727738084 0.5370981404818697 0.03017217887824373 0.040044646641955416
1 0.2719293159218319 0.5995436098966486 0.07282774762515079 0.1546081436467306
6 0.7854761595448252 0.6658307425739698 0.08571284995457162 0.08799356252120454
6 0.5444007801916116 0.6828273027329217 0.03083059814554918 0.0377281784931208
1 0.04449865360770231 0.7744345156090967 0.08899730721540462 0.30269346878180664
23 0.25507160730626166 0.7872891465571374 0.02415787426483096 0.08896329627913566
1 0.422842283470972 0.8149627348542395 0.13979059757972223 0.24194694173996467
23 0.2505301922228278 0.8888243647059719 0.023090019221876812 0.08346726442797028
23 0.4911718023541646 0.9545038952911931 0.02153416327441171 0.05377976442797028
23 0.24540892300095093 0.9716641465571374 0.021414654567984304 0.03661954627913566
23 0.2430528799190405 0.18334818022240135 0.028364017412854547 0.03530258293962456
23 0.24166412030810208 0.22472714837123595 0.028364017412854457 0.035302582939624474
23 0.33405966022219385 0.23241810808254998 0.02918288896415202 0.05092758293962456