1 0.9606548240387678 0.9643049571581512 0.07869035192246443 0.07139008568369754
23 0.5661583566077235 0.9116561592481369 0.043774825768048406 0.17668768150372607
23 0.7411583566077236 0.9121697645361353 0.04064982576804841 0.1756604709277294
23 0.6051117292030618 0.9086538790957117 0.037743080577371836 0.1826922418085765
6 0.6331548836495655 0.9063783067888089 0.047281771684364315 0.18724338642238222
23 0.4252878199472347 0.9054157704880638 0.037224725405228656 0.17127555718159257
6 0.38786966550073093 0.9075413518701527 0.03749754391688302 0.17908805718159257
23 0.4831003199472347 0.9057521137740097 0.040004985023875506 0.1837891927202115
23 0.5194916877332496 0.8965907372123805 0.0421949676006804 0.2017670330792914
6 0.4530035921797532 0.8938606469514967 0.03967760280989054 0.17441419272021186
6 0.45760921350914713 0.6455004150036736 0.04019595798203355 0.18925794272021185
23 0.695426672039335 0.6336054447633153 0.0563938768565075 0.20575509631100797
23 0.48755960833700407 0.6308339270057262 0.04167661242853722 0.18692328307929137
6 0.4246230987183572 0.6179703126425414 0.04374754391688303 0.17912441861791084
1 0.5862748721320021 0.5275230955254411 0.17671135525696116 0.3408027828828997
23 0.6824454892850448 0.3960781736860764 0.03938742613086817 0.188472147540672
23 0.7104886437315485 0.3938980501495095 0.045801117237860824 0.19319600897699035
23 0.44868804817805225 0.3900316650036736 0.03620786242853722 0.1868914668225127
23 0.42263397966639793 0.3820691740788599 0.036398835386695264 0.1923602168225127
6 0.47537703375008195 0.3714407462875668 0.03793405353552988 0.19158805718159239
1 0.2063269333872623 0.3612834545258726 0.16031253974053178 0.2961851744716433
6 0.03420639672677341 0.35325226502711465 0.053134956800907206 0.2690045300542293
6 0.08376988710812658 0.3410431565176625 0.06529021641955406 0.2815727077473264
1 0.8614062698702659 0.1526377667756305 0.1415625397405318 0.2960760901626879
6 0.97734375 0.12912351960430088 0.0453125 0.2471386204133089
23 0.6376860276748142 0.12087364060678499 0.04378474945184578 0.20255737343837105
23 0.4907291821213179 0.1176753968533009 0.04478425426116921 0.20881191861791085
6 0.609233645460829 0.11133501414335187 0.03981401206571746 0.17832044272021177
23 0.6654290817584982 0.11009976707021811 0.04186758538669544 0.19239203307929142
6 0.5795188636096636 0.11038104732083913 0.03982393574951502 0.200972147540672
6 0.5519841406515056 0.10475321603694583 0.03634427168436431 0.19079771682251273
23 0.4567534862050019 0.10654245413308913 0.04363841651222131 0.17599941861791085
6 0.34514386360966365 0.10901749345889648 0.05903772721932725 0.2143624818496274
23 0.5166096358421821 0.09829868295765443 0.03833335761921397 0.18065510236113216