6 0.4301471960222404 0.09607469432892257 0.019669392044480816 0.14318855787839033
6 0.3747057195611908 0.09440650753957193 0.01816143912238157 0.1462225526167185
6 0.40287162986961633 0.0983883522496652 0.019010872969757564 0.15017430524755443
23 0.680606892044481 0.1816837835655825 0.009834696022240408 0.07159427893919519
28 0.3177035174498704 0.22688580759604168 0.04907229423523161 0.2627498999576477
28 0.5396467012972462 0.24371480475344423 0.049498988228877216 0.24248290258848365
6 0.7357540880667214 0.25591721509326126 0.012301176947516979 0.07876203683170298
23 0.7232677248361966 0.2559704229998865 0.009984700486467445 0.08018802893919519
23 0.8576563616056717 0.26457812550366555 0.011438106330665932 0.07402903420086701
6 0.845251818991998 0.2693188334102907 0.010738676947516979 0.07867103157003115
6 0.8343143189919979 0.2686817965785878 0.011519926947516978 0.07871653420086702
6 0.8226228425309483 0.2695617571160489 0.00987560633066593 0.07393802893919518
23 0.9939490639196868 0.32093308326911635 0.012101872160626215 0.07880753946253893
23 0.8567853827089902 0.34881661761115773 0.009834696022240763 0.07159427893919519
23 0.7372541327089901 0.34185471509326126 0.010615946022240409 0.07163978157003106
6 0.4904745900953163 0.33294463374910915 0.01907905681713338 0.15408055524755443
6 0.28430641071216733 0.325619439208425 0.019792122969757388 0.15021980787839037
6 0.7987507402574721 0.3774351702984634 0.008667662337020232 0.09415952367752337
23 0.872760984575429 0.41452491759704035 0.00920345048646709 0.08014252630835923
23 0.9563956448838546 0.42173744909648425 0.009285271103318138 0.08483002630835923
6 0.9680871213449045 0.4208574885590231 0.01304151663909181 0.07646378946253893
23 0.9798467816533301 0.42388377802156196 0.00920345048646709 0.08014252630835923
23 0.9275575787312306 0.42396010175555504 0.011011412337020233 0.09429603157003115
23 0.6800649699649326 0.4189107677805669 0.014327327109672794 0.10541554209337481
23 0.9987704095969345 0.4696891016849678 0.002459180806130945 0.07628177893919527
6 0.991588851052365 0.4706145648532649 0.011288101866438893 0.06543528420086701
6 0.13344511444504553 0.4463884235645839 0.2032882357932452 0.3341684156014889
6 0.8743428498345491 0.5051499175970403 0.009408002028595064 0.09186127630835923
23 0.9173388733734992 0.5092150622930162 0.01467220048646709 0.08046104472421067
23 0.8869928542987757 0.514471709690415 0.012451181411744016 0.08735578683170289
6 0.7879786558409034 0.5204116255742527 0.01315061079489297 0.08271378946253875
23 0.7618388956946337 0.5430832861258313 0.010656856330665931 0.07398353157003115
6 0.9618525324641087 0.555513209619828 0.01002561079489297 0.08253177893919528
23 0.7752019663114846 0.548544330850042 0.011356285713814885 0.06934153420086701
23 0.9502019663114847 0.558736920157289 0.00924436079489297 0.08248627630835922
6 0.7328741444768176 0.5827604361540661 0.016821081573899655 0.11414579998588259
6 0.6751298283241935 0.5832994914722077 0.01308242694751698 0.07880753946253893
23 0.9130934784863491 0.6236947912463288 0.010806860794892969 0.08257728157003115
6 0.8766065535674272 0.6348374175970403 0.012451181411744016 0.08735578683170289
1 0.9844745510333311 0.6422620516990853 0.031050897933337752 0.2546188815417961
23 0.765737237414803 0.632282294018339 0.009203450486467446 0.08014252630835923
23 0.7907508741842781 0.6345196282050886 0.010806860794892792 0.08257728157003115
23 0.9517156477232286 0.6454556701572891 0.010738676947516979 0.07867103157003115
6 0.9626667844927038 0.646873956988992 0.010107431411744017 0.08721927893919527
23 0.7775514448011291 0.6384335834808779 0.012301176947516979 0.07876203683170288
6 0.8606463628201926 0.7041488597186499 0.006600601866438893 0.06516226841585145
23 0.9665242159044475 0.7337292148814998 0.01158811079489297 0.08262278420086702
23 0.7079577394433979 0.7202303440748088 0.021904047888679657 0.13707506577089817
23 0.7353833100602489 0.7265104361540662 0.02049155235290634 0.14557781050922625
23 0.6744321732907738 0.722179980948864 0.016544392044480993 0.14300654735504673
6 0.8080941071381496 0.7338671808218071 0.00920345048646709 0.08014252630835923
23 0.8908929703686745 0.7379092096904152 0.011519926947516978 0.07871653420086702
23 0.7854787674465751 0.7348913545275654 0.009957426947516978 0.07862552893919528
23 0.8479787674465751 0.7385315649944392 0.010738676947516979 0.07867103157003115
23 0.7964299042160503 0.7363096413592682 0.010615946022240409 0.07163978157003115
23 0.8347520645244758 0.7408830202702286 0.011479016639091455 0.07637278420086702
23 0.8792560409855256 0.7419141702278763 0.010888681411744016 0.08726478157003115
6 0.8191816116023766 0.7430979676535101 0.01158811079489297 0.08262278420086702
6 0.9898447134688155 0.8178157885449057 0.010847771103318138 0.08492103157003114
23 0.8315100620888438 0.8234225044852129 0.010738676947516979 0.07867103157003115
23 0.8433242694751699 0.8295737939477519 0.010806860794892969 0.08257728157003115
23 0.8566464297835955 0.8326910886719625 0.010765950486467446 0.08023353157003114
23 0.7098083859521058 0.8709660914439729 0.01881995819710518 0.13923680524755433
23 0.6785992962605312 0.8714897362105358 0.017216547888679656 0.13680204998588258
23 0.7379879330300063 0.8757291861540661 0.01971030235290634 0.14553230787839055