6 0.6273515885245836 0.38154505572814645 0.03614144101378489 0.21124752404661712
28 0.5475368019554517 0.3788590545470202 0.08040058729031259 0.2346503077118811
23 0.751406684364271 0.37017599139284346 0.0336333836430903 0.17056796034428628
23 0.420992485751042 0.3840599644358195 0.036104420212222446 0.17611855589778252
23 0.5919953167730906 0.37417898903059077 0.038648191963715384 0.18479415145127884
6 0.1748078167730906 0.38874749755292926 0.0511306613785071 0.21801587921876023
28 0.47317258159072945 0.3752008304077358 0.06457491232843751 0.19194445253973794
23 0.2965918977951392 0.3805852787711225 0.03287031743868072 0.1713219284931209
23 0.26052711122600725 0.3763714939247322 0.03832088364309048 0.17073165145127883
6 0.38930607465687533 0.3664012384824366 0.03287031743868072 0.1713219284931209
23 0.7180486704965628 0.34788432914179146 0.03446983824024326 0.20650546034428627
1 0.0624519807170489 0.33168402041842004 0.11701219414791693 0.33194445916315996
28 0.543044751234271 0.15226927269585472 0.07480389751079883 0.19542411660488854
28 0.4702793984607293 0.15011898485423955 0.07193281743868063 0.17268602105139222
23 0.5859043984607293 0.1460812708817562 0.0396294637152085 0.19341518330244428
23 0.7428447294827778 0.1366913687975052 0.033288544737257196 0.18929067849312084
6 0.38425097948277787 0.14921373848243663 0.03982883225631957 0.1684424651536097
6 0.618625979482778 0.14102918313280824 0.041610191013784895 0.21143849700477507
23 0.28890211189159737 0.1509796243246188 0.03701295678135432 0.18161458774894798
23 0.416936192913646 0.14259915073348864 0.03617715539458342 0.1792435558977825
23 0.7130117591180557 0.13147807914179147 0.030218096124027836 0.19152530108845908
6 0.8637748253224654 0.12543143186686387 0.05937957247267391 0.23703869773041455
23 0.254308906344514 0.14280502577589765 0.04031979473725702 0.18953621515360966
1 0.94453125 0.12666412668687152 0.1109375 0.25332825337374304
23 0.7275379989531603 0.6212127017371298 0.038884581306389165 0.19495040145127868
23 0.26501981515757 0.6365823076270631 0.04101012575930572 0.18565724700477518
23 0.8486499327487506 0.6177652648064884 0.0370493243725349 0.1831770877489479
6 0.6313351461796186 0.6198808694304774 0.030018074372534898 0.1829315510884591
23 0.8134027637707991 0.6150866981089326 0.04061073546670144 0.20203621515360978
23 0.4258118447928478 0.624712246286985 0.03921188962701407 0.20901290145127885
23 0.3000669623840283 0.6306671243246188 0.029799868825451537 0.17355655108845908
28 0.47497604340607696 0.620649739663563 0.06875391926229177 0.20379961179556502
23 0.7601686609972574 0.6122543639881817 0.036668117875520954 0.2003373058977825
6 0.3960697934060769 0.6234052066312712 0.037521449847500145 0.16992311960011328
28 0.5499033082237158 0.6149056819516818 0.0795829696991321 0.23306052586071574
23 0.5997578378589935 0.6069096434770944 0.03744936787552113 0.2003645877489479