6 0.4379059223964239 0.30199099254844514 0.06811683320625014 0.14326718034206723
6 0.27059113582729194 0.30333461114124505 0.1093782660519099 0.1722662722431214
6 0.1416303344405211 0.3062433883272823 0.10365494291364596 0.16110593775644108
6 0.3456769352172925 0.9759152652858581 0.08019664627652778 0.025122016805913815
6 0.2119013472613897 0.9735462934604786 0.06962282218833335 0.04030134783255335
6 0.4685143699628133 0.9451043225865012 0.06809734298989589 0.07536209733826169
6 0.6283030247887159 0.7211999544879929 0.15590777393569458 0.1593325321289532
6 0.07688403552229221 0.6490476536503216 0.11197593597979179 0.14973735623551027
6 0.07331935837621567 0.4622970701522243 0.11829867116215291 0.15311702422028778
6 0.6458288315907295 0.36546194905078544 0.07801851006798621 0.13274351581733076
6 0.7230452950215975 0.35684168273916306 0.08023497349885425 0.12737026631162235
6 0.8157594718833338 0.34211599646559676 0.11257469481350704 0.10839477323170463