6 0.4997889394493583 0.8461372455390684 0.04973691800604527 0.04539036647693564
6 0.3786860987825856 0.8474696948077198 0.02100339067472685 0.0597295560063543
6 0.3994525847787676 0.8189765020318902 0.02093975600731781 0.0542608060063543
6 0.4875338401097677 0.800248047081196 0.07451019867918127 0.09346935633066593
6 0.19903441410722233 0.7865300150175336 0.041733514003818015 0.02884774878218401
6 0.7412037327736769 0.7755035970017656 0.04335964867122701 0.03434377232113448
6 0.30289521077335874 0.7808100746773361 0.04615793200986316 0.07344718262956
6 0.23171964477240423 0.7750197706995765 0.021739187340863265 0.055836942775829713
6 0.2567105541056315 0.7738021440763712 0.01931362133990877 0.04876478246740419
6 0.3628151034372679 0.7594475434277481 0.05636872601049951 0.07831196063273715
6 0.19949749077017706 0.7591726282480585 0.04797442333704529 0.02817559293798535
23 0.7393048781030862 0.7466246205407161 0.04341419267186346 0.039031272321134305
23 0.8290940841024499 0.7403688920510716 0.042614761338317916 0.037455135551659066
6 0.9966122452160091 0.7248688027665342 0.006775509567981786 0.030727848620028198
6 0.20145034209894996 0.7255379679396331 0.04722953600413611 0.03128695616851011
6 0.3973895507638137 0.7088338888013653 0.022456802673454224 0.05038182954530477
6 0.4871878474299501 0.7033594103117208 0.054688594684908234 0.13530230032431162
6 0.255092962762541 0.7019407808458463 0.0241829346753633 0.06447160308425506
6 0.19716228409449563 0.6927936517870089 0.04170624200349984 0.026503998782184013
6 0.2978253554264503 0.680878258524712 0.05470622867599957 0.06969093709378668
6 0.39378274542485936 0.667482185879266 0.09604884400859053 0.0649449358759707
6 0.19605377009067765 0.664682288556484 0.040952264003817976 0.02883411201270878
23 0.24112082208781413 0.6427976059269241 0.04877385467059074 0.029751729707460584
6 0.40102253341817795 0.6181270681845143 0.026363052673454134 0.050450013392680584
23 0.17865609006999678 0.5126112739459875 0.020140324673772404 0.05268466923687924
23 0.22630324940322408 0.510998181008002 0.022411349339590637 0.04647557954530477
23 0.20440097740290591 0.5090362605533068 0.024764190006363318 0.04729773985373029
23 0.17077995540258772 0.5072788916407391 0.04696645401018133 0.07580456939903506
23 0.12503110339749704 0.47056982427029903 0.04573067067154524 0.036728432629559826
23 0.12852827339272455 0.4353453904229232 0.04726589867122706 0.034411956168510116
23 0.1305265780553611 0.40561698011449765 0.04872840133672711 0.025845479707460584
6 0.4263566987189521 0.3777923944834082 0.04176987667090888 0.031972748782184014
1 0.7208788580521794 0.3718700823912691 0.17160775342135964 0.6513012215897858
1 0.9176993140515431 0.3637461164835263 0.16459468475490482 0.6527409906645092
23 0.13018113271799764 0.3759294801144976 0.053461354670590745 0.029833550324311543
6 0.99626756735359 0.3076403924581086 0.007464865292820022 0.053315914772652385
23 0.13696638737268002 0.28751186241974597 0.040143742003499835 0.026476725243233724
23 0.13426810136854384 0.25708402272817144 0.03720055533895428 0.04204717816533297
1 0.4253919933561353 0.16548685795551904 0.28203398671227065 0.3309737159110381
1 0.42225790268936264 0.1647328814944694 0.2820158053787253 0.3294657629889388
6 0.6217670066836356 0.11417240503671504 0.02719884667409058 0.05515115016215581
6 0.14597666601686288 0.12169594764709354 0.031913618674408714 0.057576720779006815
6 0.9051147613383179 0.020927370947753154 0.040979536004136105 0.031177862012708835
6 0.7144897613383179 0.02425474269969463 0.045603401336727245 0.025790932629559858