9 0.7929078112177947 0.5128565723617079 0.1946531275644105 0.9742868552765842
23 0.3506818660469799 0.6483061022617362 0.013214924410568152 0.03712797776748147
23 0.26621136555268826 0.64770341233587 0.014155341901054186 0.04106150961864685
23 0.2348021980622023 0.6505183882892529 0.011779758402956997 0.040198414065150526
6 0.6917061140698134 0.6696032712210283 0.027083764828747546 0.07115823738612832
23 0.24845352118017616 0.6995015253125615 0.015063925893442942 0.04421379146981223
23 0.2804847711801762 0.700620081210344 0.014936591901054185 0.04108879146981224
23 0.26329727118017615 0.7000198804847046 0.012720175893442941 0.044131945916316084
23 0.23273302068588456 0.7012996382892529 0.018348093383928975 0.04822916887447395
9 0.9451003695070209 0.6359549244015876 0.09031716015047415 0.7280901511968247
6 0.6790774855911819 0.8835293619652009 0.01246550790866543 0.037881945916316086
23 0.5454519020930847 0.8796454154159129 0.013964340912471052 0.036374009618646855
23 0.49535640159879313 0.8802431269413254 0.013342258402957085 0.04025297776748147
23 0.5087013185949875 0.8791444184111379 0.014681923916276674 0.03483879146981224
6 0.6414501515987932 0.8853448331092606 0.012561008402957086 0.040225695916316084
6 0.6641700685949875 0.884573506793058 0.01480925790866543 0.037963791469812234
6 0.6296995681006958 0.8857168553417791 0.012928422927693362 0.030096727767481467
23 0.5304808181006958 0.8822520602437699 0.01405984140676253 0.03871775961864685
23 0.6769764747167669 0.9350918619652011 0.01480925790866543 0.037963791469812234
23 0.542601474716767 0.9303993835647475 0.014250842395345843 0.04340525961864685
23 0.6636633912186698 0.9354093204953887 0.01562234140676253 0.03877232332097762
23 0.4917565577205726 0.9301885632389947 0.01405984140676253 0.03871775961864685
23 0.5300059742224754 0.9323066239461006 0.013964340912471052 0.036374009618646855
23 0.6003503077205725 0.9339807405509891 0.01249734140676253 0.03866319591631608
23 0.5534434742224754 0.9331250794810636 0.013437758897248565 0.04259672776748147
23 0.5854428907243782 0.9350248853788461 0.01402800790866543 0.03793650961864685
23 0.6401940577205726 0.9353721149604259 0.013119423916276674 0.03478422776748147
23 0.5026622242224754 0.9313517591553108 0.013183090912471052 0.03634672776748147
23 0.479942307226281 0.9321230854715132 0.015686008402957086 0.04033482332097762
23 0.6268491407243781 0.9364708234906137 0.01480925790866543 0.037963791469812234
23 0.4702052098880193 0.9941884013566493 0.031232753954332716 0.01162319728670127
1 0.5702370433861166 0.988915586156706 0.1649365919010542 0.02216882768658799
28 0.5906422460456673 0.03940236133222893 0.07496550790866544 0.040064494009550235
23 0.48955724851712523 0.0241369706807233 0.027884919467652303 0.014236114790789978
6 0.4374535790494729 0.03561761850380506 0.024311591901054187 0.041416173683797394
6 0.657925246539959 0.03940485053245574 0.052118256920082116 0.03458582032575282
6 0.48783823961987666 0.06632447068072331 0.03260425296574958 0.015181055897782536
6 0.5230608152093085 0.10432546768549841 0.031169086958138338 0.018251492195451656
1 0.6081414693539215 0.16675603501602634 0.087622016805914 0.08263393992586625
6 0.5203549678710468 0.1707317176854984 0.02872983646384668 0.01582589664195542
6 0.5194636299243254 0.19260671768549842 0.027358337452429993 0.020458832939624562
23 0.6177127875289796 0.2390675446346732 0.01581334239534584 0.04345982332097771
6 0.6332741205327852 0.24117568165798176 0.01405984140676253 0.03871775961864685
6 0.5863991205327851 0.23953877058805606 0.011907092395345842 0.04332341406515052
23 0.6027417035365907 0.2416741894625301 0.01477742441056833 0.03718254146981224
23 0.5173626190499105 0.24416921768549843 0.030356003460041237 0.017442960344286274
6 0.5508781146012861 0.2664633691367772 0.028012253460041058 0.017361114790790035
23 0.5180974480993834 0.26453628138782925 0.03276342045623544 0.019087305897782514
6 0.515675443650759 0.2855754676854984 0.030419670456235438 0.019005460344286275
6 0.5500504436507591 0.2867758691367772 0.03210950444862419 0.02218502404661713
6 0.6697581071869123 0.3058210242162531 0.09477794220506545 0.12423116288402421
6 0.7157908487839554 0.34732896713734424 0.02879350346004106 0.017388396641955416
23 0.5133197647915665 0.3433879676854984 0.026226918973360824 0.011837801088459088
23 0.5115516763505534 0.367579435834333 0.03214133794672147 0.02296627404661713
6 0.5467397598486506 0.3680258691367772 0.03458058844101295 0.02539186960011346
28 0.6593259900769872 0.465840864960426 0.09047244418223173 0.13344247177703164