6 0.6320461852013608 0.40672023701598886 0.03858881796350015 0.2103380571815922
28 0.5521677122432027 0.40078787870292826 0.08310270979613214 0.23246758723582167
23 0.756019398540872 0.4004116705628184 0.035607661702897885 0.1697039668225127
23 0.4256324940943682 0.4008328096174793 0.03814238466105593 0.17518635236113217
23 0.596589834838541 0.3979219539366974 0.0407862350238755 0.18379373789975162
6 0.1794023348385411 0.39549482806243946 0.053650822772823584 0.21667441559284875
28 0.47773070743387935 0.3941060866466465 0.06678573983319894 0.19019372882456526
23 0.30114092558271394 0.39229762607064966 0.03485369355406327 0.17048067164297293
23 0.26501245262455597 0.38661979781181843 0.04029516170289789 0.1697312378997516
6 0.39372772966639796 0.3819010024358869 0.03485369355406327 0.17048067164297293
23 0.7223884430059091 0.3767832730221465 0.03686262685650767 0.2056414668225127
1 0.06633685044763772 0.33391191256778663 0.12083337748947971 0.3287613251355732
28 0.5450372254052287 0.1742299238824681 0.07705111723786082 0.1933778161585828
28 0.4722172842982362 0.16911972218526589 0.07391619355406327 0.1707079306199634
23 0.5878422842982362 0.16979240875715762 0.04186758538669526 0.19239203307929137
23 0.744737125042409 0.16679973984465918 0.03548117613086817 0.18844942164297293
6 0.386143375042409 0.16471350243588692 0.041775816149401554 0.16739657825883122
6 0.620518375042409 0.1660770562978296 0.044057567963500154 0.210369873438371
23 0.29077631134007814 0.16259649053203024 0.039114607619213794 0.18065964754067196
23 0.41876490208425105 0.15943564997655887 0.03825151206571746 0.17831135236113216
23 0.7148313702330856 0.16037702302214646 0.03243802168436431 0.1907749909248137
6 0.8655853383819203 0.16047299267332957 0.06211808720079404 0.2354698673882468
23 0.256073929126093 0.15302150263227865 0.04251242613086816 0.1884903282588312
1 0.94453125 0.1476826220636289 0.1109375 0.28502041549465285
23 0.5346751003628197 0.011702652805229263 0.03810020072563951 0.017405668617910826
23 0.7087847229581581 0.009591227842606638 0.03553819591631609 0.011142033079291399
23 0.573628472958158 0.008804911782219704 0.03163194591631609 0.011119307181592352
6 0.6016716274046617 0.006624788245652824 0.04084325480932342 0.00648634933607006
23 0.7350620909138088 0.6502389537403056 0.041140899089026205 0.19394998789975162
23 0.2725348090626435 0.6467669574527388 0.04315726687504098 0.1845886234383709
23 0.8561831227649744 0.6517247065689761 0.039169171321544384 0.18222214754067192
6 0.6388046498068164 0.6449923966569091 0.032137921321544735 0.18218124092481353
23 0.8208904635091472 0.6476139234896847 0.04294893574951501 0.20099032825883115
23 0.43325405425332003 0.6414532644379395 0.041631972410003826 0.20801248789975163
23 0.3075273679556509 0.6422839905320302 0.0318105391075596 0.17280624092481373
28 0.48239095869982374 0.6393958607489474 0.0711012176006804 0.2019352047222643
23 0.7676017724021547 0.6426173512809776 0.03898812204718425 0.19940510236113215
6 0.4034847086998237 0.6389367976154267 0.0394866298517325 0.16894544272021186
28 0.557281831295162 0.636707197984769 0.08226689609380138 0.2309005420562819
23 0.6070635764858385 0.6307480894753168 0.03976937204718425 0.19940964754067192