6 0.20530319303924288 0.9805040696746243 0.1059993710184525 0.03654200887879462
23 0.561416685146735 0.9807752178044714 0.08307010523343691 0.03172269867214013
23 0.5593683377352188 0.9354899888817101 0.07482496572854576 0.06447611133812288
6 0.21903103504791305 0.8788961178792262 0.10252430247554419 0.16460337636523725
1 0.8769393294897749 0.5650173658361226 0.11123987884037305 0.11310905405833438
1 0.024438454119192453 0.4966704669207086 0.048876908238384906 0.271498270979043
1 0.09922312414339864 0.4820716357350111 0.11090449182514354 0.295076671544777
1 0.4729182293768356 0.4486581302740621 0.12987429970353387 0.3123687106741926
6 0.24810023990017935 0.44684214198152705 0.08427483141473928 0.17308804205628192
1 0.5778710398860619 0.4300848713952675 0.13363633653523693 0.323324391392352
6 0.9306459713431536 0.29995090203867203 0.08253032089139581 0.16995395169720223
6 0.4465964660108945 0.23013538925105256 0.06582866830291198 0.12455963846548564
6 0.6200717633659412 0.2150684045727548 0.09213356306947507 0.0934732649289188
6 0.001574604681608754 0.20543238856368157 0.003149209363217508 0.08991647287263689
23 0.19146862123021405 0.1855415484991895 0.05002165777956833 0.12134373487468952
6 0.08822950014117434 0.1478738977370637 0.11211213410204497 0.11467609923787418