1 0.29765625 0.0078125 0.08203125 0.015625
1 0.20390625 0.009375 0.06484375 0.01796875
1 0.41328125 0.01953125 0.0828125 0.0390625
1 0.5234375 0.0171875 0.075 0.034375
1 0.6359375 0.028125 0.075 0.05625
1 0.753125 0.03671875 0.08828125 0.07265625
1 0.98203125 0.00234375 0.0359375 0.00390625
6 0.2875 0.04140625 0.04453125 0.03515625
6 0.19140625 0.05 0.0625 0.03828125
6 0.63203125 0.059375 0.046875 0.0375
6 0.51640625 0.0609375 0.05546875 0.0328125
6 0.40859375 0.0625 0.0421875 0.04921875
6 0.7453125 0.06796875 0.0609375 0.0375
6 0.94453125 0.0875 0.0234375 0.071875
1 0.97421875 0.0953125 0.05078125 0.07578125
6 0.26796875 0.225 0.278125 0.15859375
6 0.93984375 0.2984375 0.0640625 0.0421875
23 0.17421875 0.36796875 0.04453125 0.0234375
6 0.94453125 0.37265625 0.05546875 0.08203125
23 0.17421875 0.39296875 0.040625 0.0328125
6 0.278125 0.40625 0.04765625 0.0171875
6 0.2203125 0.41171875 0.0421875 0.025
6 0.9296875 0.42421875 0.0296875 0.04140625
6 0.1703125 0.42890625 0.05 0.040625
23 0.17265625 0.459375 0.046875 0.03046875
6 0.94296875 0.49140625 0.0546875 0.071875
23 0.17265625 0.4921875 0.0390625 0.0265625
23 0.1734375 0.521875 0.0484375 0.01875
1 0.78203125 0.53125 0.10078125 0.09921875
6 0.70625 0.5390625 0.0234375 0.0640625
1 0.5390625 0.53984375 0.15625 0.66171875
23 0.1703125 0.55390625 0.04296875 0.0375
6 0.17265625 0.58828125 0.04453125 0.034375
1 0.284375 0.6375 0.165625 0.41796875
23 0.38984375 0.67578125 0.0453125 0.0296875
1 0.77109375 0.6984375 0.109375 0.125
6 0.940625 0.71796875 0.06796875 0.071875
6 0.6875 0.74609375 0.02734375 0.08125
6 0.93203125 0.76796875 0.04375 0.03203125
23 0.37734375 0.78125 0.01796875 0.06640625
6 0.40390625 0.78359375 0.03203125 0.0734375
23 0.4359375 0.784375 0.02734375 0.06171875