6 0.8573821687619049 0.6719071277831798 0.01272781401177241 0.08712797776748146
23 0.7824094407622229 0.6768699354950609 0.010438608012408502 0.09173363221398514
6 0.7949276220957684 0.6779959258764141 0.012573272676635838 0.07384672776748147
23 0.8691736440960864 0.6777479000156985 0.00879429201145392 0.08464781851165419
6 0.8927747760979955 0.6909919444807355 0.010284066677272108 0.07845238221398514
6 0.9133150901097677 0.7770286482015999 0.010229522676635839 0.07376488221398496
23 0.12516110944458578 0.8154935360275168 0.008667022676635928 0.07371031851165455
23 0.16662190344522212 0.8187350979157489 0.016915874681726572 0.11148313702330874
23 0.07915826611231301 0.8249156652462769 0.01189202001113585 0.08241319591631609
23 0.2303218714592215 0.9196775498225147 0.01613462468172653 0.111455855172143
23 0.1929582314608123 0.9327058286784553 0.010356792011454008 0.08470238221398532
23 0.20548550346113048 0.9346130690598085 0.007985770011135873 0.08227678666048881
23 0.1789230034611305 0.9355406519994329 0.010329520011135873 0.08235863221398532
23 0.14378493479467594 0.9383308353018773 0.010356792011454008 0.08470238221398532
23 0.21724061612822138 0.937328841292327 0.010074981341499622 0.06048363221398532
6 0.582684350135221 0.9761507167980721 0.017269316000954403 0.007631450725639155
6 0.6381712814687666 0.9757762053653269 0.01567954400063627 0.005233137023308387
6 0.610028100135221 0.9751958520072822 0.016488066000954406 0.0076041688744741265