1 0.734375 0.07890625 0.43984375 0.15703125
6 0.37578125 0.05703125 0.08125 0.1140625
6 0.303125 0.03203125 0.04765625 0.0578125
6 0.2421875 0.07734375 0.03828125 0.03984375
9 0.13984375 0.15 0.09609375 0.3
6 0.303125 0.1046875 0.05234375 0.0515625
23 0.23984375 0.11953125 0.0375 0.03203125
6 0.2390625 0.16015625 0.0359375 0.04140625
23 0.2421875 0.203125 0.046875 0.028125
23 0.72890625 0.3203125 0.02421875 0.06953125
23 0.75546875 0.32421875 0.01875 0.06953125
23 0.796875 0.32265625 0.0234375 0.08125
23 0.77578125 0.328125 0.0109375 0.07734375
23 0.69765625 0.32890625 0.01953125 0.0578125
6 0.46171875 0.35078125 0.0484375 0.0515625
23 0.38046875 0.35546875 0.01171875 0.046875
6 0.3609375 0.35859375 0.01328125 0.0453125
6 0.55859375 0.37890625 0.02109375 0.09296875
1 0.275 0.4 0.12890625 0.1578125
1 0.27421875 0.403125 0.13671875 0.15703125
6 0.73203125 0.4359375 0.01875 0.065625
6 0.703125 0.4671875 0.021875 0.06953125
6 0.36875 0.525 0.0171875 0.05703125
23 0.715625 0.54140625 0.01875 0.06171875
6 0.48984375 0.54296875 0.1265625 0.22265625
23 0.6921875 0.54609375 0.0171875 0.06328125
6 0.74765625 0.553125 0.0375 0.09921875