6 0.7441448999298276 0.9752954071070132 0.12355700870642713 0.020042355907673937
28 0.7381438834214842 0.9652664436761451 0.05040279172311415 0.03862739532659702
6 0.7945676238105458 0.9224964090068744 0.04456554952502998 0.03146885875746541
6 0.5756129059227213 0.9236816217721524 0.077241930687266 0.08919109298989589
23 0.6279799101065928 0.8184297708984717 0.01935750961093845 0.04180629350298624
23 0.6473064422187684 0.8140689260087148 0.023673195386587232 0.04970971248093754
23 0.6938129500206847 0.805946648273298 0.020507251809022263 0.04885572729857657
23 0.6700069578226007 0.7994609121410063 0.02572701831736559 0.059121080072118026
6 0.8538120697629598 0.7693701025861104 0.14203144900463194 0.14922136284152784
6 0.471169988125754 0.7516812948341662 0.023181872455808696 0.04033471248093754
6 0.6460881009706243 0.7460456246219439 0.019766945386587055 0.04961879350298606
6 0.6679221573930594 0.7447552283454162 0.023796026119281777 0.05205346248093754
6 0.5139749638154946 0.747556186076701 0.021288501809022264 0.04887391109416654
6 0.49201807666036484 0.7465028323532288 0.020097816033373662 0.04104322729857657
6 0.6912777702379296 0.7426472144777078 0.027988881162236013 0.05761313145888884
6 0.6240493266603648 0.7434297708984717 0.02634449400710608 0.05601426386770836
6 0.5387702459276701 0.7430680546178121 0.023836969696846566 0.05283471248093754
6 0.8095530574384879 0.656198608570034 0.0649532926276251 0.06315526985163196
6 0.9038862336031983 0.6203682517124298 0.06906093848918218 0.0819780050339931
6 0.820056788216611 0.5730406164538188 0.07707483435073925 0.10089165919430557
6 0.9158705772261916 0.535611392005034 0.06893478573022023 0.09445982123840295
1 0.5815807864075888 0.5300946227220829 0.1703512008136542 0.19825892809600704
6 0.9820162798219976 0.4328662920812839 0.035967440356004944 0.09351491707809031
6 0.8227613070998036 0.4306167271111452 0.036128929782754685 0.06404496941479162
1 0.8161051933504222 0.40808776368027716 0.08409611827193722 0.1455320119678472
1 0.9230578782215598 0.3891721498888187 0.07583656094499105 0.12193085780753474
6 0.9788910100064083 0.33366572587687415 0.04221797998718344 0.0740200346692709
6 0.5356563755080265 0.32544414352364537 0.023014776119281776 0.05203527868534721
6 0.43010573835289667 0.326336455928333 0.030909163274411712 0.05377961664124999
6 0.4574085447753317 0.32491877308267325 0.030660179782755037 0.06391768284565975
6 0.627680101197767 0.3201734556439925 0.027903671980838853 0.0708761976632987
6 0.4822857140426372 0.32199314162378434 0.038145131162236015 0.05784952080156254
6 0.558107907620202 0.32101056345152734 0.02955470318850324 0.04282393284565975
6 0.4033794640426372 0.3238297049784024 0.03242739767057934 0.06786030043684033
6 0.5095885204650722 0.32057545877812454 0.032389776119281774 0.05225348423243066
6 0.5877135204650722 0.31875707921909674 0.02864397840327406 0.07011313145888894
6 0.6822038268875075 0.315775589952673 0.029138623360319825 0.06466256525447918
6 0.7079031897323776 0.31361302469819385 0.02182076831736559 0.05903016109416672
6 0.6547781897323777 0.3148495227983328 0.02889296189493056 0.059975065254479175
23 0.8558217113291036 0.24055411835367985 0.026634421076327897 0.04665744766329869
23 0.8938572998637145 0.23497561236975623 0.021455598145549003 0.03717334488975697
6 0.4181645810713789 0.2178881762930552 0.08454317559888339 0.16895132817225705
6 0.5218384577110591 0.15133449629718707 0.14222952283992144 0.18277874525034737
9 0.6730391095655099 0.1110517223614925 0.16844014077317446 0.10223791327836818