23 0.07569033102204861 0.0020330813264069257 0.008775587955902785 0.0040661626528138515
23 0.07401676861736102 0.10536252939864217 0.015283427146076533 0.1872919600859083
6 0.05515701263343738 0.1445854816826343 0.021568488316493162 0.12207639586155702
23 0.09389220431281237 0.1566008028043905 0.023040069338541767 0.11825203301668674
23 0.17780869016076356 0.37302698496199466 0.011576545687187644 0.16212818577564878
23 0.1997382415475344 0.3695368147901781 0.013429986416632112 0.17471007293077853
23 0.18874619016076358 0.3724537748760864 0.011612913278368175 0.16369068577564877
23 0.2120564035916316 0.3766942175491401 0.01186748641663211 0.1746281857756488
23 0.14485071979604133 0.38099661521971945 0.010358884593020968 0.1433372421980838
23 0.15586095497840247 0.3772984051338112 0.014465809554895959 0.18568851650834334
23 0.1666166170224997 0.38453769504790286 0.013302699847500144 0.16924132293077854
23 0.1229211684092705 0.38448678539153597 0.013956663278368175 0.16381351650834333
23 0.11187456563572884 0.38974749547744425 0.013029942913645964 0.15752257293077854
23 0.1345671832269094 0.3869976317280628 0.011776567438680718 0.1707219357756488
23 0.22230291935920105 0.4058085074632318 0.009068488316493184 0.12142129862051902
6 0.03854355556774262 0.523119917458283 0.01833373233256952 0.08367231512886235
6 0.19651905651767315 0.5413708712126132 0.012521449847500143 0.16920037935321375
6 0.18480030651767315 0.5419850248760864 0.011722016051909857 0.16837818577564878
6 0.20820143892649262 0.5423192175491401 0.013011759118055721 0.15674132293077853
6 0.17368096856177034 0.5503707349619946 0.012920840140104329 0.15283507293077853
6 0.11826676994854121 0.5509339789691008 0.013157229482777932 0.16299132293077853
6 0.14166790235736065 0.5512681716421546 0.011321972548923753 0.1511906857756488
6 0.15249629958381897 0.5553824615562464 0.011957752184201541 0.14498162935321374
6 0.1297309468102773 0.5612573253056278 0.012939023935694571 0.15361632293077854
6 0.2188479981970481 0.5542460074632318 0.013974847073958508 0.16459476650834332
6 0.16261618199263841 0.5564126950479029 0.011994119775382072 0.14654412935321376
23 0.036724522798332805 0.6347977238807182 0.020296275835555645 0.10094170228399228