6 0.8799238573360908 0.007991727105253416 0.06609771467218159 0.015983454210506832
6 0.7667516953373635 0.01707513204383488 0.04123407467377227 0.03415026408766976
28 0.27104884400859053 0.06016127568301851 0.11319143801718105 0.12032255136603702
6 0.4806238386775904 0.0665112692668369 0.024701102681408394 0.10927571159934021
6 0.5056874733449994 0.071252593560874 0.02379258334659031 0.09831547954602889
23 0.5611653140117723 0.07041986777576882 0.023719858012408678 0.09206547954602888
23 0.6142994046785449 0.06965533815059767 0.023747130012726637 0.09440922954602889
6 0.5869738360120904 0.07201346001649458 0.024728374681726527 0.11161946159934022
6 0.5330675860120904 0.07358197169497707 0.022984061346272178 0.09594899749271753
6 0.6432783800127266 0.07506425217807805 0.029615869350726597 0.12894335391920825
6 0.7581221300127267 0.071722640341311 0.04349600867281787 0.04656276293212373
6 0.8542158800127269 0.06892659778401611 0.021448833346590136 0.09824728338609487
23 0.8042795146801357 0.0758501991959419 0.024528380012726815 0.09443196159934023
23 0.7035982620146356 0.08737638407310484 0.06814202001113578 0.08398620658477526
23 0.762964718690317 0.15207773007475428 0.044331802673454136 0.05127299498543505
23 0.7046527793602715 0.1780013840731048 0.06806929467695397 0.07773620658477531
23 0.48440391402768057 0.18988057310690287 0.025236904678545002 0.08820469365265157
23 0.5617567546944533 0.18841134982908017 0.02454656134627218 0.09599446159934022
23 0.5070965266947715 0.192346343560874 0.021403380012726812 0.09434103338609483
6 0.5344675486950896 0.1938944716949771 0.02379258334659031 0.09831547954602886
6 0.04026520472626999 0.43803955760098967 0.0338221113542263 0.154838264185765
6 0.008333952060769933 0.4475653217867547 0.008159040022271701 0.16424435642649068
6 0.6728328040658607 0.4657430764721152 0.03185962201622665 0.12041780007914227
23 0.1740782254137236 0.5873228405913731 0.030269850015908338 0.11802858597251956
23 0.363940156747269 0.5833614516367174 0.031005646682044752 0.11414506802583091
6 0.07178901941435992 0.5949882395751587 0.049827824673772406 0.05377586935861452
28 0.07522419676954072 0.7558802754685361 0.13489481003340756 0.24993546700961655
6 0.536252603437268 0.7502808640148452 0.0327408693507266 0.12903428213245363
6 0.5682565814369498 0.7470050998290801 0.02878007535009015 0.12423312186589683
6 0.27219010343726796 0.7579642980340783 0.03039711935072642 0.12896608597251955
6 0.23786055677113155 0.7628707583797771 0.033449394016544697 0.12280701418576498
28 0.4051935074394951 0.7705060989711503 0.11914254069858946 0.23854332594338956
23 0.32262700278481277 0.8612196786754638 0.05080906934277234 0.07098610141192588