6 0.3049443762095372 0.10303510563506793 0.01707337891096028 0.03871315901291546
23 0.34288472099021766 0.0557592888628782 0.030316831555913647 0.025059835972519595
23 0.5366424262660069 0.03681775758835439 0.032296560509226246 0.018878032132453627
23 0.3411024131118273 0.038594520916189534 0.03137880261671846 0.01651155007914229
23 0.34239960260260105 0.020557574756255515 0.033904563140062204 0.0197047462390763
23 0.5751665999717652 0.013002172869476029 0.03707506577089816 0.020576924452321666
23 0.5336770499858826 0.005021154460568955 0.038683068401734036 0.01004230892113791
23 0.13032453683170292 0.009141667788404095 0.013774073663405861 0.01828333557680819
6 0.14374895698899198 0.9497750279758185 0.03211454998588259 0.015753032132453625
6 0.14238387806391425 0.9263375279758186 0.02669130261671846 0.016375157759274117
23 0.17455934123221134 0.9144452817367423 0.018772386803468065 0.04110237311953817
6 0.9980432298805011 0.7946276282671171 0.003913540238997726 0.036755853919208194
6 0.9820316650367914 0.7641732501330141 0.034260878910960454 0.039213264185764984
23 0.16087773087827684 0.7332862099499875 0.019462631541796237 0.03956260517284953
23 0.1280659599021766 0.6536358138691958 0.01937162628012441 0.03800010517284953
6 0.9627671835938173 0.6215227488793728 0.026918815770898163 0.020281407759274294
23 0.9820723784874372 0.4558379129068532 0.034041071032569904 0.022048496239076343