1 0.3319033486134376 0.9815114888161567 0.08437104586008468 0.03697702236768663
1 0.13421982507448732 0.9769199427124207 0.10551934293798534 0.04616011457515867
23 0.396856192769239 0.9918597870148371 0.026149442775829625 0.01628042597032575
23 0.39551583522075706 0.9625875458560003 0.02701251339268058 0.026554139812585476
6 0.14690105721757982 0.945202502902994 0.0261085324674041 0.019500157759274116
23 0.22965901013967915 0.9444871005539959 0.012427862012708868 0.04096598079967038
6 0.3366629866007288 0.9460388918576497 0.028493192775829623 0.02191210391920819
6 0.928281696422687 0.885948770320957 0.018005706168510115 0.04737510517284917
6 0.9516782861142616 0.8842869819202974 0.012509682629559649 0.045653480799670375
6 0.8708140697994816 0.8592893304292293 0.025064229707460584 0.0491421936526514
6 0.9649249243091903 0.34048315762626025 0.07015015138161936 0.11617658095795465
6 0.8470558267026357 0.30341140346962514 0.12532510267721797 0.20120245031656916
6 0.6421404557614732 0.23966583755536525 0.08155573741809832 0.10934991943775678
1 0.26992453652459386 0.20931413017916714 0.08541712296975748 0.15162834765100214
1 0.3830830555993173 0.20557902790931154 0.07061823741809832 0.10903167069139794
1 0.516567711443516 0.20321620902555076 0.080992675729701 0.12182718738444542
6 0.33861030681713333 0.16289978292387644 0.01547104139585782 0.03636940901291545
6 0.21665348620028232 0.15466608260730733 0.013976725243233724 0.04023019490629278
6 0.45805973620028234 0.16169028708051156 0.007808545860084592 0.044735838479802045