23 0.00390625 0.12421875 0.0078125 0.03203125
6 0.5828125 0.14375 0.02109375 0.05546875
23 0.64375 0.1765625 0.02578125 0.03203125
23 0.009375 0.178125 0.01796875 0.028125
23 0.0109375 0.228125 0.021875 0.02421875
23 0.646875 0.23125 0.03203125 0.0390625
6 0.58828125 0.23203125 0.0390625 0.0484375
23 0.01171875 0.27734375 0.0234375 0.0359375
6 0.57109375 0.2859375 0.0328125 0.04296875
23 0.64765625 0.38984375 0.03359375 0.028125
6 0.5859375 0.440625 0.04296875 0.0328125
23 0.65234375 0.45078125 0.03125 0.021875
23 0.00703125 0.45390625 0.0140625 0.0359375
6 0.6921875 0.48046875 0.02109375 0.08125
23 0.58203125 0.49375 0.03046875 0.034375
1 0.30703125 0.51953125 0.36875 0.81484375
23 0.003125 0.528125 0.00625 0.02421875
1 0.8609375 0.54375 0.278125 0.35234375
6 0.57734375 0.5796875 0.034375 0.03203125
6 0.58984375 0.6890625 0.03828125 0.04296875
23 0.00625 0.715625 0.01171875 0.03203125
6 0.58671875 0.74609375 0.0359375 0.0359375
23 0.0078125 0.77109375 0.015625 0.0234375
23 0.65703125 0.81328125 0.028125 0.02734375
6 0.99140625 0.82734375 0.0171875 0.0484375
6 0.58828125 0.8359375 0.0390625 0.03203125
23 0.0078125 0.8375 0.015625 0.028125
6 0.9484375 0.85234375 0.025 0.10390625
23 0.65625 0.8765625 0.034375 0.0328125
6 0.58515625 0.890625 0.0375 0.02890625
23 0.0078125 0.90625 0.015625 0.04375
23 0.65859375 0.9203125 0.03515625 0.04140625
6 0.58515625 0.9390625 0.0375 0.0375
23 0.00703125 0.94375 0.0140625 0.03203125
23 0.84296875 0.95 0.01640625 0.1
23 0.6546875 0.97578125 0.03046875 0.0234375
6 0.5265625 0.97734375 0.0453125 0.034375
23 0.06953125 0.9796875 0.0265625 0.03125