9 0.5 0.05625 1 0.1125
9 0.5125 0.1796875 0.97421875 0.13359375
6 0.75234375 0.2453125 0.0359375 0.025
6 0.3328125 0.2953125 0.0171875 0.05234375
6 0.16171875 0.41171875 0.01953125 0.053125
28 0.91171875 0.425 0.034375 0.06875
23 0.9578125 0.43125 0.03125 0.0296875
6 0.11953125 0.4640625 0.03046875 0.02734375
6 0.084375 0.46953125 0.0328125 0.02734375
9 0.48984375 0.46875 0.43828125 0.146875
6 0.15625 0.47109375 0.03671875 0.03046875
6 0.93046875 0.49453125 0.01484375 0.046875
23 0.9296875 0.5546875 0.0171875 0.0515625
6 0.45546875 0.6609375 0.03515625 0.03359375
9 0.15234375 0.78203125 0.14921875 0.33828125
9 0.3453125 0.78828125 0.14375 0.28125
9 0.73203125 0.803125 0.53515625 0.39375