6 0.44926420179539817 0.000057633806227115615 0.010247153590796287 0.00011526761245423123
6 0.03529260538619426 0.022946426679022296 0.01433521077238853 0.04589285335804459
6 0.2745187318496274 0.04704735363212168 0.03184996369925477 0.09409470726424336
6 0.44963690651766247 0.056187935579878945 0.011410198672140126 0.08163194591631599
6 0.46527554205628185 0.05798604855657039 0.018368725799503237 0.06937748257680484
6 0.20607325887879457 0.09673112314349246 0.031218704624068484 0.1299702421954517
6 0.2377914123713949 0.17610859909687532 0.017760192622015936 0.09903770072563942
6 0.2761090238077134 0.1810217883897694 0.03052381303532483 0.14478671034428628
6 0.21442261094533915 0.3230480864830036 0.014726617093659211 0.24890129146981224
6 0.19725329166349836 0.326773287208643 0.017892523709517504 0.25604166887447394
6 0.42002771633153346 0.3393104596264961 0.012831798106406112 0.05746775961864685
6 0.01424132464459392 0.43318452223251863 0.014172105189802536 0.15358879146981225
6 0.42126348428551436 0.4174081777753306 0.013694861338122522 0.07155754146981223
6 0.23107936670087575 0.49984619945969505 0.013513575037377379 0.17465525961864686
6 0.27108674316430886 0.5265798250502582 0.01926360528799842 0.08893601442797028
6 0.4598088755796703 0.5957861489193901 0.017197632120773854 0.2708581370233086
6 0.2724815924021831 0.6320212931990928 0.019976677594901203 0.07724454627913566
6 0.4443929538385015 0.6322692859426986 0.011410719552987203 0.2159796640651505
6 0.2304077218906783 0.6530257631620259 0.019240879390299347 0.08502976442797028
6 0.6844957790722705 0.6684250076349123 0.009448243753483965 0.14717510036281975
6 0.525942935688129 0.6809944734214942 0.017106728529977744 0.2552331370233086
6 0.5408139567653677 0.6851636182493511 0.01569421945479128 0.28095982332097763
6 0.5551900741536147 0.7385787949283733 0.012868680423571633 0.19806547776748146