6 0.540625 0.21484375 0.03359375 0.39375
23 0.03828125 0.29921875 0.01484375 0.21640625
6 0.43828125 0.35 0.01640625 0.20859375
6 0.4203125 0.35703125 0.01484375 0.22265625
6 0.45625 0.3578125 0.0140625 0.2421875
6 0.475 0.365625 0.015625 0.20390625
6 0.36328125 0.3671875 0.015625 0.20625
6 0.49609375 0.36796875 0.015625 0.2078125
23 0.3828125 0.3671875 0.01484375 0.22578125
23 0.109375 0.36171875 0.01484375 0.21484375
6 0.4015625 0.365625 0.01640625 0.22265625
23 0.05703125 0.3734375 0.0140625 0.2015625
23 0.090625 0.36796875 0.01328125 0.2078125
23 0.0734375 0.37421875 0.0140625 0.22109375
23 0.12734375 0.36796875 0.0140625 0.209375
23 0.1453125 0.37421875 0.0171875 0.2390625