6 0.4955780716196525 0.33140389247065505 0.03034407627239588 0.13033927521477065
6 0.9284412037441314 0.5076942390343244 0.01987804853697952 0.08297295228399229
6 0.19184843389249948 0.6079408955228727 0.03148834897381954 0.1124524123699004
23 0.9269494792953467 0.6053095454567596 0.0199871513105208 0.08766045228399229
6 0.7087261561570828 0.6276703035973601 0.02529681962288226 0.3157854522839923
6 0.6905937519967702 0.6356432558813522 0.0206086664125003 0.2819869843961678
6 0.7258045533835411 0.6314570448909327 0.021608775169965712 0.3249557343961678
6 0.25863458396874944 0.6887128606971638 0.03050773043270851 0.13737052521477064
6 0.3962794011230897 0.7088095974681806 0.014229420212222265 0.17553226650834333
6 0.364920298349548 0.7151348405707757 0.01484701605190981 0.1685419600859083
6 0.6672081905420132 0.768739038898039 0.020750217514930648 0.08692014586155708
6 0.23241496324343683 0.80947241802411 0.013320883643090475 0.17002257293077855
6 0.2562336697404507 0.8253906671195989 0.036503157294444574 0.1267605738352895
6 0.3530157911313534 0.9248783327688596 0.010394598973819492 0.11134693577564861
6 0.42659810828569356 0.9483324429001965 0.011447299486909656 0.056001016508343326
6 0.012262851351839453 0.9817512890095805 0.014826219414791694 0.03354948439616763
6 0.2511253296003464 0.9778163042747285 0.03161367591180557 0.017262743102595124