9 0.3574567728678211 0.20259671741168792 0.7149135457356423 0.11745826999708431
6 0.5383708625571874 0.06014053093799208 0.044442290653194404 0.09712043969514968
6 0.4768885018998611 0.05160135877949086 0.04542356240468752 0.10320271755898172
9 0.34721918569545135 0.05119735868129499 0.04538719481350704 0.10239471736258998
6 0.34409418569545136 0.05121553939945424 0.05163719481350704 0.10243107879890848
6 0.4074118032866319 0.04945986926901235 0.04531445963114589 0.0989197385380247
6 0.7710748068989228 0.9696008475875543 0.04182513050895835 0.05179884933607006
1 0.5399897674799992 0.8967365610904172 0.4499675516711113 0.20259075233769117
23 0.2962943188667701 0.8958109071068376 0.056216245250347366 0.13312157220870696
6 0.23312282485069372 0.857902361829102 0.05436280452090294 0.12061248184962743
1 0.08339255860656225 0.8018165091733822 0.1667851172131245 0.39636243647369584
6 0.7979146363054508 0.7226031277399794 0.03779224715020853 0.07989657825883115
23 0.2653028112673258 0.6835199853656688 0.04994806145475703 0.1323039607723885
1 0.5349977154276383 0.6749206484244347 0.4679551386770836 0.237065746287567
23 0.8454273755718745 0.6278082573266704 0.095785931895729 0.054456216724316775
23 0.24479224914697867 0.5914642955723233 0.09360583605604171 0.06147383118569749
23 0.8513877412631938 0.5730934862494316 0.08575696846486096 0.059865879390299526
6 0.8838015041809719 0.5229116790678392 0.07423824021635425 0.06839145169720222
9 0.3613829764681856 0.4845870607958297 0.7227659529363712 0.11441962840834066