6 0.9825436888522139 0.8595860448689912 0.03491262229557215 0.10144709486680341
6 0.9149880200390633 0.8424568946787108 0.0725127392664234 0.09739626482874755
6 0.0966192265360771 0.8585990671864747 0.06628092306201397 0.09792284684397004
6 0.3325203589448965 0.8474228507611217 0.08401393692972228 0.12206068380210837
6 0.7995623885801744 0.8221364188989988 0.0672440110179167 0.10576718034206749
6 0.2221459033978132 0.8425363739928263 0.08176110590767367 0.12587143330781672
6 0.6693657423036465 0.8055457795831332 0.10845089247680573 0.13242252224312132
6 0.40653843398302153 0.802179334943791 0.10832360590767358 0.12695377224312168
6 0.9873837914835853 0.6710182933861166 0.025232417032829347 0.10087409190105419
6 0.32641191004732695 0.6521740177573161 0.07447528276940982 0.11464743182494193
6 0.9082431382958338 0.6198643116749053 0.06877079663711819 0.13783026384016442
6 0.22583002858843804 0.6312487055137572 0.04940189437666671 0.0769418433839288
6 0.1179629772016672 0.6332979782511702 0.07856337072531261 0.12261909931542796
6 0.805317506836945 0.599034499925638 0.0677888716752431 0.09564276384016442
6 0.6638021540634033 0.6001088630812303 0.057233231382639006 0.11160334486680376
6 0.4443066184442019 0.5769909925484452 0.08435942904593752 0.13690443380210837
6 0.33491147501746565 0.479789681787761 0.06197528276940982 0.1141380958553869
6 0.9055863445085073 0.4049250611806137 0.06786160685760408 0.09876776384016442
6 0.09328571304961841 0.41300006570360004 0.07792759109003482 0.12883726581733085
6 0.7881981695466322 0.3674807523970959 0.10031108415618065 0.11804168726214943
6 0.2013885005686809 0.3874814594680899 0.0979679873665626 0.15150810326976066
6 0.6536413315907295 0.36514361406981355 0.11521003875333342 0.154552190227899
6 0.42449869224805586 0.36431457901229186 0.09209919386357654 0.13409776878308027