6 0.7487728561746079 0.3826615320669576 0.023881235300678937 0.03866307954530477
23 0.7460739020815934 0.44905414529748244 0.02326375961093845 0.041774442775829715
23 0.4928670149264637 0.45503495860743753 0.020387743102595123 0.03157728246740419
6 0.5894963534610744 0.4580314991925164 0.02363557383528967 0.033975579545304765
1 0.6677065626424715 0.4699354354755242 0.1397949988683463 0.40363528896022594
23 0.4909017232033497 0.49253495860743746 0.02618404172311415 0.03792273985373029
23 0.7439038924706549 0.4904603952974824 0.02330470318850324 0.04255569277582971
6 0.5871625695398766 0.5025627491925164 0.022032130257724703 0.03316705600635448
6 0.9437434401866629 0.5049244955423637 0.021193326548823065 0.10652273538950344
6 0.7633222778167624 0.5369535657521777 0.015280841248144128 0.06817330154212761
6 0.5868516310506944 0.5829633153451406 0.015076123360319826 0.06426705154212761
23 0.017408912258358757 0.6210022467535892 0.02618404172311405 0.03792273985373029
23 0.0028536560104369182 0.6229465762988939 0.0057073120208738365 0.03392103246740419
23 0.905406879241672 0.6257961030908457 0.015028535730220227 0.09314602800317714
23 0.9327096856641071 0.6261000661592148 0.018777655472495526 0.060428985389503434
23 0.014908032000633967 0.6538283835230643 0.02527996099041942 0.035565353084255055
6 0.7273261448455042 0.6429541497617093 0.019105204093014548 0.06667898538950343
23 0.001799358888141363 0.6596516895294187 0.003598717776282726 0.02686250892845372
6 0.9582928618288176 0.6592165292275838 0.01843681874690688 0.11349943831160267
6 0.8638191655377192 0.7342358944867036 0.042256099050060315 0.061619338473758486
23 0.4715763545927282 0.8612849586074376 0.020592460990419427 0.03548353246740419
23 0.46899358717987366 0.8956735953769126 0.022936210990419426 0.035524442775829355
6 0.9449994872253022 0.9724432321496831 0.007314533016686653 0.020421594155801158
9 0.2331555794894992 0.24257941761532145 0.44976206184950207 0.15224966152294622
6 0.600561085482393 0.29158433888409085 0.019893098145549182 0.03703239569792895
23 0.5299243588881414 0.31389176136738095 0.012036332541716988 0.05094489123370209
23 0.5157799717330116 0.31569972321793405 0.01849105042954129 0.05496023538950343
6 0.542178697422752 0.3183610730557783 0.0153251068519765 0.05412443831160267
6 0.8763080359573628 0.3172120357204055 0.04517638116223601 0.05776763555165916