9 0.2830874151796895 0.3819947468996281 0.566174830359379 0.16413550620074382
23 0.8116509715930811 0.2791263804836366 0.01811480032431163 0.053925520678164404
6 0.8569771083625561 0.2762346668775667 0.016593210632736798 0.05619649607105863
23 0.8343754054404569 0.2741648986806017 0.016634120941162678 0.058540246071058545
23 0.42679473052153477 0.2798778211352304 0.04432274431795715 0.03485018899896399
23 0.37994700406048504 0.2804985593484061 0.038922178165332964 0.03850172787409356
9 0.3606823555198871 0.172215178454994 0.7213647110397742 0.17431964309001197
23 0.5045141761367381 0.03114491460125513 0.04418637662320535 0.027037688998964006
6 0.60038578368522 0.008679246279328253 0.018746045860084593 0.017358492558656506
1 0.8024783433450224 0.10946956415601175 0.14582456330995514 0.2189391283120235
23 0.6990193689191583 0.9627265926419643 0.03373011769475163 0.009377154052776148
9 0.2810713530875504 0.9443491976854164 0.5621427061751008 0.11130160462916727
6 0.6943006412402927 0.9200125537668349 0.03490683400953163 0.032069791356328994
23 0.353749553577313 0.8422001927230177 0.02132162094116259 0.058758569892376045
23 0.45286889205107156 0.7985528924753487 0.013372753246410874 0.05058219685684691
23 0.4755524155900218 0.7959351606723137 0.018155710632737153 0.05626927067816432
6 0.40994105235949707 0.7982104441707596 0.020417640015886106 0.0516909325888232
23 0.5216734391289721 0.7922258097626909 0.020431276785361163 0.052472182588823205
6 0.43106207589844736 0.7956654869748306 0.02202105032431163 0.05410745719592906
23 0.49749559943739763 0.7910100661728318 0.018073890015886107 0.051581770678164496
23 0.7070575600701348 0.7258259061241997 0.03651024431795715 0.034486315963434676
6 0.7563172203785603 0.7211897560003653 0.03727785754848192 0.03374145326698752
9 0.28429600548099576 0.6708753103818635 0.5685920109619915 0.1691504919327201
6 0.6397803311734531 0.6446529888368575 0.021335257710637733 0.05953981989237604
1 0.7172195385597793 0.6355818957851176 0.046576765421275465 0.11926157630251702
1 0.8047877224071552 0.6276002677871896 0.05529324634655204 0.126693086641599
23 0.369337191968346 0.5752845204732766 0.03953978693163087 0.029163115177646404
6 0.32560082873782115 0.5765409594722406 0.03409831047058125 0.03047090405277597
6 0.7392911818220762 0.5338545758927413 0.03478410308425524 0.02503854135632899
23 0.8151406156694522 0.5264187574481073 0.03805910754848192 0.03377784057054054
6 0.5598627804421045 0.527379905709915 0.020472187093786686 0.0548159325888232
6 0.43593040260108307 0.5167592369748306 0.019772757710637735 0.05946704528527036
6 0.4883150629095086 0.5119775376367844 0.022061960632737153 0.05645120719592907
6 0.4125338129095086 0.5155071060814185 0.018936960632737154 0.05630565798171734
23 0.3664536996789837 0.5168727069910413 0.01880059293798535 0.04849315798171734
23 0.6813656335263596 0.49830237365921104 0.03405740016215582 0.028127154052775973
6 0.3907269967568844 0.5126197005809006 0.018855140015886108 0.05161815798171734
23 0.7407679070653099 0.4939744385891885 0.03712785308425506 0.02514770326698752
6 0.7954690438347851 0.49064607734048343 0.036428423701106105 0.02979881596343468
23 0.27133211445163613 0.5103744580244987 0.03257672077900686 0.032741879445670106
23 0.31138041599376365 0.49679995554329925 0.03337160754848192 0.03355951674922295
23 0.7406139484611677 0.4580733258927413 0.037114216314779826 0.02436645326698752
6 0.5965463486233235 0.4382424770500332 0.021280710632737156 0.056414819892376046
6 0.7404463530875504 0.42295346319629434 0.03875853693163087 0.02912672787409356
1 0.8064804561718054 0.39645942969784825 0.05199096834337489 0.11639128742738744
1 0.6814940929412806 0.40150014826631686 0.05826824188232518 0.1182448858558109