6 0.4135630606699544 0.014717384616338485 0.027898280673136 0.02943476923267697
6 0.4448221513367271 0.014957104219391679 0.027144302673454135 0.029914208438783358
23 0.24079772266868177 0.009412944944725391 0.015189195337363515 0.018825889889450782
23 0.25642272266868177 0.009067265560972568 0.016751695337363516 0.018134531121945137
23 0.5213573793364089 0.010471320979309993 0.013018168006045272 0.020942641958619987
23 0.48076874200349984 0.007702174215339015 0.02916987933640893 0.01540434843067803
23 0.13866305800445433 0.026371947271131617 0.023919305338954276 0.04249786910658786
23 0.11369942067154523 0.030661340984825335 0.028470445337363426 0.030997442927905426
6 0.9067499866724997 0.014374282001736604 0.011582937340863353 0.02874856400347321
6 0.8919062366724997 0.014692670907824732 0.009239187340863353 0.029385341815649463
6 0.9287704373408634 0.013274643095648478 0.02766192333704538 0.026549286191296956
6 0.1719391820098632 0.06468743052190862 0.037991443348181164 0.11108520326698765
1 0.13162326468013574 0.09314207030666091 0.04687554734245412 0.06933435090962278
6 0.05044599001431752 0.10317634987616549 0.09380563868554459 0.14335620181924558
6 0.9137454213478631 0.06453087945017928 0.01630680000795408 0.05932149607105859
23 0.9278442840149538 0.06700090798622657 0.02022214067472703 0.060284682588823225
28 0.46234655334977204 0.09962524090377207 0.037945442671863464 0.04002784057054058
28 0.5303516660168628 0.09958454549466726 0.02352895401018138 0.07605523180303493
6 0.8944687100174992 0.08731556203900251 0.014707937340863352 0.056123721463952725
23 0.5055152980187719 0.11481143920836098 0.017060778007635946 0.05701413337461152
23 0.49147097935231726 0.11702891067231369 0.01545282467377227 0.05303510876750561
23 0.1711857513526355 0.13429145512901447 0.030923283338636143 0.04048160483856424
23 0.4291255206874536 0.133221144956548 0.02699885200509069 0.038737168320799584
23 0.4010732460216353 0.14078108788445345 0.02778919267186346 0.03955480562435252
6 0.10384425735995331 0.1913634005381193 0.01949543467536321 0.06493579528527027
28 0.1336323020369074 0.2657983203066609 0.04130734735040829 0.12763700248119933
23 0.43684820870463464 0.2594925465281246 0.025327264003817972 0.029289393713693723
23 0.4626476400381801 0.2598542655108779 0.027716467337681648 0.03330480562435252
23 0.46141240404199807 0.2880520401179838 0.02688067333704538 0.028580918320799585
23 0.4341322887094071 0.29479434574233626 0.027716467337681648 0.03330480562435252
1 0.27333114871099795 0.31400888027423957 0.11695278469127164 0.1865989336222805
6 0.13396011338317954 0.36114720761021385 0.04175169533736347 0.0316160270883052
6 0.42106067138763387 0.380605567206289 0.015543731341499622 0.06084760876750561
6 0.403900443387952 0.38374983788445344 0.016297709341181486 0.058540246071058635
23 0.12821010005567926 0.40440705603863736 0.026935217337681606 0.0332684183207995
23 0.15639873472308832 0.4085658631107318 0.03083237667090888 0.03266910483856424
6 0.204391339393679 0.43525248759400326 0.03549260467059075 0.030543678659881834
23 0.20631746606458795 0.4664297129868974 0.027716467337681648 0.03330480562435234
6 0.12196064739813339 0.47192204177061364 0.023065330004772466 0.03621148180303493
6 0.1223697274029059 0.5070782917706136 0.02844317333704529 0.02865369292790536
23 0.20830722740290591 0.5030756883797916 0.024482379336408934 0.023784256410140793
23 0.5740049527370876 0.49229643031702086 0.013963050007954258 0.05921233416039975
23 0.588285628739633 0.5103914588530681 0.016388616008908664 0.06635274607105864
23 0.20550040073995118 0.5305649875940033 0.029951129336408932 0.024038967535011224
6 0.1242594914067239 0.5351305171635078 0.030886920671545238 0.03735660483856425
1 0.2689271014083148 0.540117616006216 0.07580961668522637 0.14017554383752823
23 0.5676373214114964 0.5496551660489972 0.014753390674726852 0.06002997146395259
6 0.2115418627466327 0.5795290264691326 0.014789753341817757 0.06315497146395259
23 0.15322083274981435 0.6056955742356023 0.03090510200509069 0.03891910483856424
6 0.7072816240849507 0.5931782260165759 0.028434630012726815 0.09502355562435234
6 0.608898668085587 0.602450526264245 0.033167036004136105 0.03199701674922295
6 0.7722344620862233 0.5995330798216829 0.028534080004772377 0.03646619292790554
6 0.7496327560868596 0.6052758116247178 0.014926113343408787 0.07487372146395259
6 0.6363878687539506 0.6136769706398925 0.028489174013363084 0.09971105562435234
6 0.6615605914226322 0.6273563269261986 0.014853388009226798 0.0686237214639526
6 0.5021765007558596 0.6339980868509961 0.030105670671545327 0.037320217535011226
1 0.8987312213458744 0.550378488217685 0.20253755730825135 0.8243772235308674
6 0.1450730727641319 0.7116009718782375 0.08301358935390812 0.15534677956950455
6 0.47283499343567714 0.7322921916895604 0.030197124681726528 0.11228383023145838
6 0.29086737810308616 0.7462391834173927 0.03006021733768165 0.033413967535011226
23 0.5995429441040406 0.7388974485139859 0.030023854670590745 0.030288967535011223
6 0.6770412354391769 0.748576355462246 0.013917596674090583 0.05530608416039975
6 0.665549752108495 0.76865341501554 0.013753964672181596 0.04124358416039975
6 0.6494253127784495 0.7936362983901514 0.019059630012726814 0.09458690798171751
6 0.14504689544872196 0.8437049964853433 0.03234997067949941 0.09598674214211726
6 0.22102814011772187 0.8573629280407093 0.09437835069222604 0.1925749518192454
6 0.6288406401177219 0.8383687555860805 0.020267594008590527 0.0641909325888232
23 0.7087105007956305 0.9175061379272347 0.01783293734086335 0.05626927067816467
23 0.6943031028007212 0.9556974966947405 0.015915901336727066 0.025727746071058277
6 0.23263889680135744 0.9818898930945211 0.08454772266868175 0.01877357878371626
1 0.38267525946844827 0.9780285308123589 0.21963124733449996 0.018818582298372986