23 0.42265625 0.68046875 0.0109375 0.084375
23 0.41015625 0.68125 0.01171875 0.0796875
23 0.18984375 0.6875 0.01171875 0.08359375
23 0.559375 0.69140625 0.01171875 0.084375
23 0.2984375 0.69453125 0.0109375 0.08125
6 0.31328125 0.6984375 0.01328125 0.09765625
23 0.6578125 0.70078125 0.01328125 0.09375
23 0.9625 0.69921875 0.0109375 0.08359375
6 0.20390625 0.69921875 0.01484375 0.1078125
6 0.57265625 0.703125 0.0125 0.1
23 0.0078125 0.70234375 0.009375 0.07421875
6 0.67265625 0.7046875 0.0140625 0.109375
23 0.33984375 0.70546875 0.00859375 0.08125
23 0.328125 0.70546875 0.0109375 0.08046875
23 0.35234375 0.7078125 0.01015625 0.07734375
6 0.978125 0.709375 0.0125 0.103125
23 0.26796875 0.71171875 0.01015625 0.0765625
23 0.6140625 0.70859375 0.01015625 0.0859375
23 0.25390625 0.70859375 0.009375 0.07890625
23 0.62578125 0.71171875 0.0140625 0.084375
23 0.68828125 0.71015625 0.009375 0.0890625
23 0.240625 0.7125 0.009375 0.07890625
23 0.60234375 0.71328125 0.01015625 0.0875
23 0.7125 0.71328125 0.01015625 0.0796875
23 0.7 0.71328125 0.009375 0.0796875
6 0.38984375 0.73515625 0.01015625 0.07734375
23 0.53203125 0.75078125 0.0109375 0.0921875
6 0.87265625 0.75390625 0.01640625 0.1609375
6 0.90546875 0.75625 0.01484375 0.1578125
23 0.22890625 0.7546875 0.01015625 0.08359375
6 0.93984375 0.75546875 0.0140625 0.15625
23 0.58984375 0.76015625 0.0109375 0.0875
23 0.99140625 0.76796875 0.01171875 0.0875
6 0.421875 0.771875 0.009375 0.07109375
23 0.5046875 0.79453125 0.0125 0.084375
23 0.49296875 0.79609375 0.01171875 0.08046875
23 0.31328125 0.8046875 0.01015625 0.08125
23 0.6875 0.8078125 0.0125 0.0875
6 0.38984375 0.825 0.0109375 0.0828125
23 0.3765625 0.8265625 0.009375 0.07890625
23 0.3640625 0.82890625 0.009375 0.08203125
6 0.43828125 0.828125 0.01171875 0.0890625
23 0.19296875 0.8796875 0.01015625 0.08984375
23 0.24375 0.88046875 0.0109375 0.0765625
23 0.23125 0.88359375 0.01015625 0.08203125
6 0.46796875 0.940625 0.01328125 0.10078125
23 0.0421875 0.95 0.0125 0.09765625
23 0.0015625 0.946875 0.003125 0.090625
23 0.190625 0.9640625 0.0125 0.071875
23 0.20390625 0.9640625 0.0109375 0.071875
23 0.24296875 0.96640625 0.00859375 0.0671875
23 0.2296875 0.96640625 0.00859375 0.0671875
6 0.1796875 0.96640625 0.00859375 0.0671875
23 0.21796875 0.96640625 0.00859375 0.0671875
23 0.26484375 0.96796875 0.0078125 0.0640625
6 0.33984375 0.9765625 0.00859375 0.046875
6 0.09375 0.9765625 0.0109375 0.046875
6 0.353125 0.9765625 0.0109375 0.046875
23 0.62578125 0.978125 0.01015625 0.04296875
6 0.365625 0.978125 0.00859375 0.04296875
23 0.6515625 0.9765625 0.01015625 0.046875
23 0.6390625 0.98046875 0.0109375 0.0390625
23 0.97734375 0.984375 0.01171875 0.03125