6 0.003125 0.01875 0.00625 0.0375
1 0.02734375 0.22109375 0.0546875 0.33203125
23 0.665625 0.4828125 0.0234375 0.03515625
23 0.6640625 0.51328125 0.02265625 0.02734375
6 0.55234375 0.54921875 0.03046875 0.04375
6 0.5890625 0.5515625 0.03203125 0.03515625
23 0.88984375 0.60703125 0.009375 0.0421875
23 0.9 0.60703125 0.01171875 0.04921875
6 0.92734375 0.6078125 0.02578125 0.05078125
6 0.56328125 0.6609375 0.02734375 0.03515625
23 0.9 0.6671875 0.0125 0.0390625
6 0.92734375 0.665625 0.025 0.03671875
23 0.88984375 0.66953125 0.0109375 0.0453125
6 0.5625 0.7140625 0.0296875 0.05234375
23 0.60234375 0.92265625 0.01875 0.03671875
23 0.60078125 0.9578125 0.01640625 0.03828125
1 0.7390625 0.9265625 0.115625 0.146875
1 0.959375 0.93828125 0.08125 0.1234375
6 0.26796875 0.984375 0.0125 0.03046875
6 0.3359375 0.9859375 0.00859375 0.02734375
6 0.46796875 0.9859375 0.0078125 0.02734375
6 0.32578125 0.9859375 0.0109375 0.02734375
6 0.4078125 0.9859375 0.00859375 0.02734375
6 0.4203125 0.9875 0.009375 0.025
6 0.37265625 0.9859375 0.01015625 0.02734375
6 0.35859375 0.984375 0.0125 0.03046875
6 0.25546875 0.9828125 0.01015625 0.034375
6 0.27734375 0.9875 0.0078125 0.025
6 0.2921875 0.9875 0.009375 0.025
6 0.34921875 0.9875 0.0109375 0.025
6 0.38515625 0.9875 0.0109375 0.025
6 0.45546875 0.9875 0.0140625 0.025
6 0.434375 0.9859375 0.00859375 0.02734375
6 0.31484375 0.9859375 0.0078125 0.02734375
6 0.3015625 0.9875 0.009375 0.025
6 0.396875 0.9875 0.00625 0.025
6 0.47890625 0.9875 0.0109375 0.025
6 0.50390625 0.9875 0.0109375 0.025
6 0.48984375 0.9875 0.0109375 0.025