6 0.3801086390546608 0.31935277593075445 0.11944086729005096 0.12220527210332381
6 0.17514947004396658 0.10347903800494837 0.0709897317514315 0.11845213479802066
6 0.41516593686647935 0.06681279763836682 0.07868860226293624 0.09914820533113407
6 0.1254130904572755 0.05962138941687417 0.06160109621281209 0.11583560015828456
1 0.8599071641389205 0.9576253849310348 0.2689499878997516 0.0421948263391009
6 0.5375190797317692 0.9209199729486184 0.07729881908544911 0.12879024122451135
9 0.05899007963357331 0.8700109716284701 0.06831015934633278 0.1949237065847754
6 0.6130735916356258 0.8234251958307297 0.0739011083130606 0.08182431301126628
6 0.939822443996758 0.7818919475465893 0.0912613251355733 0.11201191818411545
6 0.5971673113850049 0.7379650689502677 0.09387324072842204 0.1581738643440495
6 0.14583207036199525 0.7120416957642226 0.11550280103327229 0.1166228618367672
6 0.6528456605246833 0.566061325218474 0.06856871369925485 0.10510268863808658
6 0.7521280430382404 0.5522368544479337 0.09836075282867043 0.12393525666391766
6 0.07880871770627551 0.5515193844023092 0.10000506606038692 0.1380432207705402
6 0.1687070098607532 0.5395301982715051 0.08838176483072288 0.15410848997087018
6 0.9851768923743105 0.5048377025611541 0.023656189498758095 0.17253422954602887
6 0.2696200700674077 0.5139415133943421 0.14441359621281213 0.11824519780928675
23 0.8962052959651068 0.49180415663864707 0.11982668667008767 0.054259254156634996
6 0.8130433380213885 0.42001773634296047 0.07091700887879462 0.10595213479802065
1 0.2252302415139889 0.35666622248639984 0.24313289734428026 0.1695469365265156
6 0.9908552415139888 0.33438881024128614 0.014948810010262648 0.15275292695960418
6 0.7354592143866258 0.32932219167409454 0.08102326190385653 0.09765390149106815