1 0.2275061842459623 0.5717314890417452 0.13970681699689197 0.13747222890755068
23 0.850444916463282 0.6705647096816376 0.043279119106588125 0.02540241439185813
23 0.33510886083892943 0.7218513054194646 0.016391287427387446 0.05065497146395259
23 0.3546037235353765 0.7217228728306415 0.018354047766469605 0.05932149607105863
23 0.3726088608389294 0.7201047148489241 0.016228621587787196 0.06389983416039975
23 0.3911769243211648 0.7231376695636539 0.017863896194893057 0.06553510876750561
23 0.33279719003693053 0.7882211681159118 0.01849959698068133 0.062446496071058635
23 0.3527822043049541 0.7943063482235356 0.02077057237357547 0.06099315798171752
23 0.3707145670014012 0.7942506902418183 0.01586474855225788 0.05608733416039975
23 0.39017304239429534 0.7949035076529951 0.017572797766469604 0.05928510876750579
6 0.14856127709281441 0.8942464979330854 0.14339905128112634 0.20000861621110388
23 0.828098919773051 0.9327564946278258 0.02018837551672874 0.04849315798171716
6 0.636619895165945 0.9432338839982932 0.021078787427387446 0.05087329528527036
6 0.5785526840410744 0.9513952944612101 0.020569365177646404 0.03993579528527036
23 0.4104151534336034 0.19292363068852436 0.018135723945152015 0.05463399607105859
23 0.7382661716305685 0.20026082589274136 0.03334119292790536 0.029616879445670107
23 0.3694433970234626 0.21899813316972372 0.01650044933804624 0.05299872146395277
23 0.387975073202145 0.22281233788445345 0.017354473945152014 0.054597608767505613
23 0.7360294294884513 0.23154721319629434 0.040263281017246653 0.027600615177646403
23 0.7324121238640988 0.2590001251069531 0.05109161910658777 0.025766287427387447
23 0.7342271809361934 0.28697957589274137 0.050237594499482084 0.024167400123834514
23 0.4052845436326404 0.3030798806885244 0.021969199338046152 0.0532534325888232
23 0.3654407936326405 0.3049356331697237 0.01373932237357547 0.060665672249741044
23 0.383899695204217 0.31031233788445345 0.017172537427387446 0.050691358767505613