23 0.8441565756068059 0.30931537200558273 0.02020405043684015 0.029929839439121864
23 0.8716094283803475 0.3125698467908121 0.018060322188333443 0.03840075870642732
23 0.4344731042921531 0.3511232502271426 0.008921711531007048 0.04806568577564878
23 0.4478270894745142 0.35355220940853976 0.009866615691319502 0.05513787935321357
1 0.9358544195466323 0.3506596670080572 0.07860039152687506 0.15861808344622813
23 0.4360550945085073 0.4190920002271426 0.013754681895729171 0.05456134724103805
23 0.4228465796908685 0.4229130410457455 0.011410931895729347 0.054438516508343325
23 0.8743188139232991 0.4289760967908121 0.018659734232430482 0.03062920228399211
6 0.9102933347248616 0.46228988580039265 0.019495535619201476 0.03301389586155708
23 0.8743376509292713 0.463392040368377 0.018859755983923775 0.039222952283992106
6 0.9415797023160423 0.46221464269779766 0.022547800436840505 0.030052670171816585
23 0.5388742360353824 0.5685796658764033 0.017969403210381964 0.03449450870642714
23 0.5396379554501741 0.6013921658764033 0.019350065254479177 0.026763895861557075
23 0.5397301808488895 0.6725678030315331 0.018823388392743112 0.037660452283992285
1 0.8577924626683687 0.7943487912728882 0.07660278685347244 0.2068918091359686
6 0.6707483639788897 0.890975887043588 0.028054877659166876 0.1325601944820761
1 0.5712750408406257 0.8852382213943273 0.08210725123427096 0.17518810775648747
6 0.9973387398351047 0.9386233344663403 0.005322520329790592 0.02088571008590847
6 0.9363564866040633 0.9435432078266601 0.011337543502986236 0.01776071008590847
9 0.05565004084062577 0.9122609825871454 0.07273225123427096 0.17469678482570927
9 0.19244468597979178 0.13540415422930002 0.1356322947372571 0.19515977103089915
9 0.6596503697753822 0.11170114484550422 0.15830607532246538 0.16357557835784542
9 0.4221685535709724 0.12492924242522652 0.3081976257593057 0.20030205167273674
23 0.6340347335668405 0.22098761363783975 0.01128364532659738 0.048969766508343414
23 0.6449904173624308 0.2211956535519315 0.012283100873680652 0.058385710085908295
23 0.6958625863403822 0.22244057101021456 0.012918880508958352 0.05217665366347317
23 0.5966802039315627 0.2292029053609538 0.012973431895729349 0.054520403663473174
23 0.6112525034184724 0.28397561454235093 0.01050239532659738 0.048928822930778534
23 0.8714996723964239 0.27424765321324723 0.02520067496187508 0.043456750904511135
23 0.6332911575787851 0.2898604443705344 0.010684233282499988 0.056741322930778534