9 0.08984375 0.6046875 0.17890625 0.1375
6 0.5375 0.63515625 0.0203125 0.05390625
6 0.6859375 0.66796875 0.03828125 0.03046875
6 0.96015625 0.709375 0.0359375 0.0234375
23 0.85546875 0.728125 0.0359375 0.02578125
23 0.89921875 0.72890625 0.03359375 0.025
9 0.25234375 0.8109375 0.5046875 0.140625
23 0.6640625 0.87578125 0.01953125 0.0390625
6 0.559375 0.93203125 0.03671875 0.02421875
23 0.65703125 0.95625 0.01640625 0.04609375
23 0.7 0.9578125 0.0203125 0.04453125
23 0.67734375 0.9625 0.0140625 0.03671875
23 0.13125 0.98515625 0.03125 0.02109375
23 0.06953125 0.9890625 0.0390625 0.021875
1 0.865625 0.90546875 0.26875 0.1890625
1 0.96015625 0.0125 0.0796875 0.025
1 0.96171875 0.01015625 0.0765625 0.0203125
23 0.89375 0.00703125 0.03203125 0.0140625
9 0.08828125 0.0421875 0.1765625 0.084375
23 0.41953125 0.07109375 0.0171875 0.05859375
6 0.45078125 0.07109375 0.0203125 0.0515625
23 0.96796875 0.08359375 0.01953125 0.0515625
6 0.98984375 0.0859375 0.01953125 0.05390625
6 0.47265625 0.14921875 0.03359375 0.02578125
6 0.546875 0.14921875 0.03359375 0.02578125
23 0.59453125 0.15703125 0.01875 0.0546875
6 0.61640625 0.16015625 0.01953125 0.0484375
1 0.30703125 0.16640625 0.115625 0.11484375
23 0.08671875 0.17578125 0.0359375 0.02890625
23 0.12421875 0.17734375 0.0359375 0.025
6 0.925 0.18828125 0.03359375 0.03046875
23 0.99296875 0.1890625 0.0140625 0.034375
6 0.96484375 0.20859375 0.01953125 0.05546875
23 0.9234375 0.225 0.0359375 0.03046875
23 0.99296875 0.2234375 0.0140625 0.021875
23 0.7453125 0.25390625 0.03203125 0.028125
23 0.7859375 0.25390625 0.03359375 0.028125
23 0.82265625 0.27890625 0.03671875 0.0265625
23 0.225 0.28046875 0.03125 0.01328125
23 0.27890625 0.284375 0.0171875 0.04609375
23 0.25703125 0.28515625 0.01796875 0.04921875
23 0.3234375 0.2890625 0.015625 0.04609375
23 0.34453125 0.2890625 0.021875 0.04609375
23 0.3015625 0.290625 0.021875 0.05390625
23 0.7671875 0.29609375 0.03828125 0.03203125
9 0.09140625 0.315625 0.18203125 0.1421875
6 0.2015625 0.375 0.03125 0.0265625
1 0.5484375 0.39453125 0.15546875 0.34765625
6 0.66640625 0.3953125 0.0359375 0.02890625
6 0.41953125 0.4609375 0.03984375 0.0328125
23 0.65546875 0.52109375 0.0171875 0.05078125
6 0.7 0.52109375 0.0171875 0.04765625
6 0.67890625 0.52265625 0.0203125 0.05
6 0.40859375 0.5578125 0.03515625 0.025
23 0.7828125 0.55859375 0.03984375 0.0296875
6 0.25390625 0.5765625 0.034375 0.03046875