6 0.4768074188143025 0.0894103953011768 0.05674542456983929 0.08548350292686624
6 0.8774795845053471 0.10582871819725484 0.039403388465485634 0.058821008976990455
6 0.47788812978308287 0.17221380494209715 0.05675451492891881 0.08704600292686626
23 0.7785875665513663 0.18452641081927074 0.045090827964243727 0.2307232800542293
23 0.43612735577897777 0.23339219945770706 0.036936918617910666 0.03771362343837108
6 0.12060514319947055 0.2578892471713296 0.2412102863989411 0.18265900565734078
28 0.3326478317748726 0.29492966315696184 0.027502831283893324 0.027502831283893237
23 0.48555466315696183 0.33153880796715923 0.046852794983148094 0.13073691559284875
1 0.43238875654110354 0.3388791301758663 0.052970984776493604 0.10811702702916719
6 0.3228955818730685 0.3598279553114395 0.015884075233769047 0.04462215359079611
6 0.10238309397331691 0.39548469594166563 0.06430793969514967 0.042560204722264315
23 0.7944842355620605 0.4063014168693949 0.031413626463433174 0.028306807181592397
28 0.3514882144848217 0.41356603366846656 0.06434884631100797 0.04959145472226432
6 0.8716961753554061 0.4285076940949539 0.06772837636523725 0.09335963544042354
23 0.8193387898167867 0.4311559711241211 0.016193147442476175 0.09774715359079611
23 0.43096663622599046 0.44903992535540616 0.045167575135573304 0.10963407523376922
23 0.10125641032829143 0.4548642411212054 0.06526645169720222 0.07303349990180408
23 0.21138538925105257 0.45891087080609233 0.03547441256778665 0.05489203307929138
23 0.27303141637841566 0.4710518016224475 0.015965888465485634 0.05868465359079611
23 0.25426778083979623 0.4735046359314029 0.015125551131468207 0.04852385841125635
23 0.5729405127876195 0.48493145267916093 0.07768463846548564 0.05904372277444096
23 0.7955422206331417 0.49301107651031534 0.021243740924813716 0.025903969847574794
23 0.32676949473544276 0.4996444342342007 0.032617578160635395 0.10096760236113216
23 0.3806711995559029 0.5001120668459539 0.034184623340175156 0.10175794272021185
23 0.21182120560602707 0.5182813256265526 0.034729524004105096 0.06113748789975162
23 0.2531729134515494 0.5274154311109427 0.01749202702916719 0.05244374394987581
23 0.27424393755385035 0.5311989612633679 0.015098280054229285 0.04383635841125635
23 0.5639422418085764 0.5545126996540988 0.03328974385167989 0.0822221475406721
23 0.8309115731906657 0.5904582482514842 0.06361759328594588 0.058180659542724555