23 0.36640625 0.37145102271640684 0.01875 0.040061926002545344
23 0.3203125 0.37013342337681615 0.01640625 0.03847215400222712
23 0.27578125 0.369615255370771 0.02265625 0.03854487933640893
23 0.22890625 0.36906981536440764 0.0234375 0.044022720003181706
23 0.20546875 0.36879709536122596 0.02421875 0.040906810669954385
23 0.34453125 0.36963398404677056 0.0203125 0.0400801073360908
23 0.2984375 0.36753513470717997 0.01875 0.04240567600254526
23 0.69921875 0.37219864676158654 0.053125 0.02014941534054513
23 0.2515625 0.3662084447008166 0.02421875 0.04403181066995439
6 0.7 0.3378327374283593 0.04609375 0.023973849339590635
23 0.19921875 0.3241931200270442 0.0140625 0.036882382001908985
23 0.3046875 0.3238578600413617 0.0125 0.03686420066836362
23 0.28125 0.3228038900381801 0.02734375 0.028443173337045203
23 0.21796875 0.3212862960295896 0.01484375 0.033766472668681755
23 0.259375 0.3209868513685438 0.0109375 0.040752269334818084
23 0.3234375 0.32095103604390707 0.01875 0.033811926002545345
23 0.2359375 0.3191516313653622 0.0203125 0.0314863573360908
23 0.24921875 0.3185249227004984 0.0109375 0.036846019334818084
23 0.3609375 0.3190436380489977 0.01796875 0.035365335335772664
23 0.34140625 0.3180351213796797 0.01484375 0.033766472668681755
6 0.7 0.30736398742835924 0.040625 0.020003964672181594
23 0.53984375 0.21409415073995114 0.021875 0.04791078866963616
1 0.32109375 0.20608001404358892 0.20390625 0.15315391402768058
1 0.75703125 0.158027606102768 0.13828125 0.26567154801877185
6 0.20078125 0.11405505136058966 0.04921875 0.022447712006681542
23 0.65390625 0.07870263808876864 0.03828125 0.016070442671863396
23 0.409375 0.07429475938890653 0.01171875 0.03763636000159085
23 0.30390625 0.07384876937458901 0.01328125 0.04546704133513628
23 0.26328125 0.07337605470240745 0.01484375 0.03611022266868171
23 0.31953125 0.07324933271004345 0.0171875 0.04394999466899989
23 0.39375 0.0725504460534521 0.0140625 0.04156988200190899
23 0.35546875 0.07210500338158869 0.01640625 0.04159715400222717
23 0.33828125 0.0726862587125888 0.01640625 0.03925340400222717
23 0.28125 0.07124139003818006 0.01484375 0.03767272266868171
23 0.2078125 0.06882436736154415 0.0171875 0.03769999466899989
23 0.24453125 0.06925162869986211 0.0140625 0.044694882001909006
23 0.228125 0.06906072469763494 0.0125 0.03842670066836355
23 0.37734375 0.07001579205122492 0.0140625 0.039226132001908984
23 0.3484375 0.02905443738063419 0.01640625 0.043940904002227166
23 0.3046875 0.028545360041361732 0.01796875 0.04083408533577262
23 0.22578125 0.02528345269731677 0.0140625 0.044694882001909
23 0.44140625 0.027011226726588157 0.01875 0.039280676002545346
23 0.2640625 0.02494764536918017 0.0171875 0.034574994668999895
23 0.37421875 0.025448179384134028 0.02109375 0.0416516980028635
23 0.20703125 0.02350277669477143 0.021875 0.041660788669636226
23 0.3953125 0.02725612738699753 0.01328125 0.04546704133513628
23 0.2796875 0.025129458704634615 0.01484375 0.04079772266868172
23 0.24375 0.023930038033089386 0.01875 0.03849942600254534
23 0.41953125 0.026756688056951927 0.01796875 0.04395908533577262
23 0.3265625 0.024893648710997963 0.021875 0.04244203866963623
1 0.00546875 0.09381363466740907 0.01015625 0.1876181786680454
6 0.4203125 0.9976510740272829 0.03671875 0.004697851945434195
6 0.42265625 0.9760118007240429 0.0421875 0.020803396005727136
6 0.7671875 0.9550207847708133 0.04140625 0.017669305338954187
6 0.7625 0.9284037407701771 0.04453125 0.021611918006045273
1 0.05703125 0.8322288351666932 0.11328125 0.3355423296666135
6 0.4171875 0.9017294160566337 0.03515625 0.014471580004772732
23 0.4203125 0.8775470287237246 0.03671875 0.01917726133831792
6 0.765625 0.873752603437268 0.0390625 0.019985783338636053
6 0.42265625 0.8455430507240429 0.04140625 0.02079430533895419
6 0.7625 0.836997490770177 0.0421875 0.02392839600572714
6 0.7640625 0.8002969221037226 0.0421875 0.016897146005727136
6 0.41796875 0.7954885067234064 0.0359375 0.017605670671545327
6 0.4203125 0.7658282787237246 0.03671875 0.01917726133831792
6 0.76015625 0.7627514687698589 0.04296875 0.02315623667249973
6 0.41875 0.7337788473901792 0.03203125 0.01443521733768165
23 0.76640625 0.7284491941040406 0.03984375 0.020776124005408826
6 0.42109375 0.6994311193904974 0.0390625 0.018423283338636055
6 0.76171875 0.6979259001034043 0.04375 0.020040327339272322
6 0.47109375 0.6742316720639516 0.0171875 0.04160624466899989
6 0.53671875 0.6742140380728603 0.01640625 0.0400346540022273
6 0.62890625 0.6745054867520415 0.01953125 0.043977266669318026
6 0.41796875 0.6728322567234064 0.03671875 0.01527101133831792
6 0.5046875 0.6730600707351787 0.015625 0.03924431333545435
6 0.56328125 0.6729606207431329 0.01328125 0.039998291335136216
6 0.70859375 0.6730889847628593 0.01953125 0.04319601666931803
6 0.59296875 0.6717435660804962 0.015625 0.04627556333545435
6 0.66796875 0.6710537700906777 0.01328125 0.039998291335136216
23 0.7640625 0.6667031721037224 0.04453125 0.020830668006045272