1 0.6858154795460288 0.02265625 0.08488947703874636 0.04453125
1 0.8835171936526516 0.02421875 0.10607415525199179 0.04765625
23 0.6207898731195381 0.01640625 0.02639501543940632 0.02109375
23 0.6225031373053032 0.0484375 0.027312657759274116 0.02578125
6 0.8712361539983504 0.05859375 0.02632681927947189 0.01875
23 0.7885145822115959 0.06171875 0.012900816772189749 0.040625
6 0.6815287963182186 0.06328125 0.028738765439406323 0.02109375
6 0.09081051959604129 0.140625 0.018551423198680438 0.046875
6 0.06744121575597532 0.14296875 0.013037209092057767 0.0453125
6 0.14856919530200421 0.165625 0.025628137305303157 0.0484375
6 0.0582854569139797 0.6875 0.07597512978345573 0.1140625
6 0.17879418520636733 0.72109375 0.12762620948776915 0.19765625
6 0.3843826071514066 0.77890625 0.08280179130365362 0.10703125
1 0.7568259084841901 0.7984375 0.08715432218246608 0.14921875
1 0.6437492469639922 0.80546875 0.07186429130365361 0.10703125
1 0.5103373533904829 0.81171875 0.082384254156635 0.11953125
6 0.6887040457894932 0.846875 0.015889424452321776 0.0359375
6 0.8107154381093611 0.8515625 0.014440584718878569 0.03984375
6 0.5693091881093613 0.8515625 0.008326977038746363 0.04453125