23 0.01593669915751607 0.9979516966701134 0.03187339831503214 0.004096606659773272
1 0.8149805718796159 0.873785682049634 0.28394787869919896 0.252428635900732
23 0.596162682445312 0.9184918440881322 0.01909090521931951 0.04628465400222694
23 0.5720804403378198 0.9158662834181779 0.020008663111827297 0.048637494668999894
23 0.5518589455994916 0.9140674260820871 0.017619410480991426 0.04782897266868176
23 0.6239159561228353 0.9117787674251776 0.01826415258848364 0.04549431333545435
9 0.22692649578426657 0.8990118540340439 0.45385299156853315 0.15974245806808796
23 0.5833889376363967 0.8425105994191323 0.017202181527678738 0.054069882001908806
23 0.6497496850055609 0.8440645560948138 0.01752840521931951 0.04626647266868176
23 0.6039289507905763 0.8388407067552233 0.017945634172632195 0.040025563335454706
23 0.6250682034214122 0.8383049047580867 0.026213160480991426 0.047928970003181706
6 0.3788071244257473 0.7846237320575883 0.03463260523343692 0.03163180800445424
23 0.6335324217807938 0.7735156987587231 0.01757390785015538 0.047047722668681756
23 0.6533366875658095 0.769055465428041 0.01982665258848364 0.04551249466899989
23 0.8066051717102068 0.701260532781631 0.018992194681858265 0.05799431333545453
6 0.5558239217102068 0.6983424287475872 0.03385135523343692 0.03162271733768165
9 0.2382382989528133 0.6318698073679074 0.4764765979056266 0.13405211473581496
23 0.9514465058263692 0.6036599214671756 0.029383663111827475 0.04874658267027261
23 0.5300489189381965 0.5502861894095874 0.03586888154179633 0.03945339867122701
6 0.4900301346667423 0.4857146120703149 0.03293359734092931 0.029269876670909058
6 0.8645897898860619 0.4439480194541308 0.031970336817585474 0.02613578600413611
1 0.9355540082454435 0.37988606679658493 0.09517453405969292 0.15959372334499947
9 0.24635281328123654 0.3490482167011348 0.4927056265624731 0.17934643340226958
6 0.0018934876094101123 0.24463124733449995 0.0037869752188202247 0.029106244668999894
23 0.33472579756680815 0.21263000604708876 0.023641897326811722 0.04399544800286348
6 0.46137930282847994 0.21254019406426977 0.03637711575678075 0.03477498933799979
23 0.29193905809015186 0.209005019374589 0.017202181527678738 0.054069882001908987
23 0.26850155809015186 0.2087322993714073 0.022443418373499214 0.050227266669318024
23 0.38026581072098775 0.20925101471990665 0.021935184158514788 0.054905676002545346
23 0.24823456072098776 0.20771469203531656 0.02565942363517095 0.051826129336408934
23 0.20448456072098775 0.2072056146960441 0.023133663111827296 0.048673857336090795
23 0.31468631335182373 0.20770614871099796 0.024187928896842868 0.05337044800286357
6 0.07020056598265963 0.20407952001113588 0.02427893415851472 0.054932948002863566
6 0.11390506335182371 0.20536984735040828 0.01909090521931951 0.04628465400222712
23 0.1366068159826596 0.20485222668681727 0.022488921004335083 0.05100851666931803
6 0.15770056598265964 0.20509767468968074 0.017801421004335082 0.050953972668681756
6 0.0021227448265621124 0.20399715666772722 0.004245489653124225 0.03064147266868176
23 0.04832556598265962 0.20382498134149962 0.019963160480991393 0.04785624466899989
23 0.09138532124433148 0.20276246801399936 0.020691202574366185 0.060356244668999894
6 0.2249790712443315 0.2043169720321349 0.01784692363517095 0.05173522266868176
23 0.3601353212443315 0.20588965738381587 0.02565942363517095 0.051826129336408934
6 0.18306458702934703 0.1991385760264079 0.019545931527678827 0.054097154002227164
23 0.9808419343702763 0.179495715467812 0.0202970894484217 0.026780676002545346
23 0.984527647467986 0.116214465467812 0.02038809471009344 0.028343176002545344