23 0.419469379241672 0.647460086728179 0.024791960085908293 0.011219310669954297
6 0.5298712907070613 0.6440543707431329 0.01549884724103805 0.012672722668681757
23 0.7641201379480993 0.6342724801081768 0.022816702283992286 0.018223288669636163
6 0.4213561058359236 0.6263754273949518 0.02269387155129756 0.01587953866963616
23 0.5332386301461831 0.624550392743451 0.018501016508343328 0.010365335335772486
23 0.4208990824301753 0.6052634960614063 0.02643634724103805 0.012799992003499839
23 0.5305606874731295 0.6010674394095874 0.016979460085908116 0.011128404002227121
23 0.4229905269122513 0.580272586728179 0.018541960085908294 0.011146585335772664
23 0.7719127057904951 0.5452463427752677 0.02355700870642714 0.01745112933640893
23 0.772936295229617 0.5257150927752677 0.02409259724103805 0.012772720003181703
6 0.5397519810052657 0.5151844834102237 0.019118492198083814 0.007249426002545434
6 0.42733386816039554 0.5123129273949518 0.021789790818602838 0.013526698002863569
23 0.7738779975136092 0.5077463427752678 0.020803822930778537 0.009611357336090798
23 0.7771634497976013 0.4898048647755859 0.021707903663473083 0.01196419800286357
23 0.7796267085040286 0.47263554610913133 0.020803822930778537 0.009611357336090798
23 0.7728787415207152 0.45223213944140406 0.02092665366347326 0.01195510733609062
23 0.7783851130720129 0.4366616834420404 0.01874667797373277 0.015052835335772664
23 0.7786274525111347 0.41712134277526774 0.017061347241038048 0.0126909040022273
23 0.7856553804848674 0.40235031810944955 0.02018634724103805 0.012727266669318027
23 0.7166774084131715 0.3014867047660409 0.014632388059640889 0.025935791335136217
23 0.6846871019907365 0.30033273742835925 0.00702460594746519 0.02975113466740904
23 0.7386342955683013 0.30017874343567713 0.008095783016686831 0.020394316000954493
23 0.7019564891458662 0.2989702320973592 0.010521420171816587 0.021984088001272627
23 0.7046211437138504 0.2630418227641319 0.0122476944820761 0.02512726933481808
23 0.6868980551792397 0.25814523742835926 0.0077239687923356115 0.02819772533418181
23 0.723623533470972 0.8401770347708133 0.008546162369900401 0.028988066000954403
23 0.732217283470972 0.8402770321053132 0.012947057326946343 0.023573860001590674
23 0.2586945742895749 0.8214777473742709 0.01628009724103805 0.01268181333545435
23 0.7549930421773994 0.8233440707749494 0.023188516508343325 0.01041987933640911
6 0.8698777357549641 0.8238991487905398 0.020800500904510955 0.024446016669318026
23 0.7618981394184373 0.8109167961091313 0.016938516508343326 0.010347154002226943
23 0.2683119137286968 0.8020464947087707 0.017020403663473082 0.011909654002226943
23 0.22933130088382656 0.8000294613701346 0.02014540366347308 0.011946016669318027
23 0.862635123814605 0.7980179014560398 0.012169129353213747 0.008730110001590852
23 0.760659866012689 0.7897957741088131 0.018337242198083813 0.007240335335772485
23 0.26485272105564306 0.7785544507081344 0.02384693577564878 0.008085220003181704
23 0.22735272105564305 0.7781180987030438 0.012786605042954147 0.005614200668363623
23 0.7593806490293757 0.769456002108495 0.01681568577564878 0.008003404002227299
23 0.26739786691720013 0.7598226320416799 0.02018634724103805 0.012727266669318027
23 0.22841725407232985 0.7578055987030438 0.012909435775648782 0.007957950668363623
23 0.7627479884684976 0.7499520241088131 0.021666960085908293 0.011182948002863569
6 0.8678449242441463 0.7433576734563581 0.00994821008590847 0.011046588001272539
23 0.7591659650627494 0.7288037301081769 0.015457903663473261 0.011891472668681758
23 0.8906173609243062 0.7115718714592215 0.013274605947465545 0.029823860001590853
6 0.5307410719147257 0.6722066427434511 0.021585072930778538 0.009620448002863569
6 0.4136354590698555 0.6692805427275428 0.024873847241038048 0.012781810669954296