1 0.86875 0.0953125 0.2625 0.190625
6 0.9875 0.2453125 0.01796875 0.04921875
6 0.7734375 0.246875 0.015625 0.0640625
6 0.9734375 0.24921875 0.01484375 0.0625
23 0.909375 0.2484375 0.009375 0.04921875
23 0.95703125 0.25078125 0.0140625 0.059375
23 0.92421875 0.25234375 0.0140625 0.05703125
23 0.89609375 0.253125 0.01171875 0.05234375
6 0.86640625 0.2546875 0.0171875 0.0625
6 0.88125 0.2546875 0.01484375 0.0625
23 0.93671875 0.25390625 0.01171875 0.06640625
23 0.9546875 0.31015625 0.015625 0.059375
6 0.846875 0.590625 0.01328125 0.0640625
6 0.828125 0.59375 0.015625 0.065625
6 0.68203125 0.60390625 0.0140625 0.06171875
6 0.7046875 0.60390625 0.01328125 0.0734375
6 0.34921875 0.65546875 0.021875 0.0875
23 0.4515625 0.6640625 0.01484375 0.06171875
23 0.36484375 0.6703125 0.01484375 0.0625
23 0.11796875 0.67734375 0.01640625 0.05234375
23 0.0875 0.6765625 0.01796875 0.06328125
23 0.10078125 0.6765625 0.0171875 0.05703125
23 0.1484375 0.6828125 0.01953125 0.0578125
23 0.13359375 0.68125 0.01328125 0.04921875
23 0.36796875 0.72734375 0.01484375 0.05859375
23 0.54296875 0.72734375 0.01328125 0.05859375
23 0.490625 0.73515625 0.0171875 0.05546875
23 0.3 0.73671875 0.01171875 0.0640625
23 0.4015625 0.76796875 0.025 0.0203125
23 0.3765625 0.77109375 0.02734375 0.02578125
23 0.484375 0.7828125 0.02890625 0.03671875
1 0.0171875 0.865625 0.03359375 0.14921875
23 0.07578125 0.875 0.0234375 0.01875
23 0.05078125 0.87734375 0.02578125 0.02890625
9 0.16875 0.89375 0.17421875 0.11015625
23 0.0765625 0.91171875 0.02265625 0.03203125
23 0.0515625 0.9125 0.025 0.02890625