1 0.04453125 0.3859375 0.0890625 0.31796875
23 0.1484375 0.40234375 0.0265625 0.08046875
6 0.7390625 0.503125 0.07734375 0.17265625
23 0.121875 0.52890625 0.02890625 0.0390625
1 0.9671875 0.77578125 0.065625 0.2984375
6 0.003125 0.7796875 0.00625 0.06875
23 0.89453125 0.81171875 0.0265625 0.034375
1 0.18203125 0.84609375 0.071875 0.15234375
23 0.0265625 0.89921875 0.01171875 0.0734375
1 0.06328125 0.903125 0.03984375 0.10234375
6 0.00625 0.9265625 0.0125 0.040625
23 0.89140625 0.9890625 0.02578125 0.021875
23 0.2515625 0.98984375 0.025 0.0203125
1 0.53046875 0.8015625 0.296875 0.396875