23 0.7022544368458232 0.19565192457036806 0.01834326143274545 0.05565965400222721
23 0.7639459049946579 0.195715011895323 0.019714788474587408 0.05020908533577262
23 0.7842584049946579 0.19547865455923222 0.019796634028083737 0.05255283533577262
23 0.8225123731434923 0.1958144618873688 0.017852188111767475 0.04159715400222721
23 0.8037078094411616 0.19759513788991417 0.020550602176918176 0.051780676002545344
23 0.7248015594411615 0.1985132952339591 0.016507942921091256 0.04782897266868171
23 0.19796624092950732 0.21245290463877403 0.0338219284931208 0.02928805800445433
28 0.3378099909295073 0.2108256752864567 0.04749504809323426 0.06302725867281786
28 0.6305604861201839 0.2136666752466858 0.04202629809323426 0.06296362400540882
1 0.43028766760852954 0.22380638594050276 0.11681302168436432 0.19190678401495384
1 0.2635168298595817 0.2585461072963199 0.07414188284695733 0.13284031934277235
23 0.78059520245492 0.25565308589277763 0.02041419292109108 0.047874426002545344
23 0.70090770245492 0.25658033390359536 0.018043161069925696 0.04706590400222712
23 0.6829116706037545 0.25757066923936794 0.018960820325752793 0.05098124466899989
23 0.8000718887525892 0.2569883192234596 0.018797129218760488 0.046293744668999895
23 0.7609821069014236 0.2582241025620957 0.02041419292109108 0.047874426002545344
23 0.7211383569014236 0.2586877265675046 0.01809772477225664 0.04862840400222712
23 0.8195485750502582 0.2583235525541415 0.019687506623422023 0.04942783533577266
23 0.3381348839432657 0.26861090328613857 0.032904269237293705 0.02537271733768165
23 0.33685263693849055 0.30532965328613854 0.03357639183263199 0.022256808004454332
23 0.6615525365756708 0.310141685908686 0.021976692921091077 0.0478926073360908
6 0.8169940047245055 0.30911389322091426 0.02146826143274545 0.055696016669318026
6 0.5084548184268363 0.3111422065961396 0.03058780108845909 0.026126695337363427
23 0.74040422287334 0.31078602856464105 0.019714788474587408 0.05020908533577258
23 0.70134172287334 0.31124056190327715 0.01626240626060227 0.04079772266868176
23 0.7200371591710091 0.3125848859007318 0.01801587921876031 0.04628465400222712
23 0.6794121591710092 0.31305760057291343 0.018234134028083736 0.05253465400222712
6 0.7997246591710091 0.3116576378899142 0.02292163402808356 0.05258919800286348
6 0.7778223773198437 0.31269342655955035 0.02044147477225664 0.04865567600254535
6 0.7598263454686782 0.313683761895323 0.020714293283910834 0.05646817600254535
23 0.3365971765942043 0.3350080626193658 0.02897073738612832 0.02454601400381797
6 0.8573089806778883 0.33988208788196 0.03384921034428636 0.03006930800445442
6 0.26484866216623404 0.35458531329568355 0.03295883293962447 0.02693521733768165
6 0.9408456777753307 0.4076321145369605 0.033067960344286364 0.03006021733768165
23 0.9412623400263825 0.44042643320341507 0.03384921034428601 0.030069308004454242
6 0.938635847830931 0.4709133645369604 0.03047867368379755 0.023001695337363515
23 0.9377801867610053 0.5177792738701879 0.032986114790789854 0.027716467337681648
6 0.9743898093563436 0.5204770125318698 0.014181551088459088 0.025935791335136217
1 0.41335805091882316 0.6191552486075936 0.1184846490890262 0.1950499653484993
6 0.9332886050025071 0.6240383645369605 0.03220486479078986 0.02770737667090888
6 0.5001387991047246 0.661096753262276 0.018179570325752792 0.0509721540022273
1 0.7032712335882951 0.7032462485678227 0.33189490697839263 0.4919447887094073
9 0.24584572413928435 0.07132791796627427 0.25700645734906136 0.0693698073679075
6 0.4302231139881817 0.7400035506047301 0.026736114790789856 0.027643742003499838
6 0.92777023658352 0.737337795870506 0.032986114790789854 0.027716467337681648
6 0.96370773658352 0.7369196251989607 0.02129464664195524 0.028361357336090798
23 0.9624800532810758 0.7720758751989607 0.021240082939624472 0.026798857336090796
23 0.927214675876414 0.7756099552037332 0.032150301088459086 0.026144876670908878
23 0.9264408603599847 0.8201321145369604 0.03225942849312098 0.0292698766709087
6 0.48228163259250323 0.8370143632638669 0.02303076143274545 0.055714198002863216
23 0.6296478052648103 0.08326155991409487 0.017507447730414682 0.05408806333545446
23 0.40618302341364493 0.08664274061109348 0.032150301088459086 0.026144876670908878
1 0.4030554348620887 0.8918205892743665 0.12045637685650767 0.20678689668204484
28 0.5952182415624796 0.08522404925209465 0.0422172710513923 0.06843237400540884
6 0.875691837494494 0.9316150545433238 0.034712305897782514 0.03242214867122719
23 0.5536210186043216 0.09117460459104894 0.01963294292109108 0.04786533533577262
23 0.9066988893855612 0.13314119187623297 0.027517364790789856 0.027652832670272565
9 0.05122765018533446 0.7102466093252732 0.10245530037066893 0.5794704186823629
9 0.23109613322547545 0.717330761298547 0.14140880543444637 0.5607931440165448
23 0.20082091161807983 0.15306881397200128 0.03363095553496285 0.02381930800445433
23 0.24139134791574895 0.15415859929981973 0.03220486479079003 0.02770737667090888
23 0.3421453160645836 0.15376715328613852 0.034712305897782514 0.0324221486712271
23 0.2850867842134181 0.15521202196054726 0.03374008293962447 0.026944308004454333
9 0.35888379421058314 0.993855803946548 0.12120287740466171 0.0045340533497721935