6 0.8991627879510652 0.764856030415585 0.010924385342227793 0.1323859140651507
23 0.874948583130605 0.7664830178017134 0.008589725701307315 0.13386656851165418
23 0.8648059686692247 0.7691814318668638 0.010956201599006477 0.1378546640651505
23 0.8890292638487644 0.7691169444807355 0.008621541958086 0.1393353185116542
23 0.739937778875879 0.7962027780533324 0.013613048106406112 0.057495041469812234
23 0.7658235680052945 0.8132712269648732 0.011292024004105094 0.061319445916316086
23 0.8087968631848345 0.8125519751507747 0.013640319183645033 0.06218254146981224
23 0.7885798119551704 0.8296675532810758 0.011305659542724555 0.06366319591631608
23 0.8355229896482674 0.8397493922111501 0.01290906615858276 0.07074900961864686
23 0.3692303691367627 0.8755679073569105 0.007667575135573301 0.10962053666048917
23 0.3762388932390636 0.8714161206964217 0.006931776930971356 0.11740575480932343
23 0.8351917124227086 0.9171204240623154 0.016797135440423716 0.06776041887447377
6 0.6825333032727674 0.5997295713372431 0.013703951697202222 0.07312004146981224
6 0.1090958032727675 0.6197544500926673 0.008512457649130578 0.12058531851165419
6 0.7044264839909268 0.6020906795046111 0.009230075135573302 0.10967510036281976
6 0.3372526195295461 0.6172568995523623 0.006827237801555697 0.09943700480932342
6 0.3451060261454044 0.6240153310407079 0.006999954624068483 0.12912450480932341
6 0.7115350020431035 0.6151263928441223 0.00685905405833438 0.10490575480932343
6 0.6870940591264999 0.7120931620814159 0.020149394417413903 0.10693204627913566
23 0.7387201916400572 0.7212300599044978 0.01288179508134384 0.06606150961864685
23 0.37788268558993304 0.7510217751429253 0.006136891392351895 0.11503472295815804
23 0.37087870666717193 0.7559548118034144 0.008444279956033451 0.10886656851165419
23 0.7998122277444107 0.7456645755135944 0.01056531615858276 0.07066716406515053
23 0.7763792729239506 0.7472642810485572 0.01135565651766246 0.07225694591631608
23 0.8193480229239505 0.7457637792344587 0.012822707747326235 0.055905259618646855
23 0.7568707488216496 0.751852577327693 0.010533499901804078 0.06519841406515052