6 0.7356713039810548 0.5783706360118183 0.017292640015886106 0.051354168874474124
6 0.8690741392084025 0.5939733325611064 0.01889605032431163 0.05375248257680489
23 0.05300307995563715 0.6358308617955651 0.013345479707460538 0.04887400961864685
6 0.5948808883976235 0.7172917483555376 0.01865058847375849 0.039689982576804894
6 0.7174825913197228 0.7246999989885097 0.017306276785361164 0.05213541887447413
23 0.045430313316545644 0.7113938569862417 0.017224456168510205 0.04744791887447395
6 0.010283340505648674 0.7146354188744739 0.02056668101129735 0.0261458377489479
6 0.8171553088523187 0.7469420759376845 0.018060253246410696 0.05060020072563933
6 0.894430875004943 0.7535492292030618 0.02034945616851047 0.047557046279135665
6 0.04906778206695756 0.7717137980932343 0.014676154626382642 0.03564732332097762
6 0.04273991559002185 0.8207415751350762 0.026848872158978576 0.017333832939624472
6 0.9411950064994123 0.8958929858264838 0.01408581939903506 0.04655754146981224
6 0.528585912343611 0.8877381684111377 0.018073890015886107 0.051381450725639155
6 0.6035762297140511 0.9356970079741842 0.03640115016215582 0.027817465153609788
6 0.9394455458666753 0.9513344539753182 0.013140928165332966 0.03715525961864685
6 0.750741556012945 0.9689782778444502 0.014181276785361163 0.05202629146981223
6 0.8218080324739947 0.9730234263005041 0.012632413554836575 0.05275297776748147
6 0.7178323823052483 0.03288452122102825 0.040897735389503434 0.017043656260602245
6 0.007655677151035545 0.025272818511654284 0.01531135430207109 0.014608137023308565
6 0.7031971379872912 0.06520594790005055 0.04184262662320535 0.026445938111767674
6 0.5252942804388092 0.09104421768549842 0.0283840986200282 0.01582589664195542
6 0.9162368802766533 0.1312749251193778 0.04574887662320535 0.02658234736759484
6 0.03012605641339151 0.155052087748948 0.024436938311602718 0.013345737386128232
6 0.024147017453165675 0.2736656784931208 0.02135284862002823 0.015580359981466608
6 0.5169384894499884 0.3010367765785058 0.014099456168510115 0.047338791469812236
6 0.0255810580382446 0.37064980589778257 0.02369659862002823 0.015662205534962847