6 0.2546875 0.55234375 0.01640625 0.05078125
6 0.12109375 0.56328125 0.01796875 0.053125
23 0.9359375 0.63359375 0.0125 0.0484375
6 0.39296875 0.69609375 0.01796875 0.0390625
6 0.2703125 0.69921875 0.01640625 0.0515625
23 0.9421875 0.709375 0.01640625 0.046875
6 0.98359375 0.7140625 0.0328125 0.025
6 0.1703125 0.71796875 0.0171875 0.05
6 0.09296875 0.721875 0.01953125 0.046875
6 0.9375 0.76953125 0.0140625 0.03515625
6 0.94296875 0.81875 0.0265625 0.01640625
6 0.04375 0.8625 0.01328125 0.04609375
6 0.45625 0.86875 0.0171875 0.05078125
6 0.38046875 0.9140625 0.0359375 0.0265625
6 0.04453125 0.91796875 0.0125 0.03671875
6 0.2328125 0.9421875 0.01328125 0.0515625
6 0.16171875 0.94375 0.01171875 0.05234375
6 0.28203125 0.0078125 0.040625 0.015625
6 0.9921875 0.025 0.015625 0.0140625
6 0.29609375 0.040625 0.04140625 0.025
6 0.4734375 0.07265625 0.028125 0.01484375
6 0.08203125 0.09921875 0.0453125 0.025
6 0.9671875 0.15390625 0.02421875 0.0125
6 0.97109375 0.27265625 0.02109375 0.01484375
6 0.478125 0.2828125 0.01328125 0.046875
6 0.96796875 0.36953125 0.0234375 0.01484375