23 0.1186026221272031 0.9748630873577018 0.012257260874414921 0.05027382528459654
23 0.1317247046367171 0.9710727498982408 0.0125755958553869 0.057854500203518455
6 0.06406236075849658 0.9207761501621559 0.01421635030401116 0.08065966477265221
23 0.0788424437623022 0.919472748782184 0.016574687756441043 0.10021818831160267
23 0.15350952132890033 0.8934517654212755 0.014230937756441043 0.10017727800317715
23 0.22018768535934524 0.8821245275961402 0.025107429353484 0.06055171631478018
23 0.5805521823935956 0.8743622150936687 0.01520318874502422 0.10487841477265221
23 0.03905043189930411 0.8625681838473758 0.010883103269760674 0.09465398092527658
6 0.500811649770351 0.7183928587630026 0.01405718281352506 0.07675341477265221
6 0.5124985662722537 0.7178161603051303 0.014120849809719616 0.07831591477265239
23 0.649712064789379 0.7131849817327602 0.026207014334456068 0.06837785308425523
6 0.47895389581601827 0.6992746659871731 0.0312075321289532 0.15278012662320534
23 0.342984562317921 0.6961206180984935 0.02244534437251211 0.0526983060063543
6 0.13443989186168553 0.6745244874180983 0.02986786661563352 0.15822160308425523
6 0.2549288053978388 0.6617944366867496 0.014120849809719616 0.07831591477265239
6 0.26730147140545 0.6588876249983524 0.01324409931542796 0.07595852800317715