6 0.034610736132291646 0.02270051560383223 0.015153527735416705 0.04540103120766446
6 0.27301861949104167 0.04478633791301303 0.033650261017916704 0.08957267582602606
6 0.44754584080569443 0.04833244290019634 0.012828614741388833 0.08182321008590827
6 0.46311628941892363 0.04985732134889882 0.01956892401194459 0.06969170228399216
6 0.20305030518649297 0.09313808910043764 0.03346907627239597 0.13050304952503017
6 0.2324273742406943 0.1719690959978426 0.019478658244375068 0.09933825870642723
6 0.2705631538759721 0.17621286069716366 0.03303331838861121 0.14530585594746528
6 0.2048082544653122 0.31933209690235376 0.01906369699770858 0.24913354081860292
6 0.18754801928295112 0.323357855608781 0.022352351158021033 0.2563285651288624
6 0.4097314905976039 0.33200143600279136 0.01382741707809032 0.05768634724103805
6 0.0050246902076213785 0.43297959633652694 0.010049380415242757 0.15382104081860284
6 0.4086943610385759 0.4100854924252265 0.014935975398715228 0.07178979081860284
6 0.21630553286631898 0.4958569753510562 0.01655498641663211 0.17487384724103805
6 0.255494666225069 0.5218938528952476 0.020804768901701465 0.08926389586155707
6 0.44201208805281195 0.5878077007021124 0.02191659327423636 0.2711313715512976
6 0.25382110382038137 0.6273216593176827 0.021313261967847285 0.07758608943912186
6 0.4255506334556592 0.62456407225341 0.01517497758291686 0.21615726650834333
6 0.21117900893062447 0.649063862506186 0.020713849923750072 0.08535764586155707
6 0.6643579071070134 0.656525643940993 0.012012303570972448 0.14732537935321374
6 0.5056005029467008 0.6718684401866628 0.02155291736243079 0.2555063715512976
6 0.5203351501731591 0.6757780122129302 0.020590482616909968 0.28120573439616764
6 0.5331429682774299 0.7289472778167625 0.016319250284340468 0.19827040366347326