23 0.39921875 0.00859375 0.034375 0.01640625
23 0.43671875 0.01953125 0.034375 0.03828125
6 0.55078125 0.025 0.0375 0.04921875
23 0.39765625 0.11953125 0.03828125 0.05234375
6 0.49765625 0.146875 0.06953125 0.084375
23 0.55078125 0.16328125 0.03828125 0.05234375
23 0.39453125 0.19375 0.03203125 0.04765625
23 0.39453125 0.284375 0.03125 0.06328125
23 0.4328125 0.284375 0.03671875 0.05234375
1 0.75703125 0.340625 0.2375 0.68125
23 0.5515625 0.37890625 0.0375 0.0546875
6 0.44609375 0.3859375 0.06015625 0.09140625
6 0.978125 0.42109375 0.01484375 0.10546875
23 0.95703125 0.42578125 0.01796875 0.115625
23 0.55078125 0.44609375 0.03828125 0.0578125
6 0.39296875 0.44453125 0.0328125 0.175
23 0.51015625 0.45546875 0.0328125 0.0546875
23 0.965625 0.52734375 0.0390625 0.05390625
23 0.50703125 0.5265625 0.0375 0.053125
1 0.153125 0.5 0.30625 1
23 0.965625 0.5875 0.0390625 0.05390625
28 0.51015625 0.96953125 0.2703125 0.06015625