23 0.5421089348711376 0.007089497827006368 0.020469630257724702 0.014178995654012736
23 0.2957285798281835 0.01686195984835262 0.021824090343632994 0.03372391969670524
23 0.2905254234511768 0.09591017840830282 0.022967188489182177 0.08112351442797028
23 0.28643770974722405 0.20366811470597196 0.025147164178922665 0.07808035998146652
23 0.8770627097472239 0.18304303522490845 0.02469346279944169 0.08430307813030109
23 0.7501317175491401 0.1944939451137078 0.024280704997525503 0.0913070462791357
23 0.5381673060837509 0.20657482677953873 0.02156846279944169 0.08419395072563943
23 0.2798800932843092 0.29903517840830285 0.023584664178922667 0.07802579627913567
23 0.5353311538906158 0.39461054011904995 0.02489818068726617 0.08820932813030113
23 0.4704464603130509 0.39765618376578044 0.02448874491161739 0.08039682813030113
23 0.6935597337187993 0.4109200424813026 0.0246525192218769 0.08352182813030104
1 0.6008875548405554 0.4531472372164923 0.0745540219354103 0.15778770734906136
23 0.4641378273417926 0.5031522156169459 0.026133132066747146 0.082013891832632
23 0.5305440773417927 0.5008332582678845 0.025065277023793086 0.07651785998146643
23 0.6873329879026707 0.514853574332468 0.025641809135968606 0.07263889183263199
23 0.43135854760446624 0.6524627348542396 0.018897164178922666 0.07786210517214301
23 0.44768291044933645 0.6534523159797656 0.01873338986866315 0.074737105172143
23 0.4132260232942067 0.6562152174310444 0.018938107756487632 0.07864335517214319
23 0.4647885232942067 0.6544146152541261 0.01737560775648763 0.07858879146981224
1 0.34885258480502446 0.7387846699707824 0.09050657055592932 0.16458334437236993
23 0.6752955760985972 0.7445410743324681 0.027654688489182178 0.08128720553496294
1 0.5826643407979184 0.7859870190676577 0.07364994120271576 0.15541667549789598
23 0.45348145183376626 0.840406678956457 0.018689124264830957 0.08877232332097762
23 0.4043036454113311 0.8413441855798791 0.019883132066746967 0.08179563702330839
23 0.4369933146786365 0.842542097830931 0.017744099954571445 0.08562004146981224
23 0.4213683146786365 0.8430877348542396 0.020087849954571448 0.08570188702330839
23 0.20471640321324722 0.8553323076270629 0.02234971279944169 0.08422123257680454
23 0.03983170963568234 0.8618700282229683 0.021118083446228085 0.07560020072563951
23 0.6705903867049038 0.8492012924813025 0.025147164178922665 0.07808035998146678
9 0.8818963789029877 0.8348039426666372 0.08032706637205748 0.2679439573490612