9 0.12421875 0.21484375 0.0734375 0.4296875
23 0.8828125 0.271875 0.0015625 0.00625
23 0.878125 0.30546875 0.0171875 0.084375
23 0.2921875 0.30625 0.0296875 0.06953125
23 0.89453125 0.30625 0.01484375 0.08046875
23 0.4375 0.30859375 0.02890625 0.0578125
23 0.3640625 0.31171875 0.0296875 0.0640625
6 0.5484375 0.34921875 0.01953125 0.2265625
6 0.484375 0.36484375 0.01875 0.0890625
23 0.90625 0.42734375 0.028125 0.04296875
1 0.96953125 0.45234375 0.0609375 0.153125
23 0.90625 0.48515625 0.028125 0.0453125
9 0.3703125 0.58984375 0.3203125 0.28203125
6 0.5796875 0.6796875 0.03125 0.115625