28 0.384375 0.9515625 0.04140625 0.03203125
23 0.36640625 0.95703125 0.0234375 0.01875
28 0.2671875 0.9640625 0.0328125 0.02734375
6 0.36015625 0.97421875 0.02578125 0.0203125
1 0.31328125 0.9734375 0.0703125 0.053125
28 0.1515625 0.98671875 0.0375 0.0265625
23 0.11796875 0.99140625 0.0171875 0.0171875
23 0.10859375 0.99765625 0.0203125 0.0046875
23 0.83828125 0.29296875 0.01875 0.01796875
23 0.83203125 0.3015625 0.02109375 0.021875
23 0.78515625 0.30234375 0.01953125 0.0234375
23 0.775 0.30859375 0.02109375 0.02109375
23 0.76484375 0.315625 0.0203125 0.01953125
23 0.75625 0.32734375 0.0203125 0.021875
6 0.7484375 0.3375 0.0234375 0.02265625
6 0.73671875 0.34375 0.02421875 0.02421875
23 0.728125 0.3515625 0.0203125 0.01875
23 0.71875 0.36015625 0.02109375 0.02109375
23 0.76796875 0.36171875 0.0203125 0.0171875
23 0.70625 0.3640625 0.01953125 0.021875
23 0.70078125 0.375 0.01796875 0.021875
23 0.72421875 0.40234375 0.02265625 0.01796875
23 0.66484375 0.41484375 0.01640625 0.0171875
28 0.75234375 0.41484375 0.04140625 0.0375
6 0.65703125 0.41953125 0.01640625 0.01875
28 0.64375 0.43125 0.03515625 0.03125
23 0.68203125 0.44296875 0.0234375 0.02109375
23 0.6265625 0.4484375 0.0203125 0.01796875
23 0.6703125 0.45 0.015625 0.015625
23 0.6609375 0.4546875 0.015625 0.01328125
23 0.73984375 0.46171875 0.0234375 0.02265625
6 0.7125 0.465625 0.01953125 0.0203125
6 0.64453125 0.475 0.025 0.01953125
6 0.6984375 0.4796875 0.0171875 0.0140625
23 0.73671875 0.484375 0.02265625 0.0140625
23 0.6328125 0.48515625 0.01953125 0.01875
6 0.68359375 0.49140625 0.01953125 0.015625
23 0.665625 0.50625 0.01796875 0.02109375
1 0.715625 0.52890625 0.0828125 0.06484375
23 0.6203125 0.53046875 0.0234375 0.02109375
23 0.68359375 0.553125 0.0234375 0.0203125
6 0.765625 0.55703125 0.0296875 0.0203125
23 0.75390625 0.565625 0.0234375 0.0203125
23 0.5796875 0.56796875 0.02265625 0.02109375
6 0.74609375 0.57109375 0.01484375 0.015625
23 0.609375 0.57265625 0.0234375 0.01953125
23 0.7390625 0.575 0.015625 0.01953125
23 0.5984375 0.5796875 0.02421875 0.01796875
6 0.55859375 0.5796875 0.0265625 0.025
23 0.73203125 0.58359375 0.0234375 0.02109375
23 0.62890625 0.584375 0.0203125 0.025
23 0.72265625 0.59140625 0.02109375 0.0203125
23 0.55078125 0.5921875 0.02421875 0.0203125
23 0.7125 0.59765625 0.01875 0.0203125
6 0.54140625 0.60078125 0.025 0.021875
23 0.6140625 0.60234375 0.0234375 0.01640625
23 0.528125 0.60546875 0.0171875 0.02109375
23 0.64296875 0.60859375 0.021875 0.015625
23 0.521875 0.6140625 0.01796875 0.028125
23 0.77734375 0.62109375 0.025 0.0234375
23 0.62421875 0.62421875 0.0203125 0.01796875
1 0.584375 0.625 0.08125 0.06640625
23 0.51640625 0.6265625 0.0171875 0.0171875
23 0.5453125 0.6484375 0.015625 0.0171875
23 0.74765625 0.6484375 0.021875 0.02109375
23 0.48984375 0.65078125 0.01875 0.01484375
23 0.5265625 0.6625 0.0203125 0.0171875
23 0.675 0.66484375 0.028125 0.02890625
23 0.609375 0.66875 0.02734375 0.02265625
23 0.49921875 0.6703125 0.0171875 0.01640625
23 0.4859375 0.671875 0.02421875 0.0203125
23 0.55234375 0.6765625 0.0171875 0.0171875
23 0.5890625 0.6875 0.01875 0.02109375
28 0.5421875 0.69375 0.040625 0.0359375
28 0.509375 0.69609375 0.0421875 0.03203125
23 0.6921875 0.69921875 0.02578125 0.0203125
23 0.4515625 0.70234375 0.025 0.0203125
23 0.4921875 0.709375 0.02734375 0.02265625
23 0.4140625 0.71015625 0.0203125 0.01953125
23 0.44140625 0.7140625 0.02109375 0.02265625
23 0.40546875 0.721875 0.01953125 0.01875
23 0.4734375 0.73046875 0.02734375 0.0234375
23 0.39453125 0.7375 0.02578125 0.02109375
23 0.45234375 0.7484375 0.0234375 0.021875
23 0.37890625 0.75078125 0.02265625 0.01875
23 0.36875 0.759375 0.025 0.021875
28 0.434375 0.7625 0.0375 0.03515625
23 0.353125 0.771875 0.025 0.01796875
6 0.46640625 0.77265625 0.0234375 0.01953125
6 0.41875 0.775 0.02265625 0.01953125
23 0.34375 0.78125 0.0203125 0.01796875
23 0.40859375 0.784375 0.01875 0.01796875
6 0.4 0.7890625 0.02109375 0.0234375
6 0.33046875 0.7953125 0.01640625 0.01640625
23 0.36875 0.81171875 0.01796875 0.01640625
28 0.39140625 0.8125 0.046875 0.03359375
6 0.31953125 0.81328125 0.021875 0.0203125
6 0.359375 0.81953125 0.01796875 0.01796875
6 0.30859375 0.82265625 0.01953125 0.01953125
6 0.34453125 0.82578125 0.0203125 0.0203125
6 0.33984375 0.8375 0.01796875 0.01640625
23 0.378125 0.83828125 0.02109375 0.01875
6 0.32734375 0.84609375 0.02109375 0.01328125
6 0.321875 0.85234375 0.01796875 0.01640625
6 0.36953125 0.85703125 0.02109375 0.021875
6 0.36171875 0.86640625 0.021875 0.01640625
1 0.29140625 0.87265625 0.059375 0.071875
28 0.24140625 0.87578125 0.040625 0.03515625
23 0.3515625 0.8765625 0.02890625 0.0203125
23 0.38203125 0.87890625 0.02109375 0.021875
23 0.36796875 0.89453125 0.02421875 0.01875
28 0.2171875 0.90234375 0.046875 0.034375
23 0.35859375 0.90234375 0.02265625 0.0203125
28 0.340625 0.91171875 0.03828125 0.025
6 0.25703125 0.9125 0.01796875 0.015625
6 0.425 0.915625 0.025 0.01953125
6 0.2421875 0.92109375 0.01640625 0.0140625
6 0.415625 0.9234375 0.0203125 0.01796875
23 0.22421875 0.9296875 0.021875 0.021875
23 0.40625 0.93046875 0.021875 0.0203125
6 0.32109375 0.9328125 0.01953125 0.0171875
23 0.40078125 0.93515625 0.01796875 0.01953125
23 0.2171875 0.93984375 0.0234375 0.0203125
28 0.29375 0.94296875 0.03828125 0.0296875
6 0.346875 0.94453125 0.01953125 0.02578125