1 0.7411087298065239 0.622958350285941 0.07214823165323558 0.18456124462331652
6 0.620296260057145 0.70329220553879 0.051944295081343836 0.06802656203449331
23 0.4560065010801545 0.734713371792675 0.023283484776493602 0.10886773180303493
23 0.49270252518245544 0.7403298250596627 0.0224931444174139 0.10726884449948208
23 0.36452752820751755 0.7429560572769823 0.022388605287998332 0.08930009449948209
23 0.6134781126146688 0.8006573571103666 0.034647710772388506 0.04847604135632864
23 0.790699142767094 0.8300110250168814 0.03618748487468935 0.044642565963434674
6 0.6984480102535366 0.8366548231976358 0.024028373340175158 0.10265411910658777
23 0.466857121788051 0.884477931345969 0.029128963797450603 0.03962758023145838
23 0.7832133748131132 0.9078085392849051 0.031472713797450605 0.03973674214211727
23 0.4586128297317692 0.9583328083104398 0.03384828005422928 0.04531465405277615
1 0.3523719200908488 0.9428157773978916 0.058566999803608244 0.11436844520421693
23 0.8047455455723233 0.2961454472666224 0.05748122277444097 0.08000002315936383
1 0.6402239824388026 0.3674103635205074 0.047879484678297855 0.17483948821317571
23 0.8081154643866257 0.3885148837843871 0.05344770774732659 0.057943086641599174