23 0.047022977111145156 0.7957794894845505 0.014245644376666733 0.07565509724103806
23 0.16306489798895762 0.8388567028498191 0.022512739266423675 0.09559578301668666
23 0.1285444276242354 0.8469082202626735 0.018515570288472283 0.09148481512886235
23 0.14723987623746457 0.8482693244011166 0.016262739266423677 0.09526823439616763
23 0.05339765083874922 0.9241944165537719 0.012720818388611232 0.14424132293077854
23 0.0740985426499648 0.571195569312734 0.014191092989895893 0.07331134724103805
23 0.04515592505878424 0.5742729816826343 0.008722996200277878 0.10657754862051902
6 0.22077352089847171 0.5720919267305373 0.009467878609097369 0.10505599219808381
23 0.052786587102881456 0.5816760459069855 0.00954061379145843 0.10818099219808382
6 0.825733124621944 0.5622356541177583 0.007433253134131945 0.11821441146538927
6 0.45229562462194395 0.5818066841937691 0.009341245250347362 0.13314004862051904
6 0.42335300703076334 0.5848840965636695 0.01380923328249999 0.05690509724103805
6 0.833363786666041 0.5696387183421097 0.009376959631146065 0.10114974219808381
6 0.459980838052812 0.5868659984181204 0.008850282769409823 0.11204629862051903
6 0.18752395659392307 0.6261143634106972 0.008141767951770929 0.11513035504295424
6 0.8155216700247913 0.5986644770485369 0.014448932180069818 0.2520128793532136
23 0.013177920024791128 0.6407135312076645 0.020168989266423694 0.09547295228399211
6 0.02847495849378414 0.687509966078802 0.02129573138263898 0.11035764586155708
23 0.8619232381290619 0.6500731688170795 0.013064350873680653 0.05842665366347326
23 0.003686058297994502 0.7179311284487024 0.007372116595989004 0.05785012155129756
6 0.4230237390789925 0.6996050158309748 0.024838958681215394 0.12849017017181658
23 0.17540320345979105 0.7445744363414756 0.018607142476805682 0.12894387155129755
6 0.49026513725538123 0.7272929245828307 0.010376415178229337 0.11056568577564878
23 0.1401924020730202 0.7487606473318951 0.01644457722232646 0.1030807343961678
23 0.15650773309506882 0.7518070822030326 0.018170731382639006 0.11019387155129756
23 0.12207818170829796 0.7559523496158873 0.021386650360590398 0.11426389586155708
23 0.8601230423656243 0.7274169188170795 0.013754681895729348 0.05456134724103805
6 0.029345167840589614 0.7842211917685427 0.022949150360590375 0.11434578301668682