9 0.6956662571926431 0.6609473243324681 0.5730918221824661 0.1690799376484314
23 0.1112039921489482 0.5502405582600354 0.030483121865896922 0.028380460344286363
9 0.6727097934817318 0.511120939123258 0.49650659012915455 0.16562506623421952
23 0.11385763070789254 0.5126859945577044 0.02961094365265158 0.0252281784931208
23 0.1521843448145152 0.5097866838505984 0.03381271034569897 0.035520837748947896
23 0.9762356102539215 0.4599378627222374 0.0194546936526514 0.024873514427970277
23 0.11497150132014824 0.47440474455770437 0.03363085391920824 0.029270837748947898
23 0.19778400132014823 0.47151286833416906 0.032872335972519595 0.030024805897782513
23 0.15405673337345957 0.47225940199943306 0.03115071159934022 0.024501492195451745
6 0.004316789473072061 0.467586804083684 0.008633578946144123 0.026545141832631992
23 0.9763181782797524 0.4302776445734029 0.020994461599340042 0.024146828130301046
23 0.11378708603902661 0.4346428401112007 0.031196175705962892 0.026063992195451746
23 0.15514787193240392 0.43475940199943297 0.03604280007914227 0.031696433302444225
23 0.9756422283588947 0.3998634582757337 0.024187657759274117 0.026599705534962846
23 0.7791369528903586 0.3403867984717524 0.03353992570596276 0.026145837748947985
23 0.7818815196625483 0.2997072347694215 0.03036946159934022 0.024474210344286273
23 0.7814556223281153 0.2606992984717523 0.03581547954602886 0.023883933302444225
23 0.02085074294037102 0.24901785335804458 0.03360812186589692 0.028489587748947987
6 0.0020305269366597397 0.250590277041842 0.0040610538733194795 0.029288195916315995
6 0.7421179891794474 0.19105148658352006 0.031378032132453625 0.0323139921954517
23 0.002513583069525727 0.216215277041842 0.005027166139051454 0.026944445916315996
6 0.4696245267221773 0.06086551189608154 0.039349656505632956 0.03805556070710599
23 0.3479404963720903 0.89005699329176 0.032781407759274295 0.026899805897782514
1 0.8565789574427051 0.08334196550111181 0.2860381030612785 0.16668393100222362
9 0.6883525477048738 0.8586581380347988 0.5756712529029938 0.1504390650530933
23 0.350616866984346 0.8517211795894291 0.03351719365265158 0.02536458774894825
9 0.38077497538939375 0.09114581125526014 0.11657504922121245 0.18229162251052028