23 0.9954265062158258 0.8988474605347335 0.009146987568348308 0.1222386266709087
23 0.9737411082870387 0.8976940405395059 0.0469943582126767 0.11845964600572714
23 0.04250835433270596 0.8897710246658181 0.017402358706968137 0.12045795066836362
23 0.11581852034031717 0.8857915019891823 0.03149935079830275 0.08313976400381798
23 0.0765013523555396 0.8799960353278184 0.02776685574121862 0.1065227200031817
23 0.15446718486505362 0.8751807186505463 0.036074104258343856 0.09959146733768165
6 0.4496404220134723 0.8107796746101389 0.2840990632693231 0.30316355203690754
23 0.04355627079742771 0.4934772799968183 0.060722571672280144 0.3403891900063634
23 0.1178413463868595 0.4558767353198642 0.10816791604479228 0.39326019867918127
6 0.9832064308363588 0.4057787132002334 0.03358713832728242 0.566079533338636
6 0.34654466653908383 0.3906858979551384 0.3132732045995361 0.57837263737268
6 0.7351614975657231 0.37522124590232264 0.317081295512007 0.6143374093729982