9 0.5660908133752253 0.2892566775752025 0.4941270960773146 0.578513355150405
9 0.21552773937777067 0.31748279073715635 0.1659475520766783 0.5722667599247975
23 0.3992242234245412 0.6536449609199828 0.03642839600572696 0.04386131596343468
23 0.2601889954248594 0.6624656509524041 0.013899415340545129 0.053743584160399746
6 0.39958785009545017 0.6848949609199828 0.03319430800445433 0.03434076674922295
23 0.553566825429632 0.6839766621200558 0.03170453333863606 0.040517992142117085
6 0.5537759107654046 0.7019454121200558 0.025245448002863567 0.022258143713693633
23 0.5007509080999044 0.713013498761655 0.02929714867122719 0.03494008023145838
23 0.5549844221037226 0.7386277748165029 0.027035214672181597 0.041862168320799496
1 0.3786962841342666 0.9719604673301234 0.16275453866963616 0.02944355913900907
9 0.7824628900779509 0.5380861575719418 0.39584632678226744 0.8695378279551467