23 0.20703125 0.66640625 0.01015625 0.1046875
23 0.15859375 0.6703125 0.01015625 0.0890625
23 0.54375 0.6734375 0.01171875 0.09453125
23 0.44609375 0.678125 0.01015625 0.0890625
6 0.46171875 0.67734375 0.0109375 0.0953125
6 0.14296875 0.678125 0.0125 0.1046875
6 0.22421875 0.68046875 0.01015625 0.109375
23 0.95078125 0.6796875 0.01171875 0.1078125
23 0.1265625 0.68203125 0.009375 0.0890625
23 0.88984375 0.68359375 0.0109375 0.1
6 0.55859375 0.68359375 0.01171875 0.1
23 0.10234375 0.68671875 0.009375 0.096875
23 0.11484375 0.68671875 0.01171875 0.096875
23 0.2515625 0.6875 0.009375 0.0921875
23 0.2640625 0.6890625 0.01328125 0.09453125
23 0.5015625 0.6890625 0.01328125 0.08671875
23 0.47578125 0.69140625 0.0109375 0.08359375
6 0.87421875 0.6890625 0.01328125 0.11015625
23 0.2390625 0.69296875 0.01015625 0.08671875
23 0.48828125 0.69140625 0.01171875 0.0921875
6 0.96875 0.6921875 0.0140625 0.1
23 0.5734375 0.69453125 0.009375 0.0890625
23 0.59921875 0.69140625 0.01171875 0.1
23 0.5859375 0.69453125 0.01171875 0.096875
23 0.84765625 0.6953125 0.0109375 0.0921875
23 0.86015625 0.696875 0.01171875 0.09453125
23 0.98203125 0.7015625 0.01015625 0.0796875
23 0.99453125 0.7 0.0109375 0.078125
23 0.83359375 0.70234375 0.01171875 0.096875
6 0.38515625 0.728125 0.0140625 0.14921875
6 0.409375 0.73359375 0.01484375 0.14453125
6 0.36015625 0.7359375 0.01328125 0.15703125
23 0.14375 0.7875 0.01015625 0.08671875
23 0.2234375 0.7875 0.0109375 0.08671875
23 0.4609375 0.7890625 0.01015625 0.0734375
23 0.5578125 0.78984375 0.01328125 0.1
23 0.87421875 0.796875 0.01171875 0.0890625
23 0.98046875 0.80234375 0.0109375 0.0859375
23 0.63125 0.86875 0.01171875 0.0921875
23 0.60234375 0.87265625 0.01171875 0.0921875
23 0.646875 0.87890625 0.01171875 0.096875
23 0.89609375 0.91328125 0.01171875 0.08671875
6 0.61953125 0.92109375 0.009375 0.078125
23 0.90859375 0.92265625 0.0125 0.0734375
23 0.99609375 0.946875 0.00703125 0.090625
23 0.94921875 0.95625 0.0109375 0.0875
23 0.96328125 0.95625 0.0140625 0.0875
23 0.92109375 0.98984375 0.01015625 0.01953125
23 0.9078125 0.98984375 0.01015625 0.01953125