23 0.07580397589769905 0.002658105309181673 0.008639201795398099 0.005316210618363346
23 0.07719882513557323 0.10670137858578807 0.012023797910014311 0.187100695916316
6 0.05945278893302388 0.1456101111625929 0.019454502828670384 0.12174851442797023
23 0.09859710216474044 0.15830851860432152 0.020994276930971334 0.11789682813030114
23 0.18894588797450634 0.37629213757146274 0.008753352164740403 0.16199156851165428
23 0.2108072524358869 0.3731844957388307 0.01038857503737738 0.17454613221398513
23 0.19988338797450636 0.3759101916551467 0.008762442523820057 0.16355406851165427
23 0.223352704231285 0.3805604861201839 0.008826075037377378 0.1744915685116543
23 0.15616974941082482 0.38368797532041066 0.007863017855785026 0.1432142866604888
23 0.16708906869266557 0.3801810294040947 0.0112334575509347 0.1855109140651506
23 0.17807202048806364 0.3876115834877787 0.010356758780598696 0.16907738221398513
23 0.13430838494944425 0.38679561715304267 0.011106192523820058 0.16363591406515052
23 0.1233981560266831 0.39186506306935864 0.01028858108750157 0.15735863221398513
23 0.14604531566760345 0.38951138938556124 0.008803349139678307 0.1705853185116543
23 0.23446292105379776 0.40986604020386797 0.006954502828670428 0.12131200480932343
6 0.05384015583029137 0.5240079296742473 0.016888039031219736 0.08338541887447395
6 0.21258844193464488 0.5450322138876653 0.009575508780598697 0.16905010036281976
6 0.20086969193464482 0.5454414416551467 0.008789713601058935 0.1682415685116542
6 0.22431628229372444 0.5461854861201839 0.010284035907961809 0.15657738221398515
6 0.18997764373004294 0.5536358875714626 0.010261310010262736 0.15267113221398515
6 0.13449525819142352 0.5532291490042082 0.010320397344280252 0.16282738221398513
6 0.15794184855050314 0.5539731934692453 0.008689719651183125 0.1510540685116542
6 0.168906619627742 0.5582787475529293 0.009434608214864637 0.14483135036281974
6 0.14627764070498087 0.5637574212367267 0.010265855189802543 0.15345238221398513
6 0.23532650516636142 0.5583035402038679 0.011110737703359862 0.1644171640651507
6 0.17907195998682163 0.5594865834877787 0.009443698573944248 0.14639385036281957
23 0.05527136650448403 0.6356993978230818 0.018550532981095526 0.1006274825768049