23 0.778125 0.5046875 0.0140625 0.12890625
23 0.840625 0.509375 0.01484375 0.1390625
23 0.5328125 0.51796875 0.015625 0.14609375
6 0.6265625 0.5171875 0.01953125 0.14453125
23 0.66796875 0.5171875 0.01015625 0.14453125
6 0.68203125 0.52265625 0.01328125 0.1359375
23 0.6515625 0.52265625 0.0171875 0.13515625
23 0.51328125 0.53046875 0.015625 0.1515625
28 0.35625 0.5328125 0.01953125 0.18515625
23 0.38125 0.53671875 0.01484375 0.13359375
6 0.421875 0.54140625 0.009375 0.1234375
23 0.40078125 0.54453125 0.0140625 0.1296875
28 0.446875 0.54609375 0.034375 0.2515625
28 0.7046875 0.55546875 0.02890625 0.23046875
1 0.9078125 0.55703125 0.065625 0.475
28 0.4828125 0.5765625 0.03515625 0.26328125
23 0.96640625 0.57734375 0.015625 0.134375
23 0.81796875 0.65390625 0.0109375 0.1375
23 0.78046875 0.659375 0.015625 0.1390625
23 0.79765625 0.665625 0.0125 0.1515625
28 0.7515625 0.68125 0.03359375 0.1921875
23 0.61328125 0.68984375 0.0125 0.140625
23 0.628125 0.6890625 0.0125 0.1484375
23 0.98203125 0.70859375 0.01171875 0.12734375
28 0.2953125 0.71015625 0.03203125 0.2203125
6 0.95546875 0.71484375 0.01328125 0.1390625
28 0.39609375 0.71953125 0.0328125 0.1984375
6 0.26875 0.7171875 0.0125 0.15390625
28 0.33046875 0.7203125 0.034375 0.2
6 0.3546875 0.72265625 0.01015625 0.15546875
23 0.2484375 0.721875 0.015625 0.14375
28 0.66015625 0.7390625 0.03125 0.2375
23 0.8484375 0.7703125 0.01015625 0.13046875
6 0.4484375 0.7734375 0.01953125 0.18671875
6 0.8609375 0.7765625 0.01171875 0.1625
28 0.81328125 0.86875 0.0328125 0.24765625
23 0.25 0.87109375 0.0171875 0.1421875
23 0.90390625 0.87109375 0.01015625 0.153125
28 0.98984375 0.87265625 0.0203125 0.21484375
23 0.890625 0.87265625 0.01015625 0.1546875
23 0.91875 0.8765625 0.01171875 0.16328125
6 0.8765625 0.87734375 0.01328125 0.1453125
23 0.709375 0.88125 0.01171875 0.17265625
23 0.77421875 0.88984375 0.01640625 0.18984375
6 0.96796875 0.89609375 0.015625 0.16171875
6 0.7296875 0.89453125 0.01875 0.2109375
6 0.95234375 0.8953125 0.0109375 0.18125
23 0.75390625 0.89921875 0.015625 0.19921875
23 0.39453125 0.9015625 0.01015625 0.153125
6 0.3671875 0.9046875 0.01328125 0.13984375
23 0.38125 0.90546875 0.01015625 0.14140625
6 0.6890625 0.89453125 0.021875 0.2109375
23 0.41640625 0.91015625 0.0140625 0.140625
6 0.30625 0.91171875 0.01328125 0.15390625
28 0.33203125 0.9125 0.03203125 0.175
23 0.66484375 0.93515625 0.0125 0.1296875
23 0.53828125 0.93984375 0.0109375 0.1203125
23 0.62265625 0.9375 0.01171875 0.125
6 0.5609375 0.93515625 0.0234375 0.1296875
6 0.60234375 0.9375 0.0234375 0.125
23 0.58125 0.94453125 0.0125 0.1109375
6 0.64375 0.93203125 0.021875 0.1359375
6 0.51953125 0.93515625 0.02265625 0.1296875
23 0.13203125 0.99453125 0.0140625 0.0109375
23 0.15 0.99453125 0.015625 0.0109375
23 0.81796875 0.49296875 0.0109375 0.125