6 0.6020579245698391 0.09915777260451439 0.3322408491396782 0.17802242933027806
6 0.2140715903590796 0.00654485999173629 0.05001818071815922 0.004288762917777819
6 0.07371475595192835 0.049365526785486176 0.1474295119038567 0.09873105357097235
6 0.4138812136992548 0.11274422786725728 0.04881474990180408 0.06597114532659729
23 0.41122436719185507 0.19314024268489619 0.04901019262201593 0.09956489532659729
23 0.6250646742752515 0.2941981688810422 0.03254485528799833 0.08902678561920148
23 0.6797749001729506 0.2993772845723617 0.03727780708339647 0.09694838839274311
23 0.7697640959182245 0.32646842106524365 0.09022099990180407 0.06693488649288196
1 0.2793572645361353 0.35254899743454887 0.10933058996629619 0.26344686379145843
1 0.17009134884509072 0.3687532660519099 0.11282829468856051 0.3275820989738195
23 0.7748606620768073 0.3968900238387854 0.07220225292686618 0.05792290919430556
23 0.6750515596174793 0.42737499800322976 0.0706670240041051 0.06257404160312507
6 0.8642322342855143 0.45208797653607713 0.062259626365237256 0.09440526985163196
1 0.018552095623636907 0.5034886759118056 0.03204592730031368 0.2718029180280208
6 0.8752202521412993 0.5952931158787507 0.10636415036934252 0.1563610624046877
6 0.3119435473208391 0.5829638492581599 0.032953400565734106 0.02498246941479181
23 0.8401645169720222 0.746019161281598 0.041279505853732704 0.11344555737069442
6 0.2863128091265 0.7425018502080905 0.08499768959695383 0.10899509992375016
6 0.19116393558993305 0.7684084271460765 0.10248062626704142 0.1601763934267364
6 0.04602869759198562 0.7954949911662847 0.08333519564707802 0.0917712323325695
23 0.8532826613894361 0.8525601020110424 0.04117496672431713 0.09547680737069442
23 0.7994991312370111 0.8723991701153132 0.07139373184962743 0.05321722539871523