1 0.06955237950439586 0.6130260236513541 0.10201873372555866 0.3200417026972918
23 0.17279012604435473 0.594201328837847 0.029841350304011183 0.08108699905006951
6 0.7593086047898165 0.4796731293715967 0.08437895307948011 0.17445644576343752
23 0.14107059935260904 0.4682570778879166 0.030497924904859808 0.03973530043684033
1 0.9687155079086655 0.20170721105923528 0.06256898418266914 0.2999649388295834
6 0.0121020464634092 0.2202397648176389 0.009051347832553226 0.06889547036472221
23 0.9022031230414242 0.1674608040491312 0.027963173916276673 0.034993249050069467
1 0.18830244912514754 0.14966942562746513 0.07808253212895315 0.1540166591943056
23 0.030669021254538253 0.10016300094993054 0.014711098821136392 0.07371025693385418
1 0.06722860376405228 0.09540211255718745 0.04401393825073263 0.10327112357510422
6 0.0092423488211364 0.07329202963527777 0.014155341901054178 0.04091594072944447
23 0.8918519189733608 0.0007136609293659516 0.02667258794672165 0.0014273218587319031
23 0.25197633547526355 0.0073741292746874 0.02582767095052709 0.0147482585493748
1 0.5385544585166877 0.19399156197817694 0.31304641703337543 0.38798312395635387