23 0.40546875 0.01015625 0.02109375 0.01953125
1 0.23046875 0.025 0.17109375 0.05
23 0.0546875 0.06796875 0.0421875 0.04609375
23 0.46328125 0.0703125 0.034375 0.06171875
23 0.5046875 0.07734375 0.0265625 0.05390625
6 0.05234375 0.115625 0.04453125 0.0578125
23 0.459375 0.13203125 0.0328125 0.0515625
23 0.515625 0.13203125 0.03203125 0.0515625
6 0.4859375 0.1359375 0.0078125 0.05390625
23 0.5703125 0.1828125 0.08671875 0.04765625
23 0.50078125 0.18359375 0.03046875 0.05390625
6 0.46953125 0.1875 0.04296875 0.03984375
6 0.4578125 0.225 0.0328125 0.05390625
6 0.503125 0.2296875 0.01640625 0.0515625
23 0.48203125 0.23359375 0.01015625 0.0421875
23 0.5546875 0.2328125 0.0984375 0.04609375
1 0.26640625 0.23203125 0.371875 0.403125
6 0.98671875 0.45234375 0.0265625 0.05
23 0.975 0.49296875 0.05 0.04765625
23 0.8828125 0.540625 0.02265625 0.11953125
1 0.7171875 0.54375 0.0625 0.10390625
6 0.99609375 0.5640625 0.00703125 0.0390625
23 0.99609375 0.61484375 0.00703125 0.0671875
23 0.92578125 0.6390625 0.08046875 0.0875
23 0.89921875 0.7609375 0.06640625 0.0640625
6 0.71640625 0.85546875 0.09453125 0.1234375
1 0.98046875 0.91171875 0.0390625 0.13125
1 0.86953125 0.959375 0.07109375 0.08125
23 0.93125 0.98984375 0.03359375 0.01953125
1 0.9875 0.984375 0.025 0.03046875