9 0.7140625 0.6046875 0.571875 0.1375
23 0.1828125 0.6828125 0.0171875 0.053125
6 0.1375 0.68359375 0.015625 0.05546875
23 0.16015625 0.68671875 0.015625 0.0578125
23 0.56796875 0.7 0.04375 0.0328125
23 0.61484375 0.7015625 0.03828125 0.03671875
9 0.63828125 0.8109375 0.7234375 0.140625
23 0.49453125 0.9453125 0.04375 0.025
6 0.39921875 0.97734375 0.01796875 0.04453125
6 0.725 0.996875 0.03359375 0.00625
23 0.76796875 0.996875 0.03984375 0.00625
1 0.1953125 0.8734375 0.14140625 0.253125
23 0.28359375 0.00390625 0.03359375 0.0078125
9 0.7109375 0.0421875 0.578125 0.084375
6 0.2890625 0.046875 0.034375 0.03046875
23 0.63125 0.140625 0.0203125 0.0578125
23 0.5328125 0.1796875 0.0125 0.05
23 0.51015625 0.18125 0.0171875 0.05546875
6 0.57578125 0.18203125 0.01953125 0.05078125
23 0.4640625 0.1828125 0.01953125 0.0515625
6 0.5546875 0.18359375 0.02109375 0.053125
23 0.48828125 0.18515625 0.0171875 0.05078125
23 0.2796875 0.240625 0.0359375 0.0328125
6 0.23046875 0.24296875 0.03671875 0.03203125
9 0.71015625 0.315625 0.57890625 0.1421875
6 0.3484375 0.325 0.0203125 0.05859375
1 0.27109375 0.33046875 0.04453125 0.1171875
1 0.18359375 0.334375 0.053125 0.12421875
23 0.6203125 0.40703125 0.0390625 0.02734375
6 0.6640625 0.4078125 0.03359375 0.02890625
6 0.25078125 0.43125 0.034375 0.0234375
23 0.175 0.43515625 0.0375 0.03203125
6 0.43046875 0.44609375 0.01953125 0.05390625
6 0.5546875 0.4625 0.01875 0.05859375
6 0.50234375 0.46484375 0.02109375 0.05546875
6 0.578125 0.46484375 0.01796875 0.05546875
23 0.62421875 0.465625 0.01796875 0.04765625
23 0.309375 0.46953125 0.03359375 0.0265625
6 0.6 0.46875 0.01796875 0.05078125
23 0.25 0.47109375 0.03671875 0.0234375
6 0.1953125 0.471875 0.0359375 0.028125
23 0.71953125 0.4765625 0.03203125 0.03125
23 0.6796875 0.48828125 0.0328125 0.03203125
23 0.25078125 0.50703125 0.03671875 0.02265625
6 0.3953125 0.53359375 0.0203125 0.05546875
6 0.2515625 0.5421875 0.03828125 0.02734375
1 0.1859375 0.565625 0.05 0.1140625
1 0.3109375 0.56640625 0.05625 0.115625