9 0.5600968403656547 0.8500464111831583 0.5855580764010206 0.29990717763368335
1 0.9587983970008505 0.6118355007956304 0.082403205998299 0.19491360534690844
6 0.7795908185964724 0.3417486254375861 0.07180556733052797 0.08829997867599956
6 0.5794172038056823 0.31208675541054187 0.09892362803763391 0.12688122067949942
6 0.7766716605217715 0.2581548754375861 0.04100943511654283 0.07857044267186337
6 0.853177107619214 0.19032303278163107 0.06259425843752027 0.09287839067472695
6 0.6661012043538366 0.1108338854232686 0.06261161660488845 0.07101248134149962
6 0.6015649892002268 0.07416004141467807 0.019605661069925694 0.047084085335772616
6 0.5519270877489479 0.03922142007476929 0.028697918874473947 0.016733514003818006
6 0.5533705366604889 0.013467442075087455 0.03017857332097762 0.014407945337363448
6 0.6442137914698123 0.02077195942072325 0.05795883293962447 0.027226118674408738