23 0.79375 0.1828125 0.00625 0.01484375
23 0.82265625 0.1828125 0.0140625 0.0171875
23 0.4046875 0.19609375 0.01796875 0.01640625
6 0.45 0.2078125 0.0203125 0.03203125
23 0.56640625 0.2078125 0.0265625 0.015625
6 0.53671875 0.209375 0.021875 0.0375
23 0.821875 0.209375 0.0109375 0.01484375
23 0.80546875 0.2125 0.00546875 0.0203125
6 0.7609375 0.2125 0.03515625 0.0203125
23 0.79375 0.21484375 0.01171875 0.021875
1 0.68203125 0.215625 0.0625 0.06171875
23 0.51640625 0.2265625 0.00703125 0.0171875
23 0.51484375 0.25859375 0.01953125 0.021875
23 0.59765625 0.25859375 0.0140625 0.01640625
23 0.48515625 0.2625 0.0109375 0.01484375
6 0.5578125 0.2625 0.01171875 0.02890625
6 0.5421875 0.2640625 0.0109375 0.02890625
6 0.7625 0.2671875 0.028125 0.01640625
6 0.42109375 0.27109375 0.08984375 0.0921875
23 0.68984375 0.27421875 0.02578125 0.01171875
23 0.690625 0.2890625 0.01953125 0.009375
23 0.69296875 0.30390625 0.0234375 0.01015625
23 0.6921875 0.32109375 0.03125 0.0140625
23 0.690625 0.33203125 0.01953125 0.00703125
6 0.77265625 0.334375 0.03046875 0.01171875
23 0.25859375 0.33828125 0.01328125 0.04140625
6 0.40546875 0.3421875 0.02890625 0.03515625
23 0.69140625 0.34453125 0.02109375 0.0109375
6 0.21484375 0.34609375 0.02421875 0.04140625
23 0.68984375 0.35703125 0.01796875 0.00859375
23 0.69375 0.371875 0.01953125 0.00859375
6 0.746875 0.37109375 0.034375 0.01328125
1 0.5546875 0.38515625 0.19296875 0.18359375
6 0.965625 0.40234375 0.06875 0.0796875
23 0.190625 0.409375 0.02578125 0.0140625
1 0.26796875 0.41875 0.075 0.065625
6 0.35390625 0.42265625 0.028125 0.0109375
23 0.1890625 0.42578125 0.01953125 0.0125
6 0.35234375 0.43515625 0.021875 0.01015625
6 0.746875 0.44140625 0.040625 0.021875
6 0.7046875 0.44140625 0.04765625 0.0171875
6 0.35703125 0.45390625 0.03125 0.01484375
23 0.74609375 0.459375 0.03203125 0.0125
23 0.7453125 0.4828125 0.02890625 0.01171875
6 0.278125 0.49453125 0.015625 0.03203125
6 0.29453125 0.49921875 0.015625 0.03359375
1 0.39375 0.509375 0.07265625 0.05078125
6 0.175 0.52734375 0.025 0.01484375
6 0.59453125 0.5359375 0.015625 0.03203125
6 0.57421875 0.5375 0.01640625 0.0296875
6 0.18671875 0.54453125 0.0328125 0.009375
6 0.16796875 0.56875 0.01640625 0.0203125
6 0.440625 0.590625 0.02734375 0.03984375
23 0.9515625 0.59140625 0.025 0.01328125
1 0.30625 0.6015625 0.05 0.0609375
23 0.95234375 0.60859375 0.01484375 0.0078125
23 0.9546875 0.62109375 0.0171875 0.00859375
23 0.23828125 0.6234375 0.02109375 0.01875
23 0.95234375 0.6359375 0.021875 0.01171875
23 0.23125 0.66875 0.021875 0.0078125
23 0.953125 0.675 0.0203125 0.01015625
23 0.9171875 0.67578125 0.03046875 0.0140625
23 0.953125 0.68984375 0.02890625 0.0140625
23 0.915625 0.68984375 0.02265625 0.009375
6 0.64921875 0.703125 0.10234375 0.1203125
23 0.31484375 0.75546875 0.0203125 0.03046875
6 0.39765625 0.76875 0.0734375 0.0828125
6 0.3859375 0.88203125 0.07578125 0.0671875
6 0.84453125 0.91171875 0.0328125 0.009375
6 0.8421875 0.925 0.02265625 0.01015625
6 0.94609375 0.92734375 0.1078125 0.115625
6 0.8453125 0.95859375 0.034375 0.0140625
6 0.8421875 0.97421875 0.0265625 0.01015625
6 0.3984375 0.99921875 0.071875 0.0015625