23 0.9976679446918103 0.101034410622395 0.004664110616379347 0.03221308795590279
6 0.42137019780928664 0.13403985315479133 0.022707725785105205 0.05595971248093754
23 0.361387444048363 0.16827068921083305 0.026713264185764984 0.032631315254479175
23 0.9932071780976909 0.15506794719152697 0.013585643804618287 0.02854322729857639
23 0.9922052063702929 0.2051043147827075 0.015589587259414372 0.024727896276527783
23 0.3598536877801568 0.22303092439319414 0.03316785266556703 0.03980803561920147
6 0.41847016983346813 0.22244838972392325 0.040471887305303156 0.04934668977951393
23 0.9920547708496826 0.25434124857829776 0.01589045830063469 0.03648301386770836
6 0.4372261815119506 0.27595459622093715 0.034062762932123646 0.04373246941479172
23 0.36368704460235896 0.3816428581887844 0.034412103919208195 0.028906903210381963
6 0.426883378067596 0.43098758833715245 0.04392349623907634 0.03381260875746524
23 0.3607726447606435 0.4426894609623261 0.031886497492717505 0.022602351823611144
23 0.999310992873864 0.4307946458047561 0.001378014252271953 0.036264808320625085
6 0.3217927127864745 0.47330433453743026 0.02345788354437941 0.08174096248093754
23 0.43233540769276724 0.48402166935920105 0.03146896034569906 0.035084168028020814
1 0.7080855654520415 0.503402223311423 0.3924595316037284 0.8234265015186114
1 0.15488400910469305 0.5405132843849304 0.28837715604341463 0.35881718123013917
6 0.43952343355701473 0.5698500665856594 0.035307014185764984 0.032831337005972114
6 0.4302059210206023 0.6795160073151039 0.03953151293212365 0.043859755983923596
6 0.43499036091233023 0.7364745221327427 0.0369831744523216 0.03677395459715278
23 0.3666328174971055 0.8052985637358677 0.028920621865896924 0.02799836664125017
6 0.032666994456709654 0.827143728248507 0.018596887305303112 0.04883754350298588
6 0.43604204704313443 0.8263546397239232 0.03999451418576498 0.032940439779513754
6 0.07636317016267255 0.8511436194910417 0.028023363090408294 0.10448813145888884
23 0.3692553638153241 0.8685616299402774 0.035329746239076344 0.03361258700597247
6 0.44075829077492823 0.8809694045415621 0.03834108597251955 0.029779072188333443
23 0.36818460880075915 0.9123661813270484 0.036361048825501105 0.04222452080156245
6 0.44216767808023133 0.9294069045415622 0.03859113855894449 0.03837282218833345
23 0.1846734268265901 0.946345057086354 0.019315952823851568 0.10038185970739591
23 0.37370483458586434 0.9677440123490969 0.03115071159934022 0.02414666802802081
6 0.501875298692487 0.9663243698722912 0.04631271034569906 0.03542966014423641
23 0.9589747448524211 0.9580305994519783 0.027471782132453625 0.03186824905006915