6 0.09514641188041557 0.5118130084375204 0.02979658430895542 0.019786710344286362
6 0.0955191166026799 0.5758755084375204 0.03136817466803503 0.02140377404661713
23 0.28036681527482 0.6635640253125615 0.03369374394987581 0.01836061960011328
23 0.2812753303019347 0.6854663071637269 0.030577834308955422 0.019813992195451748
6 0.2819707427715254 0.8049975571637269 0.029033515027114643 0.02288442849312098
6 0.48197074277152546 0.8119817110620765 0.033707379488495094 0.020704369600113636
9 0.19033216773414804 0.623485251518817 0.12627927897407482 0.7530294969623661
9 0.9686652987644756 0.6360683913480913 0.06266940247104884 0.7278632173038174
9 0.7031872126191002 0.8407962249418925 0.0818363281606354 0.10361856252120454
9 0.7942475080932276 0.6355921869942549 0.12626109825591564 0.7288156260114903
9 0.39110887255460824 0.6261346943028695 0.13488211933315436 0.747730611394261
9 0.5950469388113869 0.635009336156706 0.13013553199913694 0.729981327686588
23 0.7121354866232054 0.9020338253047123 0.03136817466803503 0.02140377404661713
23 0.28093548359814324 0.8955679934613962 0.03370283430895542 0.019923119600113635
23 0.5272610377546736 0.9440055265785059 0.03058692466803503 0.021376492195451745
6 0.9188318132317166 0.046145956970543224 0.015788626463433174 0.028670637023308566
6 0.9190817981064061 0.08911470697054322 0.012740894515609825 0.04184275961864685
23 0.8315863432859458 0.08684038964001531 0.03057783430895533 0.019813992195451702
23 0.7816045240041051 0.08821935116542792 0.03212669877033605 0.017524805897782558
6 0.2775720507386847 0.31744299346139604 0.03214033430895542 0.019868555897782515
23 0.2769135205862595 0.33850946161023066 0.03135453912941557 0.01906002404661713
23 0.27781749043383436 0.35963049346139603 0.02977385841125635 0.015880460344286272
6 0.27847199628756686 0.472130493461396 0.02902442466803503 0.0213219284931208
6 0.47928960772388535 0.48539192921091107 0.028243174668035033 0.021294646641955416