9 0.5352245544710955 0.8186504307870347 0.1335376259977757 0.3376938797834555
9 0.7881220413169159 0.8073789955141605 0.15035339967529904 0.34520250290299404
9 0.2809997860552441 0.8205695981132205 0.13104966282947866 0.3485404515702104
6 0.38451046488149976 0.9451173055559255 0.021116136803468067 0.041170569279471894
9 0.10188143345264303 0.7952610242148948 0.13459886803468074 0.4094779515702104
6 0.8650647019390817 0.7041881478631584 0.019508134172632197 0.04034385517284953
6 0.988697124664711 0.6870879129068532 0.02260575067057786 0.020554192399010417
6 0.6015944651638485 0.6414226895625235 0.036984060509226244 0.0190144244523216
6 0.32231721786527157 0.5759868723281153 0.014502115756780665 0.03473871285298138
6 0.6968930126600694 0.5040470585254265 0.03289579998588259 0.015775764185764984
1 0.5199286942583354 0.4888492705204781 0.31886891026922976 0.27913253668480015
6 0.34492869425833544 0.4939412504622184 0.03294130261671846 0.016557014185764985
23 0.09815240479579654 0.4893830972552907 0.035467063140062184 0.01975021034569906
23 0.34448137322576544 0.47282476840890714 0.037947321032569994 0.022162156505633135
6 0.6873822337914615 0.4213709508452945 0.03151531050922625 0.018855300079142268
23 0.316940931174743 0.4164982120615586 0.018726884172632196 0.04032112311953817
23 0.7200281338196962 0.3906832404995956 0.014456613125944883 0.03395746285298138
6 0.7372611364505323 0.3909643853267461 0.016936871018452492 0.03636940901291545
6 0.7597353759271885 0.3871801557807172 0.019189615756780753 0.03487510517284953
6 0.6808746285580245 0.3902573431651626 0.016800363125944885 0.03402565901291545
23 0.34172882857214193 0.38525657224897303 0.03459480787839038 0.018164978292387612
6 0.6393626917686739 0.3359024637774183 0.036984060509226244 0.0190144244523216
6 0.415834186507002 0.3408413310244617 0.03385906050922625 0.018923496239076344
6 0.5307234391378379 0.33828096918769457 0.030688557878390376 0.01805131802583091
23 0.4509449338761661 0.3390371386254514 0.038683068401734036 0.021403638558944317
23 0.4906066733528223 0.33475280390657297 0.03569457629424182 0.02365646034569897
23 0.5785694049369708 0.32671533188239155 0.017209886803468067 0.041056909012915456
23 0.6011801523061349 0.3252748523363626 0.021760878910960457 0.03884955133278352
23 0.5580748944136271 0.32418136526848634 0.024195634172632197 0.0404802474927175
6 0.6383161312594476 0.31793371377741825 0.035467063140062295 0.01975021034569906
23 0.5900305497035339 0.2950788869760987 0.037120568401734035 0.021358174452321597
6 0.636814544441862 0.29215246377741827 0.036293815770898165 0.02055419239901033
1 0.7209165286568465 0.2850099020197935 0.13869702090551322 0.15846102084968247
23 0.5505662313017998 0.2758802575883544 0.017255389434303936 0.04183815901291545
23 0.6363672234092921 0.2710359817241069 0.03256957629424182 0.023565532132453625
6 0.6374446050216754 0.23578880351086157 0.017900131541796326 0.039517141066226814
6 0.5664649761107151 0.19950797420225955 0.015237863125944884 0.033980194906292824
6 0.6618761866481763 0.18499318164496464 0.016800363125944705 0.0340256590129155
6 0.6906459287556685 0.18180834567244505 0.01707337891096028 0.0387131590129155
6 0.6750209287556685 0.18226298673867186 0.019970865756780753 0.0348978372261608
6 0.6460236734939967 0.18154157271119148 0.01702787628012441 0.0379319090129155
23 0.6049891498164733 0.17569238948338117 0.03216005261671846 0.016534282132453625