23 0.078125 0.005724629559027843 0.01875 0.008248911094166683
6 0.24140625 0.007181292837396036 0.0421875 0.004106924961875036
23 0.19609375 0.006126632693159886 0.0421875 0.004106924961875036
6 0.79765625 0.027940655297674276 0.040625 0.019695557370694484
23 0.83984375 0.030485080259549314 0.0421875 0.022856924961875035
23 0.19765625 0.036631750284340445 0.04375 0.06429954255305559
23 0.840625 0.06956576405513959 0.03984375 0.05639612357510422
23 0.0140625 0.052671058320625005 0.021875 0.0973841462765278
6 0.00078125 0.052361933795590274 0.0015625 0.08988011759118056
6 0.79609375 0.12477928770649371 0.040625 0.057195557370694504
23 0.84140625 0.12505269785072987 0.04375 0.054924542553055566
23 0.1015625 0.1195513934267362 0.01953125 0.09342334488975697
6 0.04296875 0.1166251087574653 0.02734375 0.12016768284565975
23 0.078125 0.11900587955902783 0.02265625 0.09349608007211807
6 0.76015625 0.15050533310934092 0.02421875 0.09353244766329864
6 0.61640625 0.14794076472072967 0.02578125 0.09591256525447918
6 0.6640625 0.14748747625173667 0.02265625 0.10052733007211807
6 0.52109375 0.14494109165871571 0.02421875 0.09353244766329864
6 0.7109375 0.15092225398715337 0.02265625 0.09818358007211807
6 0.56796875 0.14993836939413244 0.025 0.10292563145888893
6 0.2734375 0.14620807845659747 0.02734375 0.10923018284565975
6 0.321875 0.1481167237831947 0.028125 0.10299836664125003
6 0.371875 0.14849923670097254 0.02265625 0.09349608007211807
6 0.22578125 0.14509886692559046 0.028125 0.10924836664125004
6 0.42578125 0.15131641859670175 0.021875 0.09582164627652778
23 0.01484375 0.1550329921162153 0.0234375 0.09351426386770836
23 0.00078125 0.15314318379559028 0.0015625 0.09691136759118057
23 0.640625 0.24772321238402834 0.02109375 0.08642846248093754
23 0.734375 0.2514677678548617 0.025 0.09589438145888884
23 0.78203125 0.25413947938586867 0.0265625 0.09202449905006951
23 0.6640625 0.2521749762517367 0.021875 0.08644664627652779
23 0.68671875 0.25270230632385476 0.0234375 0.09429551386770836
23 0.58984375 0.25279126567066024 0.0234375 0.09038926386770836
23 0.61484375 0.2510293971295491 0.0234375 0.09429551386770836
23 0.7109375 0.2532660039871534 0.025 0.09433188145888885
23 0.759375 0.25517464931375067 0.02265625 0.10990233007211803
23 0.56875 0.2530815531897227 0.02109375 0.09189721248093755
23 0.54453125 0.251736605526424 0.02265625 0.09037108007211803
23 0.5203125 0.2558604078631254 0.0234375 0.09195176386770836
23 0.32265625 0.25047865757878496 0.0203125 0.0903165286853472
23 0.4 0.2538413533422226 0.01875 0.09418641109416673
23 0.4734375 0.2539881301277087 0.0234375 0.09038926386770836
23 0.37265625 0.25242367049656284 0.02421875 0.09978244766329869
23 0.44765625 0.2541693148732295 0.0203125 0.09187902868534721
23 0.24921875 0.25111313079329883 0.0203125 0.09578527868534721
23 0.49453125 0.2591665926086463 0.01953125 0.09186084488975696
23 0.22421875 0.2536562493344099 0.01953125 0.09420459488975688
23 0.29609375 0.2553291585287155 0.01953125 0.08639209488975697
6 0.0390625 0.25169043977951394 0.01875 0.09106141109416672
23 0.27421875 0.25482001225218776 0.0203125 0.0942227786853472
23 0.00078125 0.25001818379559027 0.0015625 0.08206761759118057
23 0.015625 0.25192617591180555 0.02421875 0.0935324476632986
23 0.06328125 0.25616038744281255 0.0234375 0.09117051386770836
23 0.0875 0.2575053351061112 0.02578125 0.09356881525447917
23 0.58828125 0.4316611480794797 0.02265625 0.08255858007211803
23 0.61484375 0.4346231471295491 0.02265625 0.0942773300721182
23 0.56328125 0.43889176662059076 0.02265625 0.09037108007211803
6 0.19453125 0.47718401510197933 0.03671875 0.1555421383927431
6 0.24140625 0.478275042837396 0.03515625 0.15550577080156244
6 0.49140625 0.5098751074262852 0.03828125 0.1618285059839238
23 0.765625 0.5225076196784728 0.02890625 0.15223530043684033
6 0.82734375 0.5325378895301048 0.028125 0.12409211664125017
6 0.6640625 0.5271749762517366 0.021875 0.09191539627652787
6 0.85859375 0.5402964913537159 0.03125 0.11557110182361115
6 0.559375 0.5395820976426393 0.02109375 0.09189721248093755
6 0.53203125 0.5397269147969797 0.02890625 0.11551655043684032
23 0.584375 0.5432889791015283 0.0203125 0.0903165286853472
6 0.6078125 0.5430532429692366 0.02109375 0.09580346248093755
6 0.634375 0.5483589920193062 0.02734375 0.12016768284565985
23 0.734375 0.5506865178548617 0.02265625 0.09037108007211803
6 0.4296875 0.6115635875746531 0.04140625 0.05486999116628475
6 0.815625 0.6533588825962507 0.0203125 0.0895352786853472
23 0.79453125 0.6559929201153132 0.01875 0.09574891109416672
23 0.77109375 0.6546661562476048 0.02421875 0.08806369766329869
6 0.74765625 0.6611518923798965 0.02109375 0.09345971248093754
23 0.72421875 0.6590438785121882 0.0234375 0.09038926386770836
23 0.346875 0.6791673552420836 0.028125 0.11784211664125
6 0.73515625 0.813204701650452 0.0515625 0.07073138050895836
1 0.575 0.8227582735544449 0.20390625 0.31802722064906275
23 0.384375 0.848008927430417 0.01953125 0.09576709488975688
23 0.41015625 0.8540777426848962 0.02109375 0.09970971248093755
23 0.7359375 0.8890041354460422 0.05078125 0.07305694671336838
6 0.8796875 0.9275062038346535 0.06640625 0.0773268726251736
6 0.76484375 0.9733039242009724 0.0421875 0.053392151598055194
6 0.8796875 0.988761867209931 0.065625 0.022476265580138134
28 0.26953125 0.9759286799958682 0.1109375 0.048142640008263626