9 0.30157235536322013 0.9130302233636162 0.6031447107264403 0.1231537580932276
9 0.7944408781373256 0.9054110825604397 0.37131391517822915 0.11230157474278997
1 0.463029836818541 0.7800126694034777 0.331979311454757 0.13394477058625967
6 0.6825792706141313 0.7779542239527915 0.06591724715020852 0.08006020472226431
9 0.30041689435403623 0.6325887444408551 0.6008337887080725 0.13560376111828987
9 0.8040938607542356 0.6249241518422803 0.36550032627239587 0.13101521330647134
9 0.30219112084485233 0.3458790847999348 0.6043822416897047 0.13558558040013047
9 0.8005383285535068 0.3413894891762978 0.3855218855429513 0.11863338797450637
1 0.9761949048259027 0.21147875449800005 0.03991844481350704 0.10412441861791084
9 0.3099516822996094 0.07085181372269587 0.6199033645992188 0.11376512255460824
9 0.8141157449660069 0.06203093496591722 0.3716775910900349 0.12406186993183443