9 0.2734375 0.05625 0.546875 0.1125
6 0.9234375 0.078125 0.028125 0.03671875
9 0.2640625 0.1796875 0.52734375 0.13359375
23 0.228125 0.24140625 0.03515625 0.01953125
6 0.18125 0.24375 0.0359375 0.028125
23 0.18203125 0.2796875 0.03125 0.028125
23 0.228125 0.28046875 0.03046875 0.034375
23 0.2296875 0.31953125 0.03125 0.0359375
23 0.17890625 0.31953125 0.03203125 0.03203125
23 0.22890625 0.35859375 0.03125 0.02578125
23 0.696875 0.446875 0.03515625 0.02734375
23 0.97734375 0.4984375 0.0328125 0.0234375
23 0.97734375 0.528125 0.03046875 0.025
23 0.41171875 0.53203125 0.03203125 0.02734375
23 0.4515625 0.5328125 0.0296875 0.028125
23 0.21015625 0.534375 0.02734375 0.028125
23 0.24296875 0.53515625 0.0359375 0.02578125
1 0.8390625 0.55 0.19453125 0.390625
6 0.97890625 0.55859375 0.0328125 0.02578125
23 0.45234375 0.56328125 0.0265625 0.0203125
23 0.24609375 0.5671875 0.03125 0.02109375
28 0.1515625 0.57265625 0.03515625 0.0703125
28 0.4078125 0.5796875 0.03828125 0.06015625
28 0.2046875 0.58515625 0.0390625 0.0671875
23 0.2453125 0.5953125 0.03203125 0.02265625
23 0.45078125 0.596875 0.0328125 0.02890625
1 0.409375 0.71328125 0.13125 0.18046875
1 0.20625 0.721875 0.1328125 0.18984375
6 0.29296875 0.790625 0.0296875 0.02578125
6 0.5 0.78984375 0.0328125 0.02890625
23 0.9125 0.79296875 0.01875 0.04765625
23 0.840625 0.79453125 0.01796875 0.05234375
9 0.0578125 0.803125 0.115625 0.39375
9 0.97734375 0.1640625 0.0453125 0.328125
9 0.81640625 0.1625 0.109375 0.325