6 0.8154021364794926 0.6421875 0.01635274607105828 0.015625
6 0.8197835754784567 0.5984375 0.02242080955329371 0.01171875
6 0.9220010469424093 0.584375 0.10581981451569292 0.09140625
6 0.2606097826743857 0.57734375 0.13376503205070395 0.12109375
6 0.8185678318885975 0.57421875 0.02639983416039975 0.01328125
6 0.8261834327982202 0.528125 0.02743579528527036 0.01875
6 0.35627119313730243 0.51953125 0.07553084698068133 0.06171875
23 0.9590152034763847 0.5109375 0.021857883374611475 0.01640625
23 0.43374337572612565 0.5 0.01758991439185813 0.0421875
23 0.9673007384225727 0.50078125 0.018514559553294063 0.01171875
6 0.8213161503332316 0.4984375 0.021494010339082336 0.00859375
6 0.8218619598865254 0.48671875 0.025764133374611475 0.01640625
6 0.25992704011798373 0.4578125 0.13234808126491568 0.12421875
6 0.8266436592245716 0.434375 0.027290246071058632 0.015625
6 0.8241008560814185 0.421875 0.025509422249740864 0.0109375
1 0.3928915514905233 0.35390625 0.07640414226595169 0.08046875
1 0.3849399644346394 0.25625 0.06960833271265762 0.06875
6 0.22544083995136804 0.20859375 0.040535108767505615 0.01484375
23 0.42487791377268563 0.20390625 0.009721756410140791 0.02421875
23 0.4101069383797915 0.20234375 0.016716619106587772 0.0234375
23 0.44295582568334435 0.2015625 0.01853383023145838 0.02890625
23 0.45549221298689735 0.20078125 0.012883143713693812 0.025
6 0.22375206141532072 0.19453125 0.03577483416039975 0.01328125
6 0.23549008209348518 0.17734375 0.027290246071058545 0.015625
23 0.2348008773787555 0.15859375 0.01825984842842345 0.00625
23 0.23471098614626112 0.14375 0.01996789764263518 0.009375
6 0.42277822043049545 0.08125 0.1302590423897861 0.1296875
6 0.5575534807695777 0.07265625 0.13665243755122186 0.09921875
6 0.7950488252735688 0.9953125 0.02387414764263518 0.009375
6 0.7963394975233098 0.984375 0.027108309553293887 0.01171875
6 0.35371750393345064 0.96015625 0.07558650496239876 0.0796875
6 0.8014850698968854 0.92421875 0.024764559553294062 0.01171875
6 0.7989058794501792 0.9125 0.01944135876750579 0.01484375
6 0.8022513573242728 0.87421875 0.027144696856846905 0.0125
23 0.2721464803598021 0.86640625 0.015663541356328813 0.034375
6 0.8027971668775666 0.8625 0.024764559553294062 0.01171875
6 0.2665343351983663 0.8359375 0.038300520678164494 0.0171875
6 0.804216271716131 0.83203125 0.019150260339082337 0.00859375
23 0.27580232734048343 0.8046875 0.02265840405277597 0.03359375
6 0.807508245661283 0.778125 0.020712760339082335 0.00859375
6 0.24237770533841144 0.7171875 0.15934722890755088 0.13359375
6 0.3716863697302696 0.675 0.0778767510334573 0.0953125