23 0.14136078589337733 0.004030755275005768 0.020403428213245346 0.00347955600635442
23 0.2339741832278103 0.04472966761202617 0.024983279625171127 0.0535341030842551
23 0.21051395117449898 0.04510181452777107 0.019719118104973177 0.06046989569792891
9 0.6313432767221773 0.08840317004436285 0.7363132362099464 0.13310378976770945
23 0.0974767420824412 0.08846425649282176 0.048565532132453626 0.03208184293798537
1 0.06785978675130715 0.16611196956119081 0.10400920157021036 0.11269664326229693
6 0.007723920295686559 0.20330227800317724 0.015447840591373118 0.07222955600635447
23 0.16033679176587207 0.21149838189821119 0.025832725785105204 0.05589148985373029
23 0.23919757765924937 0.21443819561520336 0.022707725785105205 0.05583694277582962
23 0.2164958635526267 0.21560522930042345 0.02746342194503919 0.058262513392680584
23 0.18678563149931535 0.215868282060367 0.021881011678482488 0.05426080600635448
6 0.6190070981132205 0.24373555234961114 0.018702187384445422 0.07919262215897857
1 0.2010861607287751 0.31538704098882075 0.1112223079967011 0.11906937418757346
1 0.06567985814235036 0.3216216298696163 0.09525632719703096 0.10707788879807012
6 0.13135868243638746 0.34778075527500574 0.02865384890464333 0.07233865016215582
6 0.0032660893377318874 0.34466761769475174 0.006532178675463775 0.06433523538950343
9 0.6247222375300947 0.36968044358331326 0.7329525554894186 0.15178560592033358
23 0.19621915281121632 0.4020648806803952 0.04778428213245363 0.03206820616851029
23 0.0199832617449895 0.414621607548482 0.027577082211595903 0.062168763392680584
6 0.0011927052654597055 0.41652898092527646 0.002385410530919411 0.057263075081077905
23 0.4561958948936574 0.4933655852240523 0.0282446719450391 0.058276150162155815
23 0.5060367705204781 0.4997070884704632 0.035980615597690856 0.08261763108743239
1 0.09682822123275867 0.5643000535707225 0.19365644246551733 0.262975107141445
9 0.6113654650310595 0.640678736196987 0.7442083042357772 0.16291402069298613
23 0.6617566069552161 0.789289560060249 0.023329851411925874 0.05038182954530477
23 0.6882963749019048 0.7905344602224046 0.01868781551854859 0.05186250892845372
23 0.7663759107952821 0.7934606371699217 0.027349761678482486 0.054356263392680584
23 0.30771396463534806 0.7877996034879968 0.02994356426490725 0.06299092370110629
23 0.6295662325820368 0.7941992025117669 0.02840379631821861 0.06374490016215581
23 0.602177018475414 0.795284415580136 0.021858279625171128 0.053479556006354304
23 0.7419980364221027 0.7985066473161914 0.01811115399835046 0.05888012215897849
23 0.5537167864221028 0.7952201858726754 0.02045490399835046 0.05892103246740419
23 0.38809178642210274 0.7923291907439394 0.027372493731793845 0.05513751339268076
23 0.7114383582088574 0.8010998133066597 0.022957778371529968 0.06443069277582936
1 0.05111215708340602 0.8424835547885385 0.10222431416681203 0.2537034728076016
9 0.6182075322654677 0.9159378348170153 0.7143018438900783 0.12803446022240478
23 0.11254255397308 0.9407222317360555 0.01889240399835055 0.05889375892845372