6 0.06989535462916723 0.5791251087574653 0.025077082712657718 0.06925914627652788
6 0.8536431542576637 0.4498708598948271 0.041607457195929246 0.022039307370694417
6 0.14512002481199365 0.4013832748856251 0.061357031017246655 0.02718140226045147
6 0.7242424445805352 0.38598758500920194 0.05339898180303493 0.023874564304548686
6 0.6312009199734294 0.38226121333395885 0.04871148180303493 0.02376546153100705
6 0.46435802233079426 0.36901306487322955 0.0595034325888232 0.020895034669270895
6 0.3882664032242064 0.3438299204965628 0.02311432237357547 0.06062902868534721
6 0.8539427531003719 0.30550326405513956 0.010267565963434677 0.03613752175149312
6 0.19147914040392483 0.2908646553945835 0.05034675641014079 0.025364329122187536
6 0.024255253100371903 0.2861920731382639 0.023039393713693724 0.025509146276527783
6 0.8343387284932661 0.3034861691653826 0.009486315963434678 0.03611933795590279
6 0.10156261579681898 0.2872110189017015 0.06370078101724666 0.02723595364722229
6 0.8725835911897132 0.3035959251493063 0.012084777088305288 0.04164263934267361
6 0.4727633736547018 0.2646346893982643 0.01936858416039975 0.013717661094166722
6 0.506592564101408 0.2537160264042365 0.013955492142117266 0.031540940729444425
6 0.8605523180303493 0.24634646960222292 0.015027840570540718 0.03780912452503475
6 0.37593972353086735 0.2132157001318406 0.052508569892376136 0.021512630508958352
6 0.24125435442427948 0.18666877108590296 0.0313784325888232 0.0202404180280209
6 0.4368921861034799 0.16468858757465316 0.022097631926869355 0.07231141109416664
6 0.8898865994618805 0.12216474040378547 0.02491010876750579 0.015407447663298646
6 0.3909032899085868 0.09884472881718782 0.05112800641014079 0.025382512917777822
6 0.4955886358558109 0.06772397501746569 0.013210629445670108 0.03230400693385418
6 0.47445849855225797 0.06645176253652818 0.013137854838564245 0.03074150693385418
6 0.4914516009051136 0.9959254131119707 0.014118157981717339 0.008149173776058661
6 0.4407067382086665 0.9961065978574914 0.015607883374611475 0.007786804285017013
6 0.46329021360156075 0.994607904444653 0.016571069892376045 0.010784191110694152
6 0.5148527136015607 0.9952079696991321 0.016571069892376045 0.0095840606017358
6 0.9834207770837959 0.9968023178651914 0.009122442927905539 0.006395364269617332
6 0.04857274213760794 0.9758539851823611 0.006904971463952714 0.0142079703647223
6 0.9177401191020786 0.9780062051658337 0.023296258891340217 0.04398758966833256
6 0.38054833415589057 0.9656315321038196 0.01958906203449331 0.05196254350298588
6 0.5711005595487848 0.9685058782278476 0.016136576302517015 0.04485855832062491
6 0.6523505595487847 0.9703969929692366 0.012012002481199246 0.040080139342673606
6 0.5983715349416789 0.9675798110735073 0.015137002481199247 0.040152874525034576
6 0.08541561662087929 0.9291069249618751 0.02206124462331651 0.07153016109416654
6 0.43706800785337363 0.9224640667730906 0.013683664391858131 0.042460256933854267
6 0.4120316205498208 0.9211009353142018 0.014392139784752445 0.0409159407294446
6 0.48699523324626776 0.9220653296908685 0.01684505169541097 0.04331424211621524
6 0.5111412086391619 0.9210665273541672 0.01524616439185813 0.042496624525034575
6 0.5377400959427149 0.9224660264042365 0.01733520326698752 0.03708242591180557
6 0.4618496840320561 0.9183584482319794 0.016735889784752267 0.04097049211621524
6 0.5965500157112565 0.894959928664688 0.0146468509096227 0.0463846907294446
6 0.6238573784077035 0.8948151115103478 0.01628212551672874 0.047983558320625265
6 0.5660084911041506 0.8926882606366672 0.0154281009096227 0.046402874525034575
6 0.9788167061579625 0.8921512385039243 0.015137002481199601 0.040152874525034576
6 0.913245210086904 0.8750169834699314 0.0249315334984459 0.06613414627652787
6 0.3730547036767632 0.8382514145126392 0.012720477874093472 0.03853582313826394
6 0.40791985524833974 0.8328196853142018 0.01680866439185813 0.04253299211621524
6 0.43192028142702216 0.8286958829775003 0.018135723945152192 0.05426992591180557
6 0.08099348221281048 0.8174063587574653 0.019244459677128446 0.0613193597073959
6 0.6189108591772812 0.8221224939191671 0.018152840570540542 0.0378818597073959
6 0.5915307218737282 0.8207048110735075 0.01677227708830529 0.04175174211621524
6 0.5648590599630695 0.817742812023438 0.015954639784752266 0.04095230832062491
6 0.9735962051245053 0.7968205547083341 0.01595463978475209 0.04095230832062491
6 0.6585341313031877 0.7848049850854519 0.011793678659881835 0.0353926393426736
6 0.3681445717498938 0.7663400469214586 0.010830492142117176 0.031468205547083274
6 0.4390371145539646 0.7469192061157642 0.017063375516728742 0.04800174211621524
6 0.6100944772504118 0.7501202073500352 0.015173389784752267 0.040934124525034754
6 0.5859121145539646 0.7503377596867365 0.01684505169541097 0.04331424211621524
6 0.5616569772504117 0.7489928120234379 0.0154281009096227 0.046402874525034755
6 0.9053705899468589 0.7562124320831604 0.022660558105551586 0.06764209488975688
6 0.5342768399468588 0.7475751291777781 0.018480326302517013 0.044913109707395905
6 0.46318308994685886 0.7459204037790629 0.015537262820281584 0.048746624525034574
6 0.410766565339753 0.7431395894745142 0.01624573821317572 0.04720230832062491
6 0.07468136207276532 0.6986381749618751 0.01779112158778724 0.06362674211621525