6 0.8078766820098633 0.06107995185119982 0.02434711401972649 0.12215990370239964
6 0.9009357913351362 0.0002557834526018571 0.011246582670272431 0.0005115669052037142
23 0.9157795413351362 0.000028462919488453364 0.009684082670272431 0.00005692583897690673
23 0.8802147586728178 0.03261096521228846 0.014335767345635731 0.06522193042457693
6 0.7394897613383179 0.02585642148365344 0.012564182009863246 0.05171284296730688
6 0.5454312260104995 0.06951824064757102 0.015081202020999029 0.13903648129514204
6 0.5980113333465903 0.08028896127013582 0.012782905354862706 0.15891199874635878
6 0.8291447967059072 0.26503471964991304 0.014790848026726167 0.19723871285298147
23 0.8830783187062254 0.2658099579714305 0.015626642027362435 0.20194894490629273
6 0.6465692013844523 0.357876752178078 0.012728361354226437 0.15422449874635885
23 0.6288822620544066 0.38261833940423895 0.01563573269413503 0.20273019490629274
1 0.919471994072224 0.5054574796790429 0.03438682737904344 0.33760530007914225
1 0.7217890194143599 0.5760751712201234 0.034414099379361573 0.3399490500791423
1 0.8536753660884504 0.6269436862638182 0.03257833203372584 0.24930131802583091
6 0.7547384267584049 0.6540494070343584 0.010357339353908302 0.15181255258642476
23 0.887196938096723 0.6869264400247419 0.019596526694771653 0.20753135517284954