28 0.696875 0.05234375 0.05234375 0.07578125
28 0.82890625 0.0921875 0.0609375 0.0671875
28 0.7375 0.11328125 0.07109375 0.06796875
1 0.540625 0.240625 0.14765625 0.07421875
1 0.025 0.3203125 0.05 0.42109375
28 0.41953125 0.38125 0.08046875 0.065625
1 0.53515625 0.46484375 0.103125 0.1234375
28 0.39296875 0.484375 0.06484375 0.05859375
28 0.65390625 0.7 0.065625 0.06875
28 0.5578125 0.70546875 0.0734375 0.06953125
28 0.475 0.70703125 0.0671875 0.06484375
6 0.3109375 0.77890625 0.1015625 0.0984375
28 0.5359375 0.78828125 0.06015625 0.0625
1 0.07578125 0.8671875 0.15078125 0.08828125
28 0.5375 0.8734375 0.075 0.059375
1 0.27890625 0.8875 0.08671875 0.0578125