1 0.38144829598901414 0.5639723656628616 0.3633437152937569 0.4647030227248761
6 0.16596804849629665 0.5820972540571898 0.05059103338609487 0.021185253246410872
23 0.0050692957412782225 0.5916926221589786 0.010138591482556445 0.05426080600635448
6 0.02640544332344715 0.5968574090906096 0.023162366851331995 0.0714619427758297
6 0.054439515110201786 0.6004733327917157 0.028312868104973223 0.060619900162155814
9 0.8137008548436452 0.6176345227215808 0.34145537727617314 0.14182858441327345
23 0.1691014086837111 0.6087279379045656 0.043559783386094876 0.02106252232113448
6 0.04775159441880382 0.6691415121748646 0.02527879631821859 0.06369035308425523
6 0.01962659441880382 0.6686505884737585 0.020591296318218582 0.0636085324674042
23 0.1642571328194636 0.6946245275961401 0.042156407759274206 0.026503998782184013
23 0.7353281507661522 0.7053742560824894 0.047162156505632956 0.03752331939903506
23 0.16796715452707595 0.7283000982129911 0.04785247829238766 0.034411956168510116
1 0.8293760159681316 0.7773640787279353 0.168350497888429 0.17706883482031052
23 0.1629470339148203 0.7665131643656153 0.048360943652651575 0.02505059293798535
1 0.9543760159681316 0.7795459618439624 0.05118572994174038 0.17580456939903505
23 0.16281900178236666 0.7977768011350905 0.044454693652651575 0.024982409090609538
1 0.036981460923472 0.8102068429379854 0.073962921846944 0.17977504910649564
23 0.7419154683962719 0.8282077840856665 0.025855457838416383 0.056672739853730295
6 0.9160887542896491 0.8328112836786297 0.024747598904643196 0.07227046631478018
23 0.711977915809847 0.8362833368456102 0.0266821719450391 0.058248876623205346
23 0.6565091658098471 0.835315126212873 0.0235571719450391 0.05819432954530477
23 0.685347219649913 0.8381634366834543 0.032264582211595894 0.06225058400953145
6 0.6353017555432904 0.8388531834370434 0.025710705331134065 0.07853410308425524
23 0.16181879143666766 0.8321518011350904 0.04762515775927425 0.02659945616851047
23 0.20399191957077073 0.8602455734562249 0.027508886051661817 0.059825013392680405
9 0.7632245155724202 0.9286305239393968 0.4238132362099464 0.1276490819776413
6 0.08136911032042843 0.9637599690540422 0.021668063011266003 0.07248006189191578
23 0.005713754553179169 0.9645943340095317 0.011427509106358338 0.05575512215897867
23 0.02817591416049441 0.9658255974022122 0.02263952962517115 0.053493192775829354
23 0.11305937952075831 0.9755595511359143 0.021790083465237142 0.04888089772817139
1 0.09773280634734845 0.025936982953871417 0.09357415525199175 0.04926538879807006
23 0.39258230509370723 0.020140545046010504 0.024210389812585564 0.026971603084255103
6 0.036127716613905146 0.02095342816533299 0.024596834718878368 0.040252853084255094
9 0.8360906126946969 0.06305611687738223 0.3278187746106063 0.1025478961016707
23 0.2898832024281402 0.0574302650142384 0.01852869114536908 0.046393758928453745
23 0.31329797037482887 0.058620618098493504 0.016253137305303155 0.048696598620028245
23 0.33496838189502676 0.06603369764379827 0.029375262932123735 0.04345967370110613
23 0.07074675752184739 0.0668932195611908 0.052494514185764965 0.03293127678536121
23 0.3862808293086021 0.07552747442915948 0.023261655251991798 0.04803807954530477
23 0.4611899010953566 0.0799616042987758 0.017792905251991797 0.04794262215897856
23 0.4353404549354226 0.08185534090609518 0.018202082211595895 0.062005122158978576
23 0.41339725877548866 0.08381726136079044 0.017974761678482488 0.054192622158978576
23 0.20809467867546377 0.3162910219140972 0.04925585391920828 0.028970479707460584
9 0.826594626089039 0.3356850933384319 0.3321713054894186 0.14478994317957133
6 0.5892704708370473 0.37922303895693055 0.02197193989172792 0.05738580600635439
6 0.6156511144105565 0.3859366891190863 0.028494724531464045 0.06686990016215581
23 0.07157685398571526 0.4413165211033183 0.017125315518548477 0.051835235389503256
23 0.11971883729266783 0.4523182508107789 0.021190689891727878 0.057372169236879246
23 0.14467337318604515 0.45431712743398434 0.01873327962517113 0.05342500892845372
23 0.17355689113273381 0.4556029379045656 0.018574155251991797 0.04795625892845372
1 0.021166314512643204 0.470789786931631 0.04233262902528641 0.09236082386326191
23 0.15420148588074203 0.5029455422066367 0.04431830133278351 0.020294909090609537