6 0.2625 0.01796875 0.10390625 0.0359375
6 0.00859375 0.04765625 0.0171875 0.0953125
23 0.61875 0.015625 0.08125 0.03125
23 0.6140625 0.0609375 0.07109375 0.0640625
6 0.2703125 0.11953125 0.09296875 0.1640625
1 0.91015625 0.4296875 0.1046875 0.1125
1 0.03515625 0.503125 0.06953125 0.27109375
1 0.12734375 0.5171875 0.09375 0.29453125
1 0.49921875 0.5484375 0.11171875 0.31171875
6 0.27421875 0.5515625 0.07421875 0.17265625
1 0.603125 0.56640625 0.11484375 0.32265625
6 0.9484375 0.69453125 0.07265625 0.16953125
6 0.46015625 0.7671875 0.05859375 0.12421875
6 0.6328125 0.78125 0.08671875 0.09296875
6 0.00625 0.79453125 0.0125 0.08984375
23 0.20234375 0.81328125 0.04296875 0.12109375
6 0.096875 0.8515625 0.10546875 0.1140625