6 0.8626423104079173 0.7437129885569315 0.09436955547083344 0.0975063527754692
28 0.4066644141313895 0.7403969179475964 0.05259962955902786 0.08019417737631755
28 0.2908393923798965 0.7365145256659815 0.03922811379145843 0.10930867441056832
6 0.9801302798953909 0.7002428783670884 0.0397394402092182 0.09679142836490087
28 0.5207808123077784 0.7044673937273087 0.028980944813507038 0.1049885889353046
6 0.6478518053739242 0.6875597835374658 0.09458906743868063 0.17400518577927465
6 0.21956315121361172 0.6979732904947291 0.055072625759305716 0.18644417737631774
6 0.4450709910693756 0.6434290760465423 0.08259821371520851 0.1953708498097196
6 0.28026295545017416 0.6180828606469534 0.07006053970326401 0.12617518083635879
6 0.3497396540634033 0.612905929316303 0.08448671561506949 0.14237318380210837
6 0.14677569538218793 0.49371155482918516 0.072277656344514 0.15436384783255316
1 0.3453930737069448 0.3925615958182059 0.38616093123013917 0.2935960800752371
6 0.8371623464083683 0.3545377420169725 0.12596504758704868 0.11362344269935694
6 0.48227025218420144 0.12501731566641902 0.08826633225631966 0.17062551779449714
6 0.2113758707253126 0.11103170600804872 0.06015886284152785 0.13669884536109528
6 0.33399575313413205 0.104471346806789 0.10396406743868072 0.17438718775644105
6 0.9599750652544792 0.07028346433664363 0.08004986949104165 0.11893568380210837
6 0.6357569684648612 0.04696656481999926 0.1300349517473613 0.09393312963999852
6 0.8105933143045487 0.03736177763385258 0.16960594481350705 0.07472355526770516
6 0.3237836453265973 0.042675636844407575 0.08194229065319458 0.08535127368881515
6 0.1892086235751042 0.036708150437426215 0.0706047471502084 0.07341630087485243
6 0.4477114545971528 0.027501623004243126 0.06729790919430556 0.05500324600848625