23 0.028125 0.08984375 0.03125 0.121875
23 0.06328125 0.09140625 0.0421875 0.11796875
23 0.00390625 0.09765625 0.00703125 0.1171875
23 0.99375 0.11015625 0.0125 0.1203125
23 0.9203125 0.11328125 0.028125 0.0828125
23 0.959375 0.11953125 0.0234375 0.10625
23 0.88125 0.1234375 0.03203125 0.09921875
6 0.58359375 0.184375 0.271875 0.3
23 0.9765625 0.50625 0.046875 0.33984375
23 0.90078125 0.54296875 0.0921875 0.3921875
6 0.01953125 0.5828125 0.0390625 0.565625
6 0.66953125 0.60546875 0.28984375 0.575
6 0.28046875 0.61640625 0.2921875 0.6109375