28 0.14296875 0.23359375 0.09375 0.29296875
28 0.0015625 0.23671875 0.003125 0.296875
28 0.35546875 0.24453125 0.09921875 0.33046875
28 0.23671875 0.24765625 0.09453125 0.3125
28 0.0515625 0.25234375 0.09375 0.32109375
23 0.19609375 0.4328125 0.0328125 0.0859375
23 0.01796875 0.44140625 0.0359375 0.1125
23 0.09765625 0.4421875 0.03828125 0.1015625
23 0.3265625 0.4484375 0.040625 0.10546875
6 0.60546875 0.56875 0.0921875 0.24140625
23 0.32421875 0.590625 0.04296875 0.0453125
6 0.54375 0.60546875 0.09921875 0.2328125
6 0.18046875 0.6328125 0.1046875 0.12421875
23 0.009375 0.953125 0.01875 0.0671875
6 0.59453125 0.89921875 0.146875 0.20078125