6 0.12890625 0.046875 0.01796875 0.04921875
1 0.30234375 0.15078125 0.071875 0.13671875
23 0.86171875 0.16171875 0.034375 0.03203125
23 0.28046875 0.25078125 0.03359375 0.0359375
23 0.321875 0.2515625 0.034375 0.0375
23 0.8640625 0.30234375 0.03125 0.02890625
1 0.2765625 0.45625 0.41328125 0.2515625
23 0.49609375 0.5171875 0.03046875 0.02421875
23 0.49765625 0.54609375 0.0328125 0.02421875
6 0.73125 0.57421875 0.0328125 0.02578125
23 0.765625 0.57421875 0.03203125 0.03203125
23 0.765625 0.6046875 0.03203125 0.028125
6 0.73203125 0.6046875 0.03125 0.02734375
23 0.765625 0.6359375 0.0328125 0.0296875
6 0.73203125 0.63515625 0.03359375 0.02734375
6 0.421875 0.6375 0.0328125 0.028125
23 0.765625 0.66484375 0.03046875 0.025
6 0.73125 0.6671875 0.0328125 0.0296875
23 0.73203125 0.69609375 0.03203125 0.02890625
23 0.76640625 0.69765625 0.03203125 0.02578125
1 0.1875 0.71171875 0.13125 0.16640625
23 0.76640625 0.728125 0.0296875 0.02734375
23 0.76640625 0.7265625 0.03203125 0.02890625
6 0.73359375 0.72734375 0.03203125 0.0265625
1 0.3265625 0.73828125 0.0859375 0.11640625
23 0.68671875 0.7421875 0.03125 0.02265625
23 0.61328125 0.75 0.01640625 0.04765625
23 0.59453125 0.75078125 0.01875 0.04375
23 0.63359375 0.75078125 0.0171875 0.05
23 0.575 0.7515625 0.0171875 0.0515625
23 0.653125 0.753125 0.01484375 0.046875
23 0.7671875 0.75625 0.03359375 0.0296875
23 0.76640625 0.75703125 0.0328125 0.025
23 0.7328125 0.75703125 0.0328125 0.028125
23 0.6875 0.77265625 0.03125 0.025
23 0.76796875 0.7859375 0.03515625 0.02421875
23 0.76796875 0.78828125 0.03203125 0.02578125
23 0.73125 0.78828125 0.03203125 0.02578125
23 0.6875 0.8015625 0.03203125 0.02109375
23 0.59375 0.80234375 0.01953125 0.05
23 0.65390625 0.80390625 0.01484375 0.05
23 0.63359375 0.80390625 0.01640625 0.053125
23 0.6140625 0.80390625 0.01796875 0.05234375
23 0.5734375 0.8046875 0.01640625 0.04765625
23 0.55625 0.80546875 0.01484375 0.04921875
6 0.53359375 0.80625 0.01640625 0.05078125
9 0.94140625 0.27578125 0.11640625 0.5515625
9 0.74375 0.271875 0.121875 0.54375
9 0.60625 0.15234375 0.12109375 0.3046875
9 0.41328125 0.1515625 0.115625 0.303125
9 0.03828125 0.1640625 0.0765625 0.328125
9 0.20546875 0.1625 0.12421875 0.325