6 0.19082405314315315 0.009598112541653936 0.1347581437136937 0.019196225083307872
6 0.6786472307695777 0.04089013399829324 0.02805437944567011 0.03326841832079959
23 0.8872045934660246 0.03195597394966128 0.0377932524811996 0.04151756596343472
23 0.7153295934660246 0.0399611807313056 0.030107031017246655 0.027127580231458358
6 0.1887670934660247 0.06448622332597954 0.035813375516728654 0.049220904052775925
6 0.10444559739496613 0.08400466480614291 0.03552227708830524 0.04297090405277595
6 0.1386386608772015 0.08630987344981404 0.02222391046291672 0.0587221825888232
6 0.871703717949296 0.08023080811006107 0.015209777088305287 0.042024834160399795
6 0.9090217814315313 0.08239046753952049 0.018698650123834426 0.0499828833746115
23 0.8895633060386373 0.0817376501283437 0.01784462551672874 0.04838399607105859
23 0.7221210949137667 0.09499328308867046 0.018317660462916763 0.05854024607105859
6 0.7422152710924491 0.09873471319629432 0.02073418507002245 0.06021190798171736
23 0.6878894900752026 0.12699029983789345 0.02631209698068133 0.06281036910658785
23 0.9234802336650617 0.14018369686135607 0.01682793507002245 0.060029971463952725
23 0.8693192725401913 0.14816317080650815 0.01857237158778737 0.06400899607105855
23 0.8864703852366382 0.14814390012834372 0.01412031203449331 0.05210830955329393
23 0.9058924733259796 0.1495779675395205 0.01586474855225788 0.05608733416039975
23 0.6229344241117678 0.16587517142568067 0.02445849855225788 0.056487594499482
23 0.7174656741117678 0.1614723076957763 0.01784462551672874 0.048383996071058546
6 0.48617928680821487 0.17302419954744322 0.08153259801413863 0.16048804383752824
23 0.7369969241117678 0.1605626251069531 0.01550087551672874 0.04827483416039979
23 0.16677431534426218 0.2019327193970381 0.017427248552257968 0.056160108767505615
6 0.18467029073715632 0.20265831141532073 0.013702935070022581 0.05988442224974104
23 0.6869776534336034 0.18004252523078762 0.036648129445670106 0.03366867865988184
1 0.1177182311838624 0.21746998221731967 0.062161859800962914 0.11281252315936374
23 0.7158089747737215 0.2137796703922234 0.015391713606069857 0.045931084160399746
23 0.734304263648851 0.2183751251069531 0.015573650123834427 0.049837334160399746
23 0.9215859398275335 0.2143296722542502 0.01568281203449331 0.05218108416039975
23 0.9027995525239806 0.21598421753952052 0.016046685070022448 0.05999358416039975
23 0.863518728702663 0.22249108271716694 0.01628212551672874 0.04831122146395268
23 0.8839040033097689 0.2199825128247908 0.01568281203449331 0.05218108416039975
23 0.5431334540955571 0.2389723771738677 0.018317660462916763 0.058540246071058545
23 0.6040709540955571 0.23613416749673927 0.023005160462916764 0.058758569892376135
23 0.94316984139911 0.2195608277547682 0.021042400123834425 0.05009204528527027
6 0.6633731794884513 0.23493123242671668 0.049512002481199247 0.04206337551672865
23 0.6258004048813455 0.23824032299725725 0.020261150123834427 0.050055657981717336
23 0.16288087386409883 0.28552646939703813 0.02482021753501131 0.03077911910658786
9 0.12225575806727984 0.5719562750213907 0.11510934718556913 0.46296022642635143
23 0.3115515444612099 0.6083538856509231 0.03255994292790536 0.029580492142117266
23 0.38133535153330456 0.6331676410276066 0.029325781017246654 0.027091192927905537
23 0.31065897849777524 0.6442549983473702 0.04193494292790545 0.030017139784752445
23 0.38145947601657587 0.6807147291169477 0.025237594499481996 0.023003006410140792
1 0.6996807830886704 0.6939573219638 0.46438806327283844 0.564199664596746
23 0.18613405169992028 0.8909374073625447 0.016172963606069856 0.045967471463952594
23 0.16485836518215563 0.8958261145584739 0.016573223945152104 0.05456122146395259
23 0.23186392866439096 0.8966030564529219 0.01771834698068133 0.06241010876750579
23 0.21073379136083803 0.8983667636488513 0.017791121587787194 0.0639726087675058
23 0.2742119404512152 0.9414039801504052 0.015083498552257879 0.0560509468568469
23 0.25825945471923895 0.9491629762214636 0.016937096980681333 0.06237372146395259
23 0.23772863089792134 0.9547965461138398 0.018698650123834516 0.04998288337461147
23 0.2187966943801567 0.95957609139911 0.016881438998963993 0.04444135876750579
6 0.3296978070766038 0.9551903442945943 0.08379711124870504 0.058471779569504535
9 0.09552401427253285 0.9450491726640259 0.10056938833701021 0.10056938833700997