23 0.8252657905784883 0.8467684039728812 0.022079551542127263 0.012227896276527872
6 0.7924123802700629 0.845188373387673 0.014267051542127618 0.012046058320625264
6 0.7943470271858077 0.821696322000902 0.013363070616851047 0.0049966245250345764
23 0.8294623668773822 0.8185343011993396 0.009579551542127617 0.011936955547083272
6 0.7923345137931271 0.7959514395920826 0.01736477800317715 0.010556293502986059
23 0.8306157637931271 0.795060433608159 0.018968188311602675 0.012936411094166721
23 0.8270816607088719 0.7716956687905201 0.017378414772652208 0.011337543502986236
23 0.7903356371699216 0.7709878071832632 0.02442330154212762 0.012282447663298512
23 0.8275083547025176 0.75136498499493 0.02446421185055314 0.014626197663298512
23 0.7954771047025175 0.7521105206141312 0.01733750446422704 0.008993793502986236
23 0.8270719780793122 0.7263649849949299 0.018886367694751983 0.008248911094166722
23 0.7855975442319363 0.7234224761612146 0.021284664772652385 0.01142846248093754
6 0.9238515206929862 0.7186414443417354 0.01733750446422704 0.008993793502986236
6 0.830569124995057 0.7028365660169784 0.019844895697929132 0.018423344889756877
6 0.9203583279171564 0.6976204295240964 0.02361477800317715 0.010701763867708358
23 0.7867645779171564 0.700729858570034 0.019763075081077906 0.013735844889756876
6 0.9255816160666033 0.6834306429549646 0.01495284415580116 0.00659549211621524
23 0.7918378616023765 0.6779463220009021 0.022874438311602675 0.013027330072118204
6 0.8262264983718517 0.6779274849949298 0.021284664772652208 0.01142846248093754
23 0.7915651262128731 0.6623213220009021 0.016569891233702096 0.009756859707395904
6 0.8251043291349724 0.6584144187905202 0.015761367694751626 0.008176175911805573
6 0.4209662540538945 0.6545341911106941 0.006590919236879244 0.0196767203647223
23 0.2701304569759938 0.6549186636596179 0.009688645697928955 0.018186955547083272
23 0.787331593745469 0.6436622409788535 0.017351141233702093 0.009775043502986237
23 0.38653670697599385 0.6522092781166664 0.009016489853730292 0.024418771751493117
23 0.3599742069759938 0.6528275271667358 0.006577282467404011 0.0188954703647223
23 0.29591170697599384 0.6543185984051386 0.005123876623205436 0.025109102773541635
23 0.40292932020651867 0.6510461684092705 0.008344334009531629 0.030650587955902787
6 0.4505582966675683 0.6483744568782634 0.009920470779006863 0.031468205547083274
6 0.31459352312861794 0.649975937310972 0.0066181927758295345 0.0212392203647223
23 0.34273215989809314 0.650102570669722 0.009702282467404011 0.018968205547083273
6 0.4357009098980932 0.6479386989944789 0.009125584009531628 0.03066877175149312
6 0.28489238635914277 0.6498856715434025 0.006631829545304768 0.0220204703647223
6 0.24896852312861792 0.6515033761405553 0.009057400162155815 0.02676252175149312
6 0.32394124958966763 0.6481952317638886 0.008221603084255059 0.023619337955902785
6 0.7877991980475401 0.6256753071832633 0.015007391233702094 0.00972049211621524
6 0.35614009496328497 0.6122752623490969 0.00828978693163096 0.027525587955902785
6 0.3842514581938098 0.610839395707847 0.007453989853730292 0.02438240416031263
6 0.4014389581938098 0.6104393522048608 0.012909103084255058 0.02372844072944442
6 0.34439407142433465 0.6109855192829511 0.008934669236879245 0.01973127175149312
23 0.3693395243464339 0.6072786378240622 0.008276150162155816 0.026744337955902787
6 0.9785372463432568 0.582939027263645 0.00907103693163087 0.02754377175149312
6 0.9815531521874554 0.5766162920812838 0.007494900162155815 0.026726154160312633
23 0.44548719277253424 0.4921790082650343 0.015007391233702094 0.00972049211621524
23 0.7031905986167329 0.47992835572024245 0.020544325081077907 0.013754028685347208
23 0.7336184383083074 0.47687543769222157 0.022079551542127616 0.012227896276527872
28 0.4100582073830309 0.47737227906659696 0.027203428165332964 0.03733699905006951
23 0.44674968384408054 0.4749551406738538 0.011827844155801338 0.006522756933854268
23 0.7333184293798537 0.45968793769222155 0.019735801542127618 0.012173344889756877
23 0.5208184293798537 0.46463393009277726 0.01970852800317715 0.010610844889756877
23 0.6996428587630026 0.4557823409026035 0.017323867694751627 0.008212543502986235
23 0.4479849013766765 0.45616877308267323 0.014952844155801514 0.00659549211621524
23 0.37376615137667646 0.4578962336637497 0.02283352800317724 0.010683580072118204
23 0.7329638733734993 0.43937543769222165 0.01580227800317715 0.010519925911805571
23 0.7032490998345489 0.4385039219246522 0.014966480925276571 0.00737674211621524
23 0.4485206895261234 0.442088089287083 0.018173301542127616 0.012136977298576568
23 0.5203820527566483 0.43963393009277735 0.015761367694751626 0.008176175911805573
23 0.4859934159871731 0.43965276709874956 0.01502102800317715 0.01050174211621524
23 0.3765638689092724 0.43907349848138855 0.02136648538950343 0.01611596248093754
28 0.40775932183137176 0.43522114665777745 0.020049447240056396 0.030142094889756877
28 0.33662466152294623 0.43453212205649283 0.025009682629559826 0.045876197663298514
23 0.7037712512145207 0.4236419881290619 0.013363070616851047 0.004996624525034754
23 0.7350212512145207 0.42291463630545073 0.015815914772652383 0.011301175911805572
6 0.5544843173671449 0.42320884308680506 0.010565353084255236 0.023673889342673605
23 0.5200274967502938 0.41932143009277734 0.01499375446422686 0.00893924211621524
6 0.6426837467502938 0.4164665741851036 0.02608125892845372 0.017787565254479176
6 0.5793888599808186 0.4171582116279162 0.018255122158978666 0.01682447729857639
23 0.4856115864418683 0.4177777670987496 0.015034664772652384 0.011282992116215241
6 0.6074865864418684 0.41494109498666615 0.01587046185055314 0.014426175911805571
28 0.04260192613344281 0.42574422919843746 0.07194891233702042 0.09538654160312507
23 0.7347076055165918 0.40494588630545075 0.017337504464226862 0.008993793502986236
28 0.44327408197764145 0.4101659420606246 0.019186376623205346 0.025436411094166722
6 0.6995104452081662 0.40342040710701327 0.026698867694751625 0.008430749050069509
23 0.5165752142828898 0.4006441652751384 0.018913641233702094 0.009811411094166722
23 0.47982919074393937 0.3999363036678816 0.02520455154212762 0.012300631458888933
23 0.41334112012708835 0.3967944262930552 0.017473872158978665 0.01680629350298606
28 0.3734291862797125 0.39381554986815936 0.014580697240056395 0.030014808320625086
23 0.7015541862797126 0.38617835572024245 0.01890000446422686 0.009030161094166721
28 0.33662861566286156 0.3899826882609025 0.014485239853730292 0.024546058320625085
6 0.7326950921239112 0.3792010038966313 0.015734094155801338 0.006613675911805572
23 0.5201678185849609 0.38258449629718705 0.016542617694751627 0.008194359707395816
23 0.4857655450460105 0.3818220833031593 0.014980117694751627 0.008157992116215328
23 0.41308202150706014 0.38195067629305524 0.015747730925276572 0.007394925911805572
23 0.7020081538123085 0.3674101719246522 0.02121648092527657 0.00752221248093754
6 0.7379183802733581 0.3650112173274994 0.011800570616851047 0.0049602569338541794
28 0.4480337199649327 0.3694136554914927 0.020639782467404187 0.01922277868534721
23 0.4909615596565072 0.36606979673402734 0.011101141233702094 0.009629573138263936
23 0.5206217861175567 0.3638163125015968 0.015007391233702094 0.00972049211621524
23 0.3721842861175568 0.3672712336637497 0.018186938311602674 0.01291822729857639
23 0.20964337580913125 0.3687097131465276 0.012977286931630961 0.02763469072944442
23 0.22214337580913127 0.36841877241708315 0.012141489853730291 0.024491506933854178
23 0.2408251919617554 0.36407611132291645 0.008330697240056483 0.029869337955902787
6 0.2658115551922802 0.36271297986402756 0.008235239853730291 0.024400587955902785
23 0.7017081448838548 0.35022267192465223 0.01970852800317715 0.010610844889756877
6 0.7383723478059541 0.3462430335319091 0.01658352800317715 0.010538109707395816
23 0.35150359334172715 0.3466502623490969 0.021257391233702093 0.00986596248093754
23 0.7311092727248761 0.33312543769222164 0.014980117694751627 0.00815799211621524
23 0.4428007491859258 0.33827275826503433 0.018940914772652383 0.011373911094166722
6 0.7029569991859258 0.33221755433347167 0.018173301542127616 0.01213697729857639
6 0.5239143814911741 0.3285691435236454 0.017351141233702093 0.009775043502986146
23 0.35121722118274856 0.33024401234909695 0.01658352800317715 0.010538109707395904
6 0.04100642410484793 0.33433797919843744 0.006068767856907487 0.03450228656913197
23 0.7307819902574721 0.3143754376922216 0.018105117694751628 0.00823072729857639
6 0.6963524431795715 0.31205052469819383 0.016597164772652384 0.011319359707395903
6 0.4876632357932452 0.3114368481207982 0.02280625446422686 0.009121080072118027
23 0.34702459902377003 0.3139286813270483 0.02205227800317715 0.010665396276527784
1 0.6134035754848197 0.30616550703076334 0.07828646144351588 0.1900268943766667
6 0.44618880194586935 0.308494339287083 0.01890000446422686 0.009030161094166721
23 0.6999586842511176 0.2947721057202425 0.02290171185055314 0.014589830072118027
6 0.733497887173217 0.2908652025098605 0.018940914772652383 0.011373911094166722
6 0.44673822686479153 0.2951949054914927 0.021202844155801516 0.00674096248093754
6 0.48421095332584113 0.2927595833031593 0.022065914772652385 0.011446646276527783
23 0.5263439062479405 0.2886526583412843 0.02205227800317715 0.010665396276527784
23 0.7324848120921391 0.2776021363054508 0.015720457386326103 0.0058324259118055725
23 0.6996041282447633 0.27445960572024247 0.01811875446422686 0.00901197729857639
23 0.6985774163942102 0.26041528951583276 0.019653980925276572 0.007485844889756965
6 0.733720029624735 0.25881576871427026 0.01499375446422686 0.00893924211621524
23 0.5282376428552599 0.26281685695451346 0.011800570616851047 0.0049602569338541794
23 0.6974961574657564 0.24324597331142303 0.022819891233702094 0.009902330072118026
6 0.7334200206962812 0.24162826871427026 0.02129830154212762 0.01220971248093754
23 0.6964558088457282 0.22842040710701333 0.019803985389503252 0.016079594889756965
6 0.7346825117678275 0.22440440112308968 0.01577500446422686 0.008957425911805572
23 0.5189756911509764 0.22473562870600655 0.021257391233702093 0.00986596248093754
6 0.737439318991998 0.20323791594072854 0.011882391233702095 0.009647756933854178
6 0.7022285219140972 0.20093118674229107 0.017378414772652385 0.011337543502986148
23 0.6450609042193456 0.1944461038203814 0.006631829545304768 0.022020470364722256
6 0.6637699939109201 0.1916659427262147 0.006659103084255058 0.023582970364722212
23 0.6184165836024945 0.19037685287045086 0.005110239853730292 0.02432785277354168
23 0.5863716968330193 0.19034113848965228 0.0027528530842552356 0.023492051386770817
6 0.6340415836024945 0.1900131769586453 0.007413079545304768 0.022038654160312497
6 0.6019830600635443 0.18919621257784672 0.005905126623205348 0.02512728656913197
23 0.5613307865245938 0.1885792699485412 0.005864216314779824 0.022783536569131967
6 0.5722682865245938 0.1883246968102773 0.005123876623205348 0.02510910277354168
6 0.48242453652459377 0.1904158333031593 0.007385806006354301 0.020476154160312544
23 0.5128660129856435 0.18814416527513847 0.003629560470581339 0.02897898518236115
6 0.5409910129856434 0.18748954863388842 0.007494900162155815 0.026726154160312543
6 0.4995711262161683 0.1876720398001732 0.007467626623205348 0.0251636541603125
6 0.36203417004765814 0.14397920402847192 0.005905126623205437 0.02512728656913197
6 0.3487120097392326 0.14194457855350665 0.0067136501621558155 0.026707970364722212
6 0.5275091655834313 0.1315304893633329 0.016597164772652384 0.01131935970739586
6 0.6787989301939279 0.11237783301881887 0.007413079545304768 0.022038654160312497
23 0.6631875669634031 0.11352275893062444 0.007590357548481919 0.032194904160312496
6 0.5278540389602259 0.1065123055677426 0.015829551542127618 0.012082425911805573
23 0.3496199448044245 0.10440821096232608 0.008207966314779913 0.022838087955902787
23 0.3652313080349493 0.10326328505052054 0.007563084009531628 0.030632404160312498
23 0.6724437901780418 0.06172386958795082 0.018105117694751628 0.00823072729857639
6 0.057572766639091486 0.07447201671749995 0.007522173701106127 0.0282886541603125
6 0.07317049310014115 0.0725458408056944 0.009098310470581294 0.029106271751493072
23 0.7152761724832901 0.052911260830485515 0.019735801542127618 0.012173344889756965
6 0.34637616801906324 0.05290026234909693 0.0035613766232054367 0.025072735182361104
23 0.6737199180190633 0.045281251996770265 0.023573867694751626 0.008358013867708357
6 0.38700116801906326 0.051954704978402454 0.009811376623205437 0.025218205547083337
6 0.3658937812495881 0.05166441745933997 0.006727286931630871 0.027489220364722233
23 0.6733517252432337 0.02418750199677027 0.023601141233702095 0.009920513867708352
6 0.5262585369316309 0.015106055567742615 0.02527273538950343 0.016206881458888912
23 0.7105108060063544 0.004167438973350401 0.02202500446422686 0.008334877946700802
6 0.672983532467404 0.0038044162719268054 0.01890000446422686 0.007608832543853611
9 0.98984375 0.22297376016489542 0.0203125 0.44594752032979085
6 0.9706055641174387 0.8449487179930895 0.018159664772652205 0.011355727298576567