6 0.022222196464470163 0.4170804921421172 0.04444439292894033 0.06809933664159917
23 0.05752474628698492 0.41428513192686944 0.019124511432745385 0.05626927067816449
6 0.561031692203301 0.42678105541495553 0.02880953547936258 0.08791953101724666
6 0.6173635377567972 0.42705719127076636 0.025111616604888455 0.07136773180303493
6 0.45642603775679724 0.41956140673886305 0.021314494009550343 0.07431079528527036
6 0.5072072877567972 0.42192658146980344 0.024193957349061535 0.06742509449948209
6 0.6705158196079626 0.42875027791236553 0.03152530771188111 0.07634633023145838
6 0.723668101459128 0.4304433645539647 0.029126994009550343 0.0746746683207995
23 0.07735858585003143 0.33930440260503386 0.021468261432745384 0.056378432588823205
6 0.03053814955236228 0.3355586643918581 0.020905266242068808 0.06259204528527036
23 0.05324896325469314 0.33505139619489305 0.0206051658792491 0.05399829528527036
23 0.09934271325469314 0.33719824710451585 0.0206051658792491 0.05399829528527036
23 0.0060149844855329135 0.3317958095532939 0.012029968971065827 0.054925094499482
23 0.9440376543616857 0.37184542224523176 0.04562252404661713 0.03332407630251692
6 0.6201016465571374 0.3262395539672135 0.031716280670039156 0.08181508023145838
6 0.6740351784083028 0.32796902791236554 0.03654018992586625 0.08593965405277597
23 0.9420857739617989 0.3381061230310201 0.04939236479078986 0.029599762820281584
6 0.46164430581296456 0.3149466813459689 0.017380962158384784 0.07334760876750561
6 0.5656051195152954 0.3182236927185085 0.03386905771188111 0.07645549214211708
6 0.7257613695152954 0.32568308994685885 0.03858383956304649 0.07745506596343468
6 0.5133432150687917 0.31344199338046225 0.029126994009550343 0.07467466832079958
23 0.17794391760852962 0.237566428245597 0.01834326143274536 0.05623288337461148
6 0.734585787208643 0.2298440510717293 0.02934524881887359 0.08092466832079959
6 0.5706051327621393 0.21985896732561433 0.03963790807470069 0.0853039532669877
6 0.5166988827621394 0.21734824338046224 0.03621280771188111 0.07656465405277597
6 0.4659994783156356 0.21263931864952185 0.02597471215838478 0.07374786910658786
1 0.06209386717424718 0.19360875889134016 0.12418773434849437 0.18405613047912736
6 0.6238119783156356 0.21998955396721348 0.024657748818873594 0.080706344499482
6 0.6762648557202973 0.21930250330525966 0.029208839563046495 0.07701841832079959
23 0.18009918385059845 0.17584767824559702 0.030706852176918265 0.052908830231458384
23 0.18389879564616352 0.11185795285270288 0.022058538474587407 0.050946069892376135
6 0.7351165552648103 0.12501100185751762 0.034114594372369925 0.08348674214211718
6 0.5711086189671412 0.1158071681114026 0.023740089563046497 0.07676370719592907
6 0.5195734008183066 0.11262435607690931 0.028236616604888454 0.07151328101724666
23 0.936006932669472 0.1312375388706203 0.018851692921091255 0.04845677067816441
6 0.468873996371803 0.10791543134596893 0.023385425497895795 0.06660745719592906
6 0.6821279645206375 0.11863041521591847 0.034032748818873595 0.08114299214211718
6 0.6259325282229684 0.1144480293601076 0.025892866604888452 0.07140411910658787
23 0.00218687935579879 0.036046661910658785 0.00437375871159758 0.054124573821317565
6 0.08705356669755575 0.03926801530148094 0.020959829944399645 0.06415454528527029
23 0.11757688039988659 0.03912462014004516 0.02074157513507622 0.057904545285270295
23 0.02471725780454831 0.03166953101724665 0.022194947730414527 0.05485231989237614
23 0.04734622595338288 0.03350601282028158 0.021250006623421958 0.05012843258882321
6 0.16151785335804458 0.035693559139009165 0.021468261432745363 0.056378432588823225
6 0.1903149759533829 0.040164889370467534 0.025592766242068833 0.06281036910658787
23 0.20382427197806452 0.9919858121892865 0.02514633293962456 0.01602837562142696
23 0.2303049264245683 0.994975436827351 0.022638891832631992 0.010049126345298021
23 0.39555790419204967 0.9889983705532026 0.044250997004775174 0.02200325889359469
23 0.6499552275130274 0.9903463452734478 0.05014633293962447 0.019307309453104438
23 0.36860602379216306 0.9624530740262053 0.045758933302444224 0.03723032630251666
23 0.3476858885829531 0.9340904795267233 0.04381448738612832 0.026220051695410973
1 0.014205696601508704 0.5307427318030349 0.02841139320301741 0.09351671360606986
23 0.9092558826773214 0.5611604793173264 0.01979663402808356 0.05318065798171734
6 0.04597463267732129 0.5209525088913403 0.020768856986241667 0.05868579528527036
23 0.9097940852170592 0.5009314547102205 0.019233638837407342 0.059394270678164496