1 0.7023892017953981 0.0405246858940829 0.08212215359079629 0.01944566687305751
1 0.7961482921544777 0.04645366232043434 0.06494828912941557 0.02098889619489308
1 0.5868323794884953 0.04685811496824945 0.08303975897699054 0.04291955417661044
1 0.4766624939498758 0.039383755167286504 0.07519998789975162 0.03786818114108115
1 0.3642261264634331 0.045081483455664775 0.07532725292686626 0.059743181141081146
1 0.24708862343837104 0.04821713792272547 0.08870395169720222 0.07676801530148095
1 0.017982385538619423 0.00318065798171736 0.035960225897699045 0.00558006596343472
6 0.7127408945156098 0.07459147084027098 0.04473578307929138 0.03723032630251692
6 0.8088846414905477 0.0876608591772812 0.06272271379745079 0.04119223428423428
6 0.3683141836450255 0.07651341997342942 0.04709316861791084 0.03968323821317572
6 0.4839482740041051 0.08346124089926286 0.05565964754067192 0.035395998552257946
6 0.5917698643631847 0.09004518878956703 0.042473846311007965 0.051183664391858154
6 0.2550829306199634 0.07983101095825476 0.061155668617910844 0.04033820967712844
6 0.05597781010845859 0.09008349855225795 0.023855656517662416 0.07296661910658786
1 0.02633576190385668 0.09651328101724664 0.051222132415361464 0.07814642473094036
6 0.7333402617074649 0.2590949034290942 0.27904767144658127 0.17154763006484258
6 0.06189250858420699 0.30123932237357554 0.06430793969514967 0.045171258891340126
23 0.82792202956325 0.40643012985544563 0.044667605386194256 0.025511576302517013
6 0.05763680064048883 0.37523974855225795 0.055945993851679934 0.08461474855225788
23 0.828067475308524 0.4314301298554456 0.040815897540672094 0.034704639784752266
6 0.7242384933607007 0.43987186848290616 0.04775624394987581 0.01940712551672874
6 0.7820828096174793 0.44803327894582284 0.04233294574527378 0.02696491439185813
6 0.0727805324901162 0.4274936073197636 0.029928394515609868 0.04278896753501123
6 0.8321828035673551 0.46754956637321027 0.05023634933607006 0.042953787427387445
23 0.8300163155694076 0.49790915446255146 0.04705226200205246 0.03265198821317572
6 0.05989016793053977 0.4940625231593637 0.055105656517662416 0.07442211124870504
23 0.8302072131100797 0.5307216544625515 0.0392170361043533 0.028381865177646404
23 0.8295986799325924 0.5603727671589985 0.048546584308955684 0.021006012820281583
1 0.22105947208707005 0.5414020576912671 0.1013584878015557 0.10391271215832773
6 0.2968861738824681 0.5527441261359012 0.023810204722264316 0.06515411910658778
1 0.46407821906200797 0.561312259096228 0.16009976707021814 0.6689962107105858
23 0.8329100322937244 0.5925495663732103 0.043186918617910665 0.03950130169541115
6 0.8307662701934759 0.6268154044625515 0.04473123789975162 0.036449076302517015
1 0.7193338665044839 0.6708307700544827 0.16805667105379776 0.4256828583532208
23 0.6140878303019347 0.7041997340748373 0.0454852168225127 0.03179796360606986
1 0.23296964050858912 0.7090989799410081 0.1101022287263694 0.13009422249741007
6 0.06355201999708435 0.7207341850700226 0.06838690651766241 0.07504069540910478
6 0.31684064646051746 0.7606486714211715 0.027816448672140125 0.08252355562435251
6 0.0724366614876321 0.7711344454091048 0.04393635236113216 0.034068938998963995
23 0.6272014295398088 0.8102506809316843 0.018355090260883777 0.06724315798171716
6 0.6006525650784283 0.8113572626108846 0.03245849687674216 0.0749293794456701
23 0.5686258602579681 0.8106466331652145 0.027702819183644856 0.06299230562435269