1 0.31309034599777286 0.009118293193452084 0.07069430800445434 0.018236586386904168
28 0.1522982966661364 0.00041581001259432675 0.03837215666772722 0.0008316200251886535
23 0.11792329666613639 0.0010401995704586845 0.01727840666772722 0.002080399140917369
23 0.1092931839990455 0.004236020324630378 0.020467041335136306 0.008472040649260756
23 0.13493807399745467 0.012154201294809925 0.020594310669954385 0.02430840258961985
23 0.2544511426639092 0.009411812104530076 0.035410788669636165 0.018823624209060152
23 0.10205284866327288 0.019636391339001254 0.024436926002545344 0.020019250904511156
23 0.1262715986632729 0.018367140434490097 0.01736931333545444 0.016525758706427272
23 0.24101535132877294 0.020942184532453334 0.025272720003181703 0.024747694482076033
23 0.09179660132877293 0.02876240784734464 0.022120448002863502 0.02224017017181652
23 0.07998694466104571 0.03718906151081778 0.026753404002227164 0.01779833163720579
28 0.149509103994273 0.03432633310754382 0.03866305800445433 0.03481873530067893
23 0.227634103994273 0.030231975351056227 0.02681703866963625 0.023267081637205776
23 0.1166238786600912 0.042295963365268606 0.025972154002227167 0.01775738805964091
23 0.06815001599300033 0.047959465174290915 0.02205681333545444 0.01677142017181652
23 0.21422558465945488 0.04186551616965912 0.02133919800286348 0.022199226594251654
23 0.10713069999204583 0.052943536296047124 0.0213301073360908 0.021417976594251643
23 0.09452161199077315 0.06297363353708514 0.021330107336090774 0.021417976594251664
23 0.04911820532304593 0.07316086103584793 0.022156810669954386 0.025365170171816543
23 0.08191252398950048 0.07300373077812315 0.023692038669636227 0.023103307326946276
23 0.12951422998886414 0.07519367254666572 0.02598124466899989 0.01853863805964089
28 0.032566504654682374 0.08652067616471033 0.0402073766709089 0.033338122455808694
23 0.1184767326543642 0.08436063263257398 0.020476132001908988 0.015127033016686785
23 0.10981025732018242 0.09106101198578762 0.021293744668999894 0.018292976594251664
28 0.010457967327738894 0.10098928991409173 0.020915934655477787 0.039427670171816545
23 0.07066594131922792 0.10013944086403141 0.02677158533577262 0.019360831637205766
23 0.09957219131922793 0.098624528494131 0.02053976666931807 0.020595783016686763
23 0.1417506006524552 0.0971948253056277 0.024436926002545344 0.02001925090451113
23 0.1346011719844098 0.10771956750371159 0.026063060669954386 0.02556988805964089
23 0.001727857326148058 0.11706466926730537 0.003455714652296116 0.02290191146538927
28 0.05407787798377348 0.1166242559928938 0.033921014003818015 0.02988557383528967
23 0.12279151531668257 0.11614622116718473 0.023655676002545346 0.019978307326946255
23 0.11177219931572809 0.12375068125309299 0.02442783533577262 0.01923800090451113
23 0.0991540206476827 0.134562028494131 0.026026698002863502 0.02244488805964089
28 0.0303676579805918 0.1412900633198401 0.03482953333863612 0.040864017412854545
23 0.09199550131286457 0.14586802069221488 0.026780676002545346 0.020142081637205766
23 0.08174834464513736 0.15421278720055825 0.02605397000318166 0.024788638059640888
23 0.012980163311591908 0.15937832202626737 0.01975851666931806 0.020554839439121907
28 0.06754948464354651 0.16666852159672602 0.037073286004136174 0.03239309814554918
23 0.13003130331000107 0.16495553539153596 0.021457376670908877 0.03235547659425162
23 0.11818528397518295 0.17650718905500912 0.02758919800286348 0.022526775214770645
28 0.04158642130809207 0.18364465965636695 0.03470226400381802 0.02992651741285455
23 0.10318699264004669 0.19056636702874175 0.022147720003181704 0.024583920171816542
23 0.025815970639728514 0.19696353120766447 0.0314954480028635 0.022731493102595035
28 0.09443870130491039 0.2042979963819554 0.041024989337999786 0.03650406603337357
23 0.009755713319546088 0.21348928991409172 0.019511426639092177 0.023021420171816586
28 0.0676307533020469 0.22678382801916114 0.041815330004772513 0.03732625961093845
23 0.046337008633047 0.2450768046134128 0.030732379336408943 0.024253049525030157
23 0.03450917063177433 0.25506595827688594 0.025999426002545335 0.020101138059640887