9 0.7740451342985876 0.9565997518989166 0.1577090237259961 0.08680049620216686
6 0.03894580038056085 0.15783234736759483 0.031169086958138303 0.0182514921954517
23 0.9353432979091029 0.20087066250550606 0.022190676387734243 0.046803078130301136
28 0.9695909639167141 0.20519606395678486 0.029221926387734597 0.04704861479079003
23 0.9906210469205197 0.20749517393825143 0.006470175893442942 0.04391369110699257
23 0.009146542110472026 0.20202629146981227 0.018293084220944052 0.017306551088459087
9 0.4595501190499104 0.24215036069925677 0.5866789407221906 0.13438747911824384
6 0.03700661558986932 0.2438244110699257 0.03364017095052709 0.021458337748947898
23 0.008538058783517833 0.24343254146981227 0.017076117567035667 0.02124008293962456
6 0.03614711114124504 0.2649181610699257 0.03364017095052709 0.021458337748947898
23 0.008865681435632794 0.26455357332097773 0.017731362871265588 0.018950896641955418
23 0.7625995231945236 0.3121925645049391 0.03614308844101295 0.025446433302444227
6 0.03600518969642636 0.28760169292109106 0.03673333745242989 0.02078621515360961
23 0.007491200209417848 0.28562004146981224 0.014982400418835695 0.021994051088459088
6 0.03514568524780207 0.3086954429210911 0.031041752965749514 0.015126492195451747
23 0.007232885361532808 0.30671379146981226 0.014465770723065615 0.01967758293962456
6 0.46483584384103943 0.3620362747644073 0.09822127718603717 0.132152790288686
23 0.8873700770351256 0.45659238364956545 0.018906508897248386 0.04278770072563951
9 0.326360916854031 0.4632391322988031 0.652721833708062 0.13975951459760622
6 0.7867533117120862 0.525838402253887 0.031169086958138338 0.018251492195451746
6 0.8210182237653647 0.5489410855563313 0.03426225346004088 0.01757936960011346
9 0.3373103631184114 0.5808904237686154 0.6746207262368228 0.14615584753723088
6 0.780158460419492 0.6108855248492253 0.027231003460041238 0.017333832939624472
6 0.7808932894689649 0.6312525885515562 0.03273158695813834 0.018306055897782513
1 0.9124496955907443 0.6859177851008444 0.13699591159616772 0.3753497187818068
6 0.6716191071497313 0.701761006793058 0.04798917243340171 0.028980661069925695
9 0.32858530864135443 0.715047168959292 0.6571706172827089 0.17150058791858402
23 0.1867427469598884 0.8123537001774853 0.014841091406762619 0.03874504146981224
23 0.1999284964655968 0.8151612416472975 0.014904758402956996 0.04030754146981223
23 0.10901699498272203 0.8190277969121078 0.013374091901054186 0.04103422776748147
23 0.13789141148462486 0.8208184754052287 0.015813342395345754 0.04345982332097762
23 0.09726641148462485 0.8193998191446263 0.013996174410568196 0.03715525961864685
23 0.12542324498272203 0.8196007157865818 0.012529174904859807 0.03944444591631609
28 0.6946679934998473 0.8465204352861788 0.04041409437251211 0.05368056070710594
6 0.4704492434998473 0.838690544001701 0.06443918479069151 0.08806548439090349
23 0.7730289817112113 0.11383691005843535 0.03057883794672147 0.022911710344286275
6 0.8652696535759595 0.883772442542573 0.029670253954332537 0.019759428493120623
6 0.9027696535759595 0.8850819713985135 0.027294670456235792 0.01889633293962447
23 0.09538823509689029 0.8654935691446266 0.017966091406762575 0.03885416887447377
23 0.08520015159879309 0.8659201550794758 0.014123508402956998 0.040280259618646855
6 0.7219189015987931 0.8881548637792995 0.03266791996194396 0.01674355589778287
23 0.10707515159879308 0.8666840469121079 0.015717841901054186 0.04111607332097762
23 0.1202609011045015 0.8694915883819203 0.015781508897248563 0.04267857332097762
23 0.1319478176064043 0.8706820661494016 0.013469592395345753 0.043377977767481465
23 0.9041265651349464 0.9093825669520097 0.03341733646384668 0.015989587748948254
23 0.8658453151349462 0.9080457562449038 0.031105419961944138 0.016688992195451745
23 0.9603447316368492 0.9121281102359206 0.009658842889637498 0.04558531851165455
6 0.8636143116749053 0.924397442542573 0.026481586958138337 0.018087801088459088
6 0.4385506446787108 0.9111186155085802 0.01399617441056833 0.03715525961864685
6 0.902485810686322 0.9304490351008443 0.02872983646384668 0.015825896641955238
6 0.3220170606863221 0.9101786196849314 0.0931199417107738 0.12183284918169335
6 0.9010042237281837 0.9476092532496789 0.030515170950527092 0.021349210344286364
23 0.0423055637264337 0.09457837921876025 0.03295442144481868 0.02377480589778256
6 0.6649566357814622 0.9513430502662278 0.09371019072219049 0.09731389946754447
6 0.43657696779668476 0.9595561155085802 0.012338173916276673 0.03475694591631608
9 0.46874072973404496 0.11259926995508389 0.5858486111784261 0.15230166541591292
28 0.5527922168081016 0.9575366196637269 0.07767135524692712 0.0849267606725462
23 0.4497335423975334 0.9963659793287075 0.03191850346004106 0.0072680413425850075
6 0.3972624584051446 0.9949479453681619 0.022893671939110228 0.010104109263676265
23 0.01196944750010938 0.11455357332097771 0.02393889500021876 0.02363839664195542
23 0.04291305878351783 0.1180704429210911 0.036797004448624285 0.0223487151536097
6 0.07488064178732344 0.12075149881887363 0.031982170456235505 0.01906002404661713
23 0.04205355433489355 0.1391641929210911 0.032890754448624285 0.022212305897782558
6 0.07639672083679636 0.14114584437236993 0.031169086958138293 0.018251492195451656