23 0.5580844245085897 0.6294588430868051 0.024409664772652384 0.011501197663298513
6 0.44784635389173866 0.6273352582650343 0.015061938311602675 0.01284549211621524
23 0.214034415580136 0.6202722131465276 0.022188645697928954 0.01847789627652787
6 0.5569349817327602 0.6083832768823954 0.022147735389503254 0.016134146276527872
23 0.44516168465485945 0.6078585596518052 0.01814602800317715 0.01057447729857639
23 0.5581292889569306 0.5872531592912148 0.025999438311602674 0.013100065254479177
23 0.4486588315706044 0.5843301406738538 0.016597164772652384 0.011319359707395903
23 0.5569116623337251 0.562271343086805 0.018159664772652385 0.01135572729857639
23 0.20935482385996665 0.5312824483288887 0.02295625892845372 0.017714830072118028
23 0.20901390462308736 0.5117511983288887 0.023655688311602762 0.013045513867708358
6 0.4424712869283357 0.49850174344739545 0.01887273092527657 0.007467661094166722
6 0.5549440133893853 0.4943207768823954 0.021325575081077908 0.01377221248093754
23 0.20870025892515845 0.49378244832888873 0.020476141233702096 0.009847778685347208
23 0.20604286322722953 0.47586824971565955 0.02129830154212753 0.01220971248093754
23 0.20418035429877582 0.4587171173068401 0.020476141233702005 0.009847778685347208
23 0.21163829829242137 0.43822277935093734 0.02051705154212753 0.012191528685347208
23 0.20667806290291799 0.42270688212447904 0.018227848620028197 0.015261977298576567
23 0.2071183936660387 0.4031574483288887 0.016624438311602673 0.012881859707395905
23 0.2006092950460105 0.38845916869361097 0.019749438311602675 0.012954594889756966
6 0.9999749443982111 0.3135162268268047 0.00005011120357778509 0.007939786569131968
6 0.9982078928560837 0.2908963444179853 0.0035842142878326653 0.009575021751493117
23 0.27308253855318876 0.2867317081125345 0.013731263392680581 0.026090374525034755
23 0.3051001517837136 0.28520492249333307 0.005986947240056484 0.029814786569131967
23 0.2511802650142384 0.2856783543890623 0.0073858060063544785 0.020476154160312454
23 0.28788537824476323 0.2840424659963192 0.009756829545304768 0.022093205547083362
6 0.9993432552750058 0.2635162268268047 0.0013134894499884809 0.00795797036472221
6 0.9999915467726229 0.24787304303121446 0.00001690645475420638 0.007140352773541636
23 0.2864768368489054 0.24812314979190947 0.011373876623205437 0.025254573138263937
23 0.3043637662320544 0.24301742249333308 0.006740923701106105 0.0282704703647223
23 0.24732202272158083 0.8258312289140971 0.007535810470581339 0.029069904160312632
23 0.23872827272158084 0.82603125066559 0.012127853084255059 0.023710256933853913
23 0.712715197640503 0.8017124367422911 0.015843188311602675 0.012863675911805572
23 0.21655326379312712 0.8093528969421179 0.022833528003177152 0.010683580072118204
6 0.10169587702365197 0.8112446648938889 0.019953989853730293 0.024673344889756876
23 0.21008507548152444 0.79699836730684 0.01658352800317715 0.010538109707395904
23 0.7037805284036237 0.7823812084937842 0.01661080154212762 0.012100609707395904
23 0.7428157548646734 0.7799095187142703 0.019735801542127618 0.012173344889756877
23 0.10983961363097135 0.7852633931423958 0.01186875446422686 0.008866506933854268
23 0.2120606327056948 0.7758500659200693 0.01809148092527657 0.0074494772985763905
23 0.7080589253193686 0.7588346057202424 0.023573867694751626 0.008358013867708357
23 0.7455589253193686 0.7579617835319091 0.012595457386326104 0.005759690729444422
23 0.21404982669934042 0.7554830145332984 0.016542617694751627 0.008194359707395904
23 0.7061691428519646 0.740120973311423 0.019749438311602675 0.012954594889756876
23 0.7452043693130141 0.7376492835319091 0.012636367694751627 0.008103440729444421
23 0.21136515746246115 0.7360063159200693 0.021284664772652385 0.01142846248093754
6 0.10654128976770945 0.7306304445291666 0.009565914772652385 0.011155705547083273
23 0.21568446468663155 0.7148034631465275 0.015048301542127529 0.01206424211621524
23 0.08488843221922748 0.6990901570101041 0.012236947240056462 0.02996025693385427
6 0.4459935275928448 0.6555148096518052 0.021257391233702093 0.00986596248093754
6 0.5631537540538945 0.6512247403132634 0.024436938311602673 0.01306369766329869