23 0.27265625 0.16875 0.046875 0.03203125
6 0.2125 0.171875 0.05390625 0.03125
9 0.67734375 0.23671875 0.6453125 0.1078125
6 0.225 0.3171875 0.04765625 0.028125
23 0.30859375 0.3234375 0.04609375 0.0265625
6 0.30625 0.35703125 0.0484375 0.02734375
6 0.228125 0.3578125 0.05703125 0.03203125
9 0.671875 0.36875 0.65625 0.1375
9 0.6796875 0.51171875 0.640625 0.1140625
9 0.53828125 0.63671875 0.9234375 0.1109375
23 0.421875 0.73359375 0.025 0.0515625
6 0.4515625 0.7359375 0.0265625 0.06484375
9 0.29609375 0.7578125 0.2203125 0.12421875
9 0.99765625 0.7671875 0.0046875 0.121875
6 0.0703125 0.821875 0.02578125 0.06796875
6 0.04765625 0.82109375 0.0203125 0.05703125
6 0.16875 0.8234375 0.0234375 0.0703125
6 0.14140625 0.82578125 0.0234375 0.065625
23 0.96640625 0.83125 0.04609375 0.03046875
9 0.68203125 0.83671875 0.51640625 0.1375
23 0.9609375 0.8734375 0.02109375 0.04921875
9 0.29140625 0.88984375 0.2328125 0.0953125
23 0.1671875 0.89140625 0.0203125 0.05546875
9 0.996875 0.89765625 0.00625 0.1140625
9 0.675 0.09453125 0.65 0.1359375
23 0.9609375 0.93046875 0.0171875 0.05234375
23 0.92421875 0.9546875 0.0421875 0.02109375
23 0.4625 0.95625 0.04296875 0.0328125
23 0.87421875 0.95859375 0.0375 0.02578125
23 0.56484375 0.959375 0.0484375 0.0265625
23 0.51171875 0.96015625 0.04453125 0.025
6 0.103125 0.965625 0.0265625 0.06484375
6 0.17578125 0.9671875 0.0203125 0.05546875
6 0.046875 0.96640625 0.02578125 0.06640625
6 0.075 0.9671875 0.01953125 0.06171875
6 0.12578125 0.96875 0.0234375 0.06171875
9 0.70390625 0.99296875 0.59140625 0.0140625
1 0.2828125 0.98359375 0.18203125 0.0328125