1 0.7407113584112563 0.04502190619614156 0.1907977168225127 0.03745487353571576
6 0.6875318162567787 0.03348222832553226 0.025063632513557366 0.011956171939110272
23 0.9055232921544777 0.04627002429464987 0.02667158430895533 0.01983233893530465
23 0.9235193132317165 0.05168969475088536 0.025159081283893416 0.02836242193911027
6 0.9493323794884951 0.05820895018809282 0.03772725897699018 0.040590507908665384
6 0.8618778312838934 0.0624560984012069 0.043282367388246715 0.055657092395345775
6 0.7337664668225127 0.0595791547132668 0.024482370413308984 0.04629933844101308
6 0.7502454396951497 0.07274765817330792 0.022892599336070064 0.041548171444818684
6 0.7635994125677866 0.08578882764096026 0.021284647540672098 0.03367200444862428
6 0.7777028191836448 0.09339308060670977 0.022842602361132336 0.03295442144481866
6 0.9301329275949012 0.11444436273566294 0.04500849385167989 0.08384575939154018
6 0.9536795119038567 0.13414936767857882 0.04806986133812252 0.07303559338392893