1 0.7184336651990348 0.9889351137920475 0.1737141389641522 0.02212977241590508
23 0.896466811965103 0.9705497826976067 0.04460317107632754 0.047812758897248384
23 0.48799589269779764 0.9515571131927736 0.03760954262762528 0.06311942391627667
23 0.44695813489588154 0.9428386877936221 0.0293876068519765 0.0549885889353046
6 0.9013081201965605 0.9229890331918984 0.0475610747398008 0.059627009391540045
23 0.4951366853254228 0.8899975306832595 0.03551477611928178 0.05289950692008212
23 0.43888668532542285 0.8877055188202613 0.03473352611928178 0.05286767342198502
6 0.4687789032132472 0.8850089417479549 0.0106376068519765 0.05422458498097171
23 0.3868605178671397 0.8346959239534577 0.08921630823145747 0.05118976828878878
23 0.4564327114447046 0.8367478552841081 0.0332938568519765 0.05514775642579082
6 0.487887429332529 0.8341149452079959 0.045056872455808694 0.04159459239534584
6 0.501571471055643 0.7970924476794539 0.0356376068519765 0.05524325692008212
6 0.45650463252103235 0.7905586047898165 0.019108526119281776 0.05223100346004124
23 0.4778031004088567 0.7875118592384408 0.01236720318850324 0.04260133547526355
23 0.40510590683129183 0.7853325939154014 0.10085317107632771 0.050104770760246706
1 0.6933462132537269 0.7943607660830672 0.393001886023476 0.4112784678338658
23 0.012338198638062117 0.5080499219391102 0.024676397276124234 0.049693593878220456
23 0.09311267639185294 0.46415002471457945 0.028920617367426037 0.12045442144481874
1 0.25890145070211246 0.46777372631118486 0.06794549581612852 0.10645292984777566
23 0.055302817165027315 0.36396168231923365 0.0850544306872661 0.09077885030401119
23 0.08825251526514796 0.24316902125453826 0.06976362336031983 0.06676834733826169
6 0.276019188150498 0.15608680980928208 0.10100033525525039 0.12728935326976068
1 0.0189375681253093 0.0890770874524299 0.0378751362506186 0.1328416749048598
1 0.12833968396662646 0.045941194182231686 0.0753518820667471 0.08414684832684481
23 0.0682177334916566 0.012957597832553226 0.03461733943912191 0.020900090418179418
1 0.01248976410560878 0.016134335969555134 0.02497952821121756 0.03148742193911026