23 0.46640625 0.203125 0.0828125 0.0828125
28 0.7265625 0.20625 0.034375 0.05703125
6 0.29140625 0.21796875 0.07421875 0.12109375
6 0.80078125 0.221875 0.04765625 0.096875
28 0.64609375 0.2359375 0.0421875 0.06484375
28 0.04375 0.23984375 0.04453125 0.084375
28 0.01328125 0.24140625 0.0265625 0.0796875
23 0.6890625 0.2640625 0.025 0.06953125
23 0.73203125 0.2734375 0.025 0.0640625
23 0.03515625 0.2953125 0.03203125 0.02734375
6 0.3421875 0.29765625 0.0359375 0.0640625
28 0.6515625 0.3125 0.04453125 0.0546875
23 0.70703125 0.3265625 0.015625 0.046875
23 0.1421875 0.33203125 0.01953125 0.1015625
6 0.97265625 0.34375 0.0546875 0.09375
23 0.4140625 0.40859375 0.059375 0.09375
1 0.8234375 0.42734375 0.0578125 0.1234375
1 0.98671875 0.4453125 0.02578125 0.115625
6 0.146875 0.4453125 0.0171875 0.05703125
6 0.95546875 0.44609375 0.0265625 0.05078125
1 0.30859375 0.48515625 0.1390625 0.275
23 0.41875 0.48828125 0.06875 0.0828125
23 0.95390625 0.49453125 0.0375 0.03046875
6 0.1578125 0.56171875 0.03125 0.0609375
23 0.196875 0.58203125 0.053125 0.0828125
6 0.24375 0.60625 0.04375 0.07109375
1 0.98046875 0.621875 0.0390625 0.06875
23 0.58828125 0.06484375 0.06484375 0.06640625
23 0.990625 0.67265625 0.01875 0.0359375
23 0.9703125 0.703125 0.04140625 0.0375
23 0.80625 0.71171875 0.03125 0.078125
23 0.8375 0.7234375 0.0296875 0.02890625
23 0.728125 0.73125 0.053125 0.0453125
23 0.83046875 0.7671875 0.01953125 0.04921875
23 0.86015625 0.76796875 0.015625 0.0625
23 0.76640625 0.78515625 0.1109375 0.05703125
28 0.64765625 0.07890625 0.04921875 0.034375
6 0.509375 0.8296875 0.03203125 0.1015625
23 0.565625 0.83515625 0.02109375 0.0859375
23 0.92890625 0.9046875 0.03203125 0.03359375
28 0.41328125 0.90625 0.05390625 0.071875
23 0.84375 0.92890625 0.05078125 0.06484375
28 0.8609375 0.09609375 0.03828125 0.0609375
23 0.928125 0.95859375 0.03046875 0.02890625
6 0.39609375 0.965625 0.0765625 0.06875
23 0.86640625 0.98671875 0.06640625 0.02578125
23 0.8296875 0.11171875 0.02109375 0.11171875
6 0.6484375 0.1171875 0.03046875 0.02265625
23 0.69140625 0.1828125 0.03359375 0.03046875