1 0.8328125 0.02265625 0.1296875 0.0453125
1 0.66171875 0.00703125 0.0671875 0.0140625
6 0.71015625 0.00390625 0.0171875 0.0078125
6 0.5796875 0.0140625 0.01875 0.028125
6 0.71796875 0.15546875 0.0859375 0.1296875
6 0.421875 0.24375 0.09296875 0.13359375
6 0.45234375 0.38828125 0.11484375 0.12265625
1 0.00078125 0.39921875 0.0015625 0.19375
6 0.80859375 0.4328125 0.05390625 0.11640625
1 0.953125 0.47578125 0.09375 0.6265625
6 0.221875 0.546875 0.0359375 0.09296875
6 0.1578125 0.56015625 0.07265625 0.1078125
6 0.45703125 0.5609375 0.1359375 0.16328125
6 0.33984375 0.66953125 0.0671875 0.1046875
6 0.25625 0.67734375 0.05546875 0.0828125
1 0.71484375 0.7015625 0.20859375 0.284375
6 0.4453125 0.76171875 0.09296875 0.15703125
6 0.1640625 0.7640625 0.08515625 0.17109375
6 0.25546875 0.8125 0.046875 0.10625
6 0.36796875 0.83515625 0.08828125 0.11875