23 0.29296875 0.22265625 0.03203125 0.01796875
28 0.396875 0.39296875 0.0890625 0.165625
28 0.28984375 0.39453125 0.09375 0.1625
28 0.9296875 0.4171875 0.08984375 0.16015625
6 0.390625 0.4875 0.03515625 0.0203125
6 0.42734375 0.48828125 0.03125 0.01796875
6 0.425 0.4890625 0.03046875 0.01640625
23 0.3515625 0.48984375 0.03515625 0.01875
6 0.265625 0.49296875 0.03125 0.0171875
6 0.3015625 0.49375 0.03359375 0.0125
6 0.71484375 0.52734375 0.03125 0.0203125
6 0.353125 0.528125 0.03515625 0.02109375
6 0.7171875 0.55 0.03203125 0.01484375
6 0.6671875 0.57734375 0.0171875 0.040625
6 0.68203125 0.578125 0.015625 0.0390625
6 0.6 0.57890625 0.0140625 0.040625
6 0.58671875 0.5796875 0.01640625 0.03828125
6 0.45390625 0.58125 0.01484375 0.0375
6 0.91953125 0.5796875 0.015625 0.03828125
6 0.55390625 0.58046875 0.0125 0.03671875
6 0.32890625 0.58046875 0.0125 0.0359375
6 0.56796875 0.58046875 0.015625 0.03671875
6 0.0984375 0.58046875 0.01796875 0.046875
6 0.34609375 0.58125 0.01484375 0.04140625
6 0.46953125 0.5828125 0.015625 0.0375
6 0.440625 0.58203125 0.01640625 0.0390625
6 0.878125 0.5828125 0.01796875 0.040625
6 0.4859375 0.5828125 0.01640625 0.03515625
6 0.375 0.58203125 0.01484375 0.03984375
6 0.2625 0.58359375 0.0171875 0.0390625
6 0.36015625 0.58359375 0.01328125 0.03984375
6 0.246875 0.584375 0.015625 0.03828125
6 0.1109375 0.6859375 0.01328125 0.0359375
6 0.12734375 0.68828125 0.0109375 0.03671875
6 0.1625 0.690625 0.01875 0.0375
6 0.1453125 0.68984375 0.01484375 0.0375
6 0.08125 0.69765625 0.0328125 0.01640625
6 0.928125 0.8 0.0140625 0.04140625