1 0.9227032917706136 0.09896149304273674 0.15459341645877273 0.19792298608547348
1 0.44563567762642453 0.05187954049472911 0.08997864474715093 0.10375908098945821
23 0.3820825998761655 0.04157075208214872 0.02255355024766903 0.08314150416429744
23 0.3755671184874153 0.20693050193998533 0.02915030665780982 0.12361125494291585
23 0.45280170657675656 0.2061227356283629 0.02337118755122205 0.09998275395433272
23 0.41749990736254483 0.21068024304273675 0.03156683126491568 0.12526925543720752
6 0.5083688482235356 0.36916922228249005 0.034567706781644246 0.1729573389353046
6 0.5752288624915594 0.37346279144613126 0.03751077026387968 0.16917842292769336
6 0.6185400607961482 0.41458519855649384 0.020755609800962915 0.11079291996194396
23 0.2617014017809735 0.542191522700232 0.03548588978475227 0.0419938404181794
23 0.3139723771738677 0.5416211783277198 0.038737168320799584 0.02809050790866543
23 0.6123906064957032 0.5466164485564938 0.022825377997927988 0.08826400395433272
23 0.3113888786216098 0.5970899283277198 0.0401198858558109 0.05777800790866543
23 0.2609522309789746 0.6085022722059403 0.047568512820281586 0.05028384288963732
1 0.5511576999617279 0.6224096274156864 0.08533184015625572 0.19140093281352524
1 0.9508965266785296 0.712169875401339 0.05104900123834497 0.493333505931499
1 0.7803806654298246 0.773701577492236 0.1250065779551468 0.3902986892393159
23 0.24716790509074243 0.8040057731945236 0.042699076302516924 0.04618659190105419
6 0.29936610587653073 0.8049979288220115 0.040991027088305196 0.04299792490485963
23 0.5156995812694248 0.7977425498490882 0.03282111621110388 0.1354573389353046
6 0.4761447756450723 0.8266461412558508 0.025845524192821046 0.1531077539543329
6 0.4316135256450724 0.828460650647391 0.042343819478091405 0.17249442391627667