23 0.6046875 0.0015625 0.01328125 0.003125
23 0.58046875 0.00078125 0.01796875 0.0015625
23 0.6734375 0.00078125 0.021875 0.0015625
1 0.99453125 0.14375 0.01015625 0.2875
6 0.28359375 0.0859375 0.025 0.04453125
6 0.953125 0.125 0.03828125 0.01796875
6 0.47109375 0.16015625 0.02109375 0.04453125
6 0.18203125 0.23984375 0.040625 0.0234375
6 0.47109375 0.246875 0.02109375 0.04375
6 0.95078125 0.2796875 0.04921875 0.02578125
1 0.325 0.28203125 0.23125 0.33125
6 0.18359375 0.3296875 0.04296875 0.02265625
6 0.19609375 0.4296875 0.01875 0.0453125
6 0.42421875 0.475 0.04140625 0.021875
6 0.2796875 0.49296875 0.01953125 0.04765625
23 0.30546875 0.4921875 0.015625 0.04375
23 0.32265625 0.49296875 0.01171875 0.0390625
23 0.253125 0.49296875 0.01796875 0.0421875
23 0.38203125 0.49375 0.01875 0.046875
23 0.2328125 0.49296875 0.01484375 0.0453125
23 0.2140625 0.49453125 0.01875 0.0421875
23 0.34375 0.49765625 0.021875 0.04453125
6 0.11875 0.50078125 0.07265625 0.0765625
9 0.84453125 0.5484375 0.3109375 0.11796875
6 0.14921875 0.659375 0.0984375 0.11328125
9 0.8421875 0.67109375 0.31484375 0.12421875
6 0.49765625 0.67421875 0.11171875 0.12734375
23 0.63828125 0.784375 0.01640625 0.04375
23 0.596875 0.81171875 0.01015625 0.0421875
6 0.57890625 0.81328125 0.02109375 0.0421875
6 0.61640625 0.81484375 0.021875 0.0453125
9 0.8421875 0.815625 0.31484375 0.11328125
6 0.5640625 0.9 0.11171875 0.12890625
9 0.83984375 0.94140625 0.31953125 0.11640625
6 0.6453125 0.95625 0.05625 0.0625