6 0.8374545358933773 0.016181116877382228 0.019622178213245432 0.00346591923687925
6 0.8084573576801318 0.01880155640680094 0.0237102846397363 0.009784103084255102
23 0.05681228965430102 0.035384120941162577 0.021858279625171152 0.053479556006354415
23 0.9867378188837608 0.15088517369451554 0.019977530878812287 0.0425147824674041
23 0.960175318883761 0.15042152353235977 0.02344351167848231 0.05428807954530477
23 0.9326724445105814 0.15541298660072883 0.0243384219450391 0.05820796631477991
23 0.94641068408574 0.2205294719902322 0.0507046936526514 0.025091503246410872
6 0.87766068408574 0.21932943627641724 0.02385268863808676 0.06835057954530477
6 0.9917231840857401 0.22132040461979208 0.006756116851332194 0.07117557061685105
6 0.9556121878466637 0.25351924999340947 0.053875157759274116 0.02670855032431163
23 0.05152408142017308 0.24399150771063774 0.019423601411925805 0.050313645697928955
6 0.049637320995331816 0.30883525771063775 0.018315742478152607 0.06591137215897858
1 0.9267082863555958 0.3335243498312536 0.1046313271970309 0.10724153003177203
23 0.103870179929105 0.32541483157389967 0.02353443989172783 0.057413079545304765
23 0.15768550171585966 0.32948076866768633 0.019605457838416517 0.05656364569792895
23 0.18505198376917098 0.3291768055993173 0.023398047571859815 0.05272557954530477
23 0.13034175171585966 0.3290034817360554 0.023420779625171174 0.053506829545304765
23 0.07480480555592563 0.33037902110331835 0.02904865399835055 0.05907103693163096
6 0.9860689144896988 0.36191813108084175 0.009676528371529968 0.06419886769475172
23 0.1036368477175091 0.38716085511285 0.017792905251991797 0.04794262215897858
23 0.1254663836108864 0.3891051846581547 0.017079851411925785 0.05027273538950343
23 0.23847484897115034 0.4004575162320544 0.017011655251991796 0.04792898538950343
23 0.26186688486452764 0.40242911931630954 0.017952029625171128 0.05341137215897849
23 0.211108366917839 0.4007614793004234 0.023284387305303154 0.04881932954530477
23 0.4313754028112163 0.40616954829242136 0.046108121865896835 0.028134682629559826
23 0.1820884566512823 0.40416316882984216 0.019605457838416517 0.05656364569792895
23 0.9114122437983008 0.42939991151965096 0.020986101411925872 0.05034091923687924
6 0.9387105296916781 0.43143969845128183 0.02059129631821861 0.0636085324674042
6 0.884000297638367 0.4312663745880199 0.022267456584775403 0.0675420560063543
6 0.9847588155850555 0.4338067678503169 0.007909439891727743 0.05714034415580134
23 0.9651821014784329 0.43502834861343764 0.025096939891727742 0.05744035308425506
23 0.8573923335317442 0.4323652244258643 0.02204013605166182 0.0597295560063543
23 0.8284406194251215 0.4334231639552829 0.021145225785105026 0.055809669236879245
6 0.8034406194251215 0.4329867873320774 0.018202082211595895 0.062005122158978666
1 0.5675569437191585 0.4538821197200513 0.19316262978345566 0.11737623498246634
6 0.43492028846716674 0.4992473924482228 0.024452082211595894 0.06211421631477983
23 0.47241427678868425 0.5538354809219813 0.019491797571859946 0.05265739569792878
23 0.43395117036219355 0.5594172792176979 0.02009119114536908 0.046421032467404186
1 0.8570704216158347 0.5777459082732401 0.2598907916993653 0.26377967654048007
23 0.2033316561764286 0.587439318991998 0.04365071159934022 0.02418752232113448
23 0.14859869206980592 0.5880472451287361 0.04755696159934022 0.024255706168510117
6 0.5036809971635131 0.6075332252399384 0.027849866851332016 0.07154376339268058
6 0.727695158683711 0.6184782280793122 0.01498615399835046 0.058825575081077906
23 0.4722264086837111 0.6140190044609316 0.029898100158284535 0.06142842370110611
23 0.43238265868371106 0.6133235292176978 0.027554350158284537 0.06138751339268076
6 0.6893684445770883 0.6193725263750288 0.022085600158284535 0.061292056006354304
6 0.13140518039132343 0.6416807597392327 0.022821386051661906 0.059743192775829713
23 0.16031143039132342 0.642185320209814 0.023602636051661907 0.05975682954530477
6 0.18841369833801208 0.6434574939109201 0.02775893863808667 0.06841876339268058
23 0.21495346628470074 0.6447023940730758 0.028153743731793846 0.05515115016215581
6 0.7271663097790677 0.6903805016182625 0.019096992478152684 0.06592500892845372
23 0.6990413097790678 0.6898895779171564 0.01951452962517113 0.05343864569792878
23 0.5595469007661522 0.7023059829505762 0.02339804757185977 0.05272557954530477
23 0.5954844007661523 0.7029332743464339 0.02261679757185977 0.05271194277582971
6 0.041950223806548136 0.7073409415580136 0.030102688638086628 0.0684596737011061
6 0.6979130673009151 0.7555282146866316 0.027554350158284537 0.06138751339268058
23 0.5578192647144904 0.7616809829505762 0.023329851411925874 0.05038182954530477
6 0.0406401249019048 0.7792295783274887 0.028608384798020647 0.07077615016215581
6 0.41302359026216867 0.7951093173671449 0.02387542069139812 0.06913182954530477
23 0.4699639120489234 0.7992298015388324 0.021190689891727742 0.057372169236879246
23 0.4425746979423007 0.8003150146072013 0.02263952962517113 0.053493192775829715
6 0.3871059479423007 0.7993468039744642 0.025483384798020658 0.07072160308425506
23 0.3612565017823667 0.8012405405817837 0.025233332211595894 0.06212785308425524
6 0.7237421299164698 0.8349253883877378 0.025369724531464043 0.06681535308425524
6 0.6415744875966016 0.8381810275928447 0.026864028371529968 0.06449887662320535
1 0.8489550785836861 0.8566521582732399 0.2596634711662517 0.25596717654048007
6 0.7178665514657976 0.929402091309837 0.01420490399835046 0.058811938311602675