28 0.21130225593149907 0.024539419952648654 0.08976017836490087 0.04907883990529731
28 0.046982429353484075 0.0599609375 0.09393302520887095 0.119921875
28 0.3679488453610953 0.05074413412580384 0.11871019072219058 0.10148826825160769
6 0.9125237880976332 0.5395547291653913 0.03743762749004844 0.21055283942959627
6 0.3712368963103098 0.6797750943353311 0.14401918581645567 0.4909990261974542
6 0.23234815125322567 0.708910790494729 0.16605601190017918 0.4575790311403701
28 0.032379984751322886 0.7178414160076112 0.025923101824066975 0.4830671679847775
6 0.09229615421897522 0.7287033201522244 0.12611144421941273 0.5300469387450242
6 0.9913551242957436 0.8416809618651857 0.0172897514085129 0.19696784190105418
23 0.6861721241043695 0.9572674470736192 0.026305173421985018 0.03304992193911005
23 0.6464557080967582 0.9620159554765761 0.024519838935304607 0.027517504942915848
23 0.7422457105682161 0.9698510187087184 0.025127333992388756 0.00414367193911005
6 0.3107755346747732 0.943609442662176 0.12556768577927474 0.09559102570316255
6 0.318093286157648 0.9503541911793011 0.14215034931542797 0.08144761266130089
23 0.41960670661388344 0.9642164199247629 0.04774909190105418 0.0425031763877346