23 0.2995997448524211 0.980645266367803 0.01912808471887839 0.03870946726439399
6 0.28248044101235503 0.9827357528286704 0.0244831744523216 0.034528494342659144
6 0.4117276718120252 0.9949759319606517 0.05737223079967002 0.010048136078696502
1 0.9456768701832907 0.3859502365250095 0.10864625963341865 0.28192268657189173
23 0.1803433471887837 0.3994192587805987 0.04520485141192578 0.050254530054229286
23 0.16268448574772804 0.4368101744716433 0.044264477038746405 0.044781234874689525
6 0.8991053705457486 0.5113951432390637 0.03561690274470948 0.06972669272021186
1 0.5224663141984003 0.533418571521336 0.0845665312745238 0.19499031313352067
23 0.8377336130239013 0.5766519836963392 0.11636444906292809 0.13346700585373233
23 0.4563843246232415 0.5978668909013726 0.039136707838416565 0.05646816861791084
23 0.06588735675569514 0.6268397559519283 0.05409411810497322 0.06046077702916719
1 0.1810015428864993 0.7173380118056608 0.08672842484803307 0.18875394867214013
23 0.29140549696399215 0.8070277465821544 0.010147889812585653 0.026617042154477844
6 0.40559602909644565 0.8389367976154268 0.025977478292387703 0.03373919574527377
23 0.18528352909644574 0.8376550569852007 0.08344063730530311 0.048914743851680244
6 0.3697494573096911 0.8418527193565956 0.03470762061225567 0.038476692720211855
23 0.22486886632260655 0.855851065962191 0.003375052586424765 0.008611930718159045
23 0.18244568560207874 0.8743510810875016 0.08870479882550106 0.04191531010845857
23 0.18161061130804163 0.899341990728422 0.10194058471887835 0.04043007816063522
23 0.0997839497878437 0.9058959968767419 0.04958847453146396 0.06668350595192826
1 0.19289510378619426 0.9644045247603706 0.09662259890464328 0.07119095047925868