9 0.6910381687970222 0.4036213694302683 0.5798834630271227 0.1441543680776327
23 0.16433843188061464 0.31931471602481704 0.020281678896842868 0.05332499466899989
6 0.11907143451145057 0.31800620735199914 0.018855686789350658 0.05565056333545444
23 0.14190969503479428 0.3151448366884081 0.01899219468185844 0.05799431333545453
23 0.550495739759005 0.3066089147437692 0.045661110495108834 0.033321577339272504
23 0.5974617450206768 0.3055918547501325 0.04041987364928836 0.03716419267186337
9 0.6272696133377063 0.1964895747533142 0.7316279735504665 0.14904295743154092
23 0.4913460658414853 0.060441892067133275 0.04520608418674961 0.025509077339272455
6 0.39789917370575817 0.02730158072086114 0.02056239995764777 0.04474033533577262
6 0.7248179894766563 0.01156113876508638 0.03395777104668731 0.006640898671227061
23 0.7677867394766563 0.012061125437586114 0.04020777104668731 0.006713624005408844
1 0.18794107380458022 0.1288351666931806 0.15614910239083954 0.25477041068586276
23 0.22557789568419623 0.9976459813514424 0.03404877630835923 0.004708037297115197
9 0.6551512745951565 0.960266980028635 0.5830392841302798 0.07946603994273005
6 0.23354929038017208 0.9564885467059072 0.03614960260260105 0.030868739337999784
23 0.581197106080483 0.8667202587523597 0.023679694681858442 0.05804885733609098
23 0.4850347376222793 0.8265123347389967 0.015412168373499213 0.05014545066836362
23 0.4624694928839511 0.8246862054025877 0.020418186789350656 0.05566874466899989
6 0.5281399955147871 0.8246685714114964 0.022488921004335083 0.05100851666931803
23 0.4164667481456229 0.822587356062997 0.022534423635170952 0.051789766669318026
6 0.5071372507764589 0.8228606234086329 0.024187928896842868 0.05337044800286357
23 0.4408220060381307 0.8205254167329515 0.020145171004335084 0.05098124466899989
23 0.23545894282748137 0.7626294587046345 0.037848610495108834 0.03323067067154532
6 0.18637670071998913 0.7597129966979531 0.038584357864272924 0.03245851133831792
9 0.6702959453877302 0.6926384160964046 0.5871877288121382 0.1489236840785873
6 0.3091232269577612 0.6790544373806342 0.02372519731269431 0.0588301073360908
1 0.2320979953736127 0.6726857113701346 0.05135664462538862 0.11770566800604527
1 0.1448255085277923 0.6677613066915897 0.060359918302911986 0.12483691534054522
23 0.5857760031955334 0.6001867394175415 0.040655092079257216 0.027798283338636053
6 0.6295715058263692 0.599914566756814 0.03527734734092913 0.02929714867122719
6 0.21765533475144694 0.5716681040340439 0.03574007892507778 0.023837489337999784
23 0.14210159790562654 0.5668800593570898 0.03936560786427288 0.03246760200509069
6 0.39820738473732953 0.55891520739177 0.02267093152767883 0.054133516669318024
6 0.5233816899848839 0.5439543734086328 0.022162697312694313 0.05881192600254544
6 0.4711744478773917 0.5410015487348605 0.024324436789350656 0.05571419800286357
6 0.5469556978773917 0.5418833434118145 0.021199436789350656 0.05567783533577249
23 0.5930949505082277 0.5416384427514052 0.020744410480991425 0.04786533533577249
23 0.2784787136624073 0.5340686540419981 0.03514083944842143 0.026953398671227015
6 0.5690582110315713 0.5382316320814509 0.02092642100433508 0.050990335335772484
23 0.2191947189240791 0.5318152633672713 0.03808382892507778 0.02386476133831792
6 0.16455272155491502 0.5303976666931807 0.037575594710093266 0.028543170671545326
23 0.6890444873399305 0.5318100040976773 0.03385135523343692 0.03162271733768165
23 0.6498832768024695 0.5196276300922685 0.03467810786427279 0.032413058004454244
23 0.22206908994253163 0.49588685403404387 0.03803832629424182 0.02308351133831792
6 0.3681474293909531 0.47100612738699754 0.023543186789350655 0.0557051073360908
6 0.2248979583301482 0.46073969470081655 0.03987384207925739 0.02778919267186346
1 0.16063803725522596 0.43653857869190793 0.05664338410204497 0.11464430267345431
1 0.2856835398860619 0.43721183537554353 0.06298438936371689 0.11627952800763594