6 0.9078125 0.50859375 0.0296875 0.01875
6 0.9078125 0.57265625 0.03125 0.0203125
23 0.7234375 0.65390625 0.03359375 0.0171875
23 0.72265625 0.67578125 0.03046875 0.01875
6 0.72265625 0.7953125 0.02890625 0.021875
6 0.52265625 0.7953125 0.03359375 0.01953125
9 0.81328125 0.62109375 0.121875 0.75703125
9 0.03203125 0.61953125 0.0640625 0.76015625
9 0.3015625 0.81640625 0.08125 0.10078125
9 0.209375 0.62265625 0.121875 0.75390625
9 0.6125 0.6203125 0.13046875 0.75859375
9 0.40859375 0.62578125 0.12578125 0.7484375
23 0.29296875 0.87734375 0.03125 0.0203125
23 0.72421875 0.8859375 0.03359375 0.01875
23 0.478125 0.92578125 0.03046875 0.0203125
6 0.08125 0.0140625 0.015625 0.028125
6 0.08125 0.05703125 0.0125 0.04140625
23 0.16875 0.0578125 0.03046875 0.01875
23 0.21875 0.0609375 0.03203125 0.01640625
6 0.72421875 0.3078125 0.03203125 0.01875
23 0.725 0.32890625 0.03125 0.01796875
23 0.72421875 0.35 0.0296875 0.01484375
6 0.72421875 0.4625 0.02890625 0.0203125
6 0.5234375 0.46875 0.028125 0.0203125