6 0.8178270592560605 0.4397471348306919 0.039430692775829355 0.022457842558271324
6 0.1476957913991531 0.4507415883819202 0.01645684293798535 0.04820188702330856
6 0.8861446367727706 0.5117064695844149 0.0590437633926804 0.027827388837406986
6 0.48191110430536643 0.5163517525318888 0.037881829545304765 0.023184528855940557
6 0.3717412175358912 0.5132862615175634 0.04099319277582954 0.022512406260602268
6 0.885462798299012 0.5507689695844149 0.04718864569792913 0.019605661069925694
6 0.6920849452147568 0.5674678523465543 0.04182898985373029 0.02566468811176783
6 0.8963360685915515 0.5996156973518965 0.03940341923687925 0.020895342558271322
6 0.280054729307014 0.7500744441870355 0.034688645697928955 0.019169151451278843
6 0.5206194537394688 0.8515005680483181 0.012359678165332965 0.03712797776748147
6 0.7026682946488594 0.9016345212210283 0.03390739569792878 0.01914186960011328
6 0.9027540694056256 0.9484897069705432 0.04809262662320535 0.026664192921091255
6 0.7023313295518954 0.9657243030721936 0.043336942775829536 0.022594251814098597
6 0.6993739249255126 0.9959908704337377 0.035442622158978664 0.008018259132524718