23 0.7968457881474569 0.6479496974758674 0.010765304058334379 0.1049238893426736
23 0.8453060140451558 0.6507285521492701 0.010674400467538448 0.0892988893426736
23 0.46016794476331524 0.6628181633752774 0.012268716724316776 0.09480400693385427
23 0.5578514658405541 0.6652326889264926 0.010674400467538269 0.0892988893426736
6 0.5422219206610143 0.6648151148382981 0.011492011903856536 0.09556707313826393
6 0.8609764658405542 0.6581773762374645 0.01310905405833438 0.1049784407294446
6 0.7797401013791735 0.6624122409788535 0.010792575135573301 0.1096113893426736
23 0.05317305619963371 0.6785419208778125 0.012345984776493624 0.10808525693385426
23 0.877405441738253 0.6617017665300687 0.009893150467538447 0.08928070554708327
23 0.11413328209733276 0.6810298348217707 0.011519282981095547 0.10025457313826394
6 0.4453832820973327 0.6733199054914927 0.012300532981095458 0.10027275693385426
23 0.9016514628154919 0.6658255688667701 0.009938602262936058 0.09709320554708327
23 0.889151462815492 0.6661165095962145 0.012282352262936058 0.09714775693385427
23 0.7524372579950318 0.6700799238245132 0.009911331185697491 0.09240570554708327
23 0.7399463483541113 0.6719333645539577 0.013831216724316775 0.09484037452503476
23 0.5024463483541114 0.6774612384134023 0.013785764928918809 0.08702787452503476
23 0.5282412338927308 0.6792049231589232 0.011423834210759588 0.08384832313826393
6 0.12979009835411143 0.6861349089099652 0.013922120315113062 0.11046537452503476
23 0.7649690742518105 0.6752577330950688 0.01066076492891881 0.0869551393426736
23 0.5157412338927309 0.6794958638883676 0.012255081185697491 0.09246025693385426
6 0.03527702907227065 0.6914601481763889 0.014644282981095524 0.10032730832062509
23 0.43060316461089004 0.6846028976077079 0.009893150467538091 0.08928070554708327
23 0.40480373389273083 0.6820779628621871 0.012300532981095635 0.10027275693385426
23 0.41810316461089003 0.6848938383371526 0.012282352262936414 0.09714775693385427
23 0.15638895979042988 0.6917666598598957 0.011473831185697447 0.09244207313826394
23 0.14389805014950952 0.6936201005893402 0.012268716724316864 0.09480400693385427
23 0.02205032122674836 0.7011442727014237 0.010619858313060504 0.07992388934267361
23 0.00954123086766874 0.699872713430868 0.011392017953980888 0.07837957313826394
23 0.17049236640628815 0.6984706015392707 0.012282352262936325 0.09714775693385427
6 0.6190798573311019 0.7138143528704509 0.014930629292103603 0.1495460583206249
6 0.5948929235878805 0.7198468005337495 0.01568460821486468 0.14487674211621523
6 0.6441253091265 0.721044971411562 0.01419483108750157 0.15734037452503474
23 0.8608315409761274 0.7675705600330549 0.01066076492891881 0.0869551393426736
23 0.7811440409761273 0.7694253071832632 0.011442014928918809 0.08697332313826393
23 0.543653131335207 0.776515681042708 0.01058349687674216 0.0736738893426736
23 0.4467826765147468 0.7795517216959025 0.013863032981095457 0.10030912452503475
23 0.13041733313060505 0.7939474089099651 0.012236900467538225 0.08933525693385427
23 0.024199149387383705 0.801889155110243 0.011437469749378976 0.08619207313826394
23 0.3738042396482674 0.8601672484813886 0.012255081185697491 0.09246025693385426
23 0.4027332155459665 0.8634006980445482 0.012255081185697491 0.09246025693385426
23 0.35823832698228497 0.8706871743931941 0.012282352262936235 0.09714775693385427
23 0.10921956488203657 0.910862805186493 0.01222326492891881 0.08699150693385427
6 0.38582751667743465 0.9122382415475343 0.009829517953980904 0.07834320554708327
23 0.09677410703651428 0.9205287459159376 0.012927246876742026 0.0737284407294446
23 0.009415007602248341 0.9467840810220487 0.007558490826617828 0.09078865416031263
23 0.05634454975672605 0.955068053286632 0.011446560108458593 0.08775457313826393
23 0.042282049756726045 0.9553953616072569 0.014571560108458592 0.08782730832062491
23 0.08466499247693783 0.9880071866453818 0.010269879488495226 0.019767639342673605
23 0.09794624247693781 0.9876980621203473 0.010269879488495226 0.01976763934267396