23 0.7608283063611186 0.49983949882164963 0.01856400544229562 0.12898806323171658
23 0.8234919974681112 0.49551561318483434 0.01969991950744614 0.13914885841125635
23 0.515979597830931 0.4851310624461497 0.020726706167934948 0.1461846535907961
6 0.6097023159797655 0.48645773399092673 0.02457839246560418 0.14464487948849508
23 0.6511085659797655 0.48669862850653656 0.015203392465604182 0.1445903373340176
6 0.6653620389379236 0.48131169173825317 0.018028292102784428 0.13601476805217666
23 0.6348932889379235 0.48113442973620063 0.021907260251619043 0.13525624394987582
23 0.49688485744957783 0.47251743295765447 0.020917679126092992 0.1516534035907963
28 0.3399354530030741 0.4692601018701528 0.02599704872620645 0.18526987948849527
23 0.36507186225890126 0.46549929761542674 0.019508946549288097 0.13368010841125635
6 0.40586055336589383 0.4610481469514968 0.013685532484137574 0.12349204215447766
23 0.38487593077055554 0.45780042710392194 0.018591287293461 0.1297693132317166
28 0.4310242444728864 0.45650609269677067 0.043159756075267806 0.25176248789975164
28 0.6891641266868715 0.44863100194490757 0.03695439609380138 0.23063692164297295
1 0.8923436903892025 0.44825024862525786 0.08221236550858038 0.47538179508134404
28 0.4680257366683381 0.42624642095560195 0.044350233842749276 0.2634857830792914
23 0.9516467685195036 0.4282786370907436 0.020317478400453837 0.1344659035907963
23 0.8058828899337154 0.35085255297817985 0.015739105805115373 0.13756363251355735
23 0.7685738628918735 0.34516563436026904 0.02048116950744614 0.1391534035907962
23 0.7859796177011968 0.33901562831014487 0.017792679126092992 0.15163522287263698
28 0.7404315047245055 0.3231224627172961 0.040305085386695264 0.19238294272021178
23 0.6024503550873251 0.31372421593874994 0.017410733209777086 0.14069772287263688
23 0.6172668232361597 0.3145918243500063 0.017683551721431455 0.148510222872637
23 0.9718551195152955 0.29711954068153973 0.016165691739964672 0.12741192769309712
28 0.28519093321762623 0.29156182786604773 0.03972473202865068 0.22049885236113215
6 0.9455108743246189 0.29071500457718624 0.01813741950744614 0.13913976805217673
28 0.38629956543161137 0.2827731560266831 0.03974209019601869 0.1986283975406719
6 0.25887396987811506 0.28437604176169423 0.01787452467958932 0.1539789728726369
28 0.32070184728277684 0.28161011094533916 0.04135915389834954 0.20019998789975163
6 0.3450024428362731 0.2794072615110732 0.015585338381920088 0.15552783733401743
23 0.23872516098510763 0.27957036709365923 0.0206448606144388 0.1438409035907962
28 0.651044111710747 0.26477817671113846 0.03954368275429019 0.2376818071815924
23 0.8404166357573641 0.23462356498023246 0.014712319144626562 0.13052783733401752
6 0.4405257631620259 0.2291714330558503 0.026051612428537218 0.18683237948849526
6 0.8531348905666876 0.22844628785286938 0.017393375042409075 0.16256817769309712
28 0.8086978990042081 0.13598153190094103 0.041460846819440886 0.247847147540672
23 0.2454984945577044 0.1303607074527388 0.022152796912107853 0.1422874939498758
23 0.8994047445577044 0.13416502272755887 0.015503492828423759 0.1531840873340175
28 0.9853968082600353 0.1331024924769378 0.027815009070492634 0.21496192466803504
23 0.8861780582600354 0.13252525467538212 0.015558056530754528 0.15474658733401753
23 0.9144394675158625 0.12878263113881522 0.01742065689357446 0.16334942769309713
6 0.8722792493670278 0.12775594144366553 0.018355674316769564 0.14538976805217674
23 0.7052281586228549 0.12287702302214645 0.01774803910755942 0.17272442769309712
23 0.7703720089856747 0.1146605229239506 0.023035739833198933 0.189939198770336
6 0.964340263794998 0.10953772744982318 0.021272343191243694 0.1618096535907962
6 0.7260044500926672 0.10971394769018147 0.02611609981466554 0.21104658430895543
6 0.9486879819438327 0.110228073859027 0.017266889470379354 0.1813136325135573
23 0.7503868911996598 0.10516734825591556 0.022581872047184072 0.19930965359079617
23 0.39109373675315606 0.10073281566760348 0.015503492828423848 0.1531840873340175
6 0.3638591141578178 0.09744873438371017 0.01816470135861161 0.13992101805217677
23 0.37794889600898324 0.09674929761542672 0.015094265060942469 0.1414653373340175
6 0.6853794500926672 0.10947759835411142 0.02924109981466554 0.21106476502711463
23 0.4132688371159758 0.09226633069471812 0.018973233209777084 0.14070681323171655
6 0.30316715081830664 0.09006296037960507 0.018655774679589322 0.15398351805217675
28 0.3289756826694721 0.08943170130441877 0.038142384661055836 0.17518635236113217
23 0.6625793563532695 0.06871169778837735 0.017028787293461002 0.12976022287263694
23 0.5361805474602621 0.06328787870292832 0.015138905079475861 0.12037613251355732
23 0.6204737019067658 0.06612250809322766 0.01608384618646852 0.12506817769309714
6 0.5586731063532695 0.06810718890958276 0.027966287293461 0.12982385538619426
6 0.6001612019067657 0.06600433342519263 0.02780259618646852 0.12513635538619425
23 0.5793129885672547 0.05885036357761779 0.016374022865490723 0.11101022287263693
6 0.6413764789486078 0.0717139779408025 0.026622042102784425 0.13606476502711465
6 0.5172668563532695 0.06786629439397289 0.027185037293461 0.12981931020665444
23 0.131840277041842 0.006236885342227698 0.014444445916315996 0.01101931323171656
23 0.149809027041842 0.006341424471643302 0.016006945916315997 0.011028403590796177
23 0.8002628285936373 0.5117900529781799 0.01530259618646852 0.12506363251355737