23 0.36941898726965344 0.7671875 0.023147865691319502 0.0546875
1 0.07048791194718801 0.61171875 0.08183253466927087 0.05859375
28 0.576661910712917 0.440625 0.08548486474138883 0.08125
28 0.7138164185967018 0.42578125 0.06077580547083343 0.09375
28 0.7739544848011114 0.425 0.06706217306201409 0.0953125
6 0.5216639797671183 0.36015625 0.036356380508958355 0.0515625
6 0.5646872811538891 0.3625 0.038209821238402955 0.0640625
1 0.43321907560680584 0.353125 0.045022865691319504 0.0546875
6 0.7046031131258683 0.33203125 0.041116615691319504 0.0546875
6 0.7498792455346878 0.33046875 0.0364291156913195 0.0546875
6 0.5615239539315627 0.26015625 0.012464285619201477 0.03203125
6 0.5294563363403821 0.25859375 0.015662020801562447 0.03515625
6 0.5082898511580212 0.25546875 0.017351807370694416 0.040625
1 0.9484972770698267 0.27109375 0.09026459014010442 0.15234375
6 0.484652329406528 0.246875 0.013990418028020812 0.03046875
6 0.47651186787552097 0.19921875 0.015716572188333444 0.0375
1 0.5477686188254516 0.17265625 0.11649912860909736 0.1046875
28 0.4478225170018404 0.14140625 0.03968140226045147 0.06015625
1 0.7073066197753821 0.14609375 0.13915668502986128 0.171875
28 0.8847770031341321 0.11796875 0.0909899823325695 0.0828125
6 0.9480764369297223 0.11875 0.02630923328249999 0.05625
28 0.8513813152544791 0.02578125 0.07463763050895836 0.0515625
28 0.9412432490500695 0.0265625 0.08170524810013902 0.053125
28 0.6231472124809375 0.02109375 0.09004442496187508 0.0421875
28 0.5309051610941667 0.01875 0.09149782218833344 0.0375
6 0.7718931837955904 0.00078125 0.05159886759118067 0.0015625
1 0.1350446404800354 0.80078125 0.0644813805089584 0.0515625