9 0.08013838765529177 0.39635792667886305 0.16027677531058354 0.13958176269095351
6 0.5162502713996233 0.371098128739633 0.023452181527678917 0.054142607336090796
6 0.6665988818947322 0.3400128554264502 0.04005585260260105 0.03091419267186346
6 0.9432292713290362 0.3017974294636758 0.03730257892507751 0.02385567067154524
23 0.8396338344690981 0.281829280116131 0.03743908681758583 0.026199420671545237
23 0.8834293370999342 0.28155710745540347 0.035049834186749604 0.025390898671227104
9 0.24888555005646973 0.19199878536758935 0.49777110011293946 0.1464975707351787
23 0.656827581697088 0.13194581675681402 0.021806381541796326 0.03928976666931803
6 0.5554162711172745 0.07447766740926924 0.038129331555913734 0.024646011338317963
23 0.6544831026731883 0.05139525075585953 0.01909090521931951 0.046284654002227164
23 0.69754285793486 0.05033273742835927 0.02290614995764777 0.044767607336090774
23 0.6751596237198756 0.04538160809195031 0.016201123649288364 0.036882382001909
23 0.13038545001411744 0.01637098201781736 0.032478571032569944 0.021457376670908895
23 0.06889421316829705 0.011746569342772292 0.040336573663405886 0.02232953333863612
1 0.8601191816688531 0.1046037087841764 0.2797616366622936 0.1921896893698165
1 0.9026409246233914 0.9928544027291334 0.0811435841867496 0.014291194541733176
1 0.9040669167308837 0.995216334062679 0.07774556840173404 0.009567331874642093
23 0.83591615620754 0.9980754320595768 0.03285029735504637 0.0038491358808464327
9 0.06161670833014822 0.9578125 0.12323341666029644 0.084375
23 0.3654286219360857 0.933787938056952 0.020600197312694312 0.05879374466899989
6 0.3966786219360857 0.9341515647278609 0.023315673635170953 0.05179885733609098
23 0.9145941640294606 0.927669586131403 0.022534423635170952 0.051789766669318026
6 0.9366056719219682 0.9255803748010394 0.022670931527678562 0.054133516669318024
6 0.4231038850196782 0.8562811033974971 0.035095336817585476 0.02617214867122719
6 0.4973226350196782 0.8571447167409059 0.035095336817585476 0.026172148671226837
23 0.5454339113280374 0.8498867474140418 0.021935184158514788 0.054905676002545076
6 0.5674909218513811 0.847016286083678 0.022352413111827295 0.04866476666931803
1 0.2584799428980685 0.8371663820416799 0.12231388673288093 0.11618916868236298
23 0.03871347446809962 0.825227814011772 0.0376210973409292 0.02932442067154497
23 0.07630447972977147 0.824101666016863 0.03739358418674958 0.02541817067154497
6 0.8777227665614744 0.8224820994589035 0.03536835260260105 0.030859648671226834
23 0.9457370191923105 0.8224917374681301 0.0160646157567804 0.034538632001908806
6 0.9187495849632084 0.8026332234643121 0.022761936789350658 0.055696016669318026
23 0.8782988902107629 0.7857451681253579 0.03771210260260105 0.030886920671545325
23 0.947739134949091 0.7881167374681302 0.015336573663405772 0.022038632001908986
23 0.7018574875516921 0.7547662461011772 0.033669344710093266 0.02849771733768165
23 0.742482487551692 0.7552389607733587 0.03523184471009326 0.02851589867122719
23 0.7806573217384416 0.7306662221116766 0.038265839448421345 0.02698976133831792
23 0.18309207700011348 0.722149362030544 0.03202354472421072 0.013644876670908879
23 0.2372258401542931 0.7188703680378619 0.01987215521931951 0.046293744668999895
23 0.21539634278512904 0.7178345793682256 0.020835415742663253 0.04942783533577248
23 0.28203010593930866 0.714701036043907 0.018309655219319508 0.04627556333545435
23 0.3031238559393087 0.7149464840467706 0.02455965521931951 0.04634828866963616
23 0.2602461112009805 0.7128839973742709 0.025014681527678738 0.05416078866963616
23 0.726189629616832 0.7128332847708133 0.040146857864272786 0.03247669267186346
9 0.07335115489689961 0.6854386080124085 0.14670230979379922 0.14430562535804442
6 0.16516039533126037 0.6273453920273624 0.03279708944842143 0.02692612667090888
1 0.5131729611021585 0.6118503980744512 0.17571742072198654 0.3494652926877716
6 0.6311872137329944 0.6124418387571321 0.03762109734092931 0.029324420671545327
6 0.3881344347232121 0.5439441880569519 0.041754860495108834 0.03327612400540882
23 0.6275756372975783 0.48653331942231415 0.020145171004335084 0.05098124466899989
6 0.6721068872975783 0.4870514874283593 0.019963160480991247 0.04785624466899989
6 0.6511041425592501 0.48524353942549575 0.023224668373499215 0.050236357336090796
6 0.38283926094686666 0.44694191872213385 0.036612334186749605 0.025409080004772554
23 0.7571035135777027 0.4505150981062679 0.04157284997176518 0.030151124005408824
6 0.22924382408692892 0.4263919667011348 0.03614960260260105 0.030868739337999784