6 0.9933827560868597 0.60541405382923 0.011047135343726922 0.07691716406515052
23 0.297998078095132 0.6906596832176263 0.007149976010499515 0.07756200480932343
6 0.285498078095132 0.6910961928362731 0.014263042011454008 0.08483879146981224
23 0.8521952294318591 0.6963168507413379 0.013490882678226512 0.08559275961864685
23 0.9358162514321773 0.6957414426666371 0.010329520011135785 0.08235863221398514
6 0.8639594327657228 0.6998138729738563 0.011147132678226512 0.0855109140651507
6 0.9530219327657228 0.6967037419409976 0.011928382678226513 0.08553819591631609
6 0.9241247734324954 0.6984944204341185 0.011955654678545003 0.08788194591631608
6 0.23978613609958632 0.7255183220550333 0.011156223344999461 0.08629216406515053
23 0.2280946580999045 0.7282712998225147 0.009575542011454007 0.08467510036281958
6 0.5623900314687665 0.9784225449283733 0.01724204400063627 0.0052877007256395105