9 0.9578937018530466 0.7440408346343395 0.08421259629390683 0.4702956226251736
23 0.7177617278312407 0.6690999584937842 0.0321068458553869 0.06006598423243048
23 0.7919486443331435 0.6665912479127076 0.03454609634967838 0.062464285619201476
23 0.645791227336949 0.6684291176880898 0.03386034684397003 0.06478985182361115
6 0.5240926408731024 0.6564038560045828 0.07181262749004844 0.21084788744281263
6 0.5705538053978388 0.6451565782691662 0.015284101786885884 0.08777275693385427
23 0.3197898014435061 0.6322253928580552 0.06934951927737192 0.09293368882958326
6 0.8364997989720482 0.608468970177291 0.017214016311622515 0.0776710583206249
6 0.026062364675648243 0.5436590810220486 0.020864234219850265 0.32049433795590276
6 0.13218503068325946 0.5380610848217707 0.036743902204627824 0.3271080138677084
23 0.3154286122041903 0.5251941428580553 0.06837726828878879 0.08822800503399311
23 0.34563342395345764 0.4220503058520831 0.06788251977166349 0.09524107123840278
9 0.7063653355124446 0.3894124584937841 0.32054855783211555 0.2814195330537503
6 0.49878098718559977 0.32308286293843713 0.03216785425834381 0.09987336664124999
9 0.9455604866913081 0.31033798186079786 0.0779936433073793 0.2859206226251737
23 0.3421808187065306 0.3181258720564928 0.06765968528498316 0.08977232123840287