1 0.1330579041920497 0.9744254813323137 0.13126984736759478 0.047576203732878145
1 0.30360601716874114 0.9870640288172513 0.06767857332097771 0.015235262174864771
6 0.25505938976407944 0.9910345085247119 0.017460318511654284 0.008112508928453721
6 0.38588280382923 0.9786009180223585 0.01973214664195542 0.028452282467404187
6 0.2525395688901725 0.8396083762194637 0.090466287293461 0.13118754464226862
6 0.5517161680718659 0.7461587905883743 0.0976339465492881 0.13521652556754518
6 0.52629456053747 0.6021593745979058 0.11912700063297202 0.12466085511284994
1 0.9782390064537859 0.5833398218412575 0.008328399089026207 0.1937772735389503
6 0.1715996260538993 0.5638464914785833 0.057971245823648765 0.11734718709378669
1 0.04319195009266723 0.5234005438314898 0.08638390018533446 0.6281989123370204
6 0.7623015263240518 0.4395427776027307 0.03918404028868601 0.09359604139585773
6 0.826827817793864 0.42514331250576676 0.07642114546082901 0.10908071956119088
6 0.5276363496450295 0.42958494521475676 0.14163940689357446 0.16565404788867966
6 0.648616026957024 0.3189456797934814 0.0708432680561673 0.10586026217486459
6 0.7324825954686782 0.30967404545963817 0.05836062622353531 0.08378071063273707
1 0.27473458285480656 0.29346007914156297 0.2185243438242158 0.2880160174498704
6 0.5463665353945445 0.2285991436726293 0.09845240208425103 0.15865402556754526
6 0.8276983809480407 0.22134615666156812 0.09113097540522866 0.17258015787279354
6 0.7379836057202973 0.174504158690163 0.05058533175849824 0.1070682061685102
6 0.6262747794040948 0.15381160349458747 0.0924280913771451 0.12029095495069422