9 0.290625 0.23671875 0.58125 0.1078125
1 0.8890625 0.2859375 0.215625 0.37109375
9 0.30234375 0.36875 0.6046875 0.1375
6 0.7515625 0.41640625 0.02421875 0.06328125
9 0.29453125 0.51171875 0.5890625 0.1140625
6 0.746875 0.56875 0.02890625 0.05859375
9 0.3921875 0.63671875 0.78359375 0.1109375
1 0.88515625 0.709375 0.228125 0.33046875
23 0.6953125 0.734375 0.021875 0.0625
9 0.31796875 0.7671875 0.63515625 0.121875
23 0.69609375 0.80625 0.02421875 0.0546875
23 0.72265625 0.80625 0.0171875 0.0546875
23 0.640625 0.81171875 0.0421875 0.03125
6 0.74921875 0.82734375 0.0203125 0.065625
23 0.64609375 0.84375 0.03828125 0.025
23 0.65 0.87734375 0.0359375 0.0265625
23 0.63984375 0.89453125 0.0484375 0.04921875
9 0.3140625 0.89765625 0.628125 0.1140625
9 0.2953125 0.09453125 0.590625 0.1359375
1 0.7203125 0.93203125 0.09921875 0.11484375
1 0.9015625 0.97109375 0.0921875 0.05703125
23 0.60703125 0.98671875 0.0234375 0.0265625
6 0.96328125 0.98828125 0.0234375 0.0234375
9 0.1625 0.99296875 0.325 0.0140625
6 0.75390625 0.13828125 0.02265625 0.0578125