6 0.07541681391652105 0.7990743940165446 0.02184417889684287 0.053343176002545435
6 0.005415334574979016 0.7942772586728178 0.010830669149958031 0.054923857336090974
9 0.5251360928557162 0.7957077774108601 0.8654569419804353 0.14123155211644906
9 0.045717599009283016 0.7202948660089087 0.09143519801856603 0.07340223201781733
9 0.5349268637612293 0.6410293680776327 0.8630221867187634 0.13964178011613093
9 0.048500600254113804 0.5710579346753633 0.09700120050822761 0.0733658693507266
9 0.5435345662650083 0.5066634587444054 0.8631509893354818 0.15525768944935833
1 0.05558029424296966 0.4195863413430905 0.11116058848593932 0.1490380313494537
6 0.22429798982959212 0.37708231003340753 0.03233435786427297 0.03238578600413611
9 0.5185536219360858 0.9320954320098632 0.8624229472421071 0.1358091359802735
1 0.8945334370716994 0.25197869545667617 0.12248819198043534 0.1325863280155902
1 0.9751386949642071 0.25057128413426655 0.02933743145709187 0.12837953866963617
23 0.6074422317253229 0.16107878608367796 0.03679434471009326 0.028534080004772512
23 0.6465957369869948 0.1599708194223141 0.04170935786427279 0.032494874005408826
9 0.02476108592569056 0.9146352120066815 0.04952217185138112 0.1495829240133631
6 0.7542486132671191 0.12369805943663162 0.03748458944842135 0.026980670671545238
23 0.8878801606221657 0.11118097278799441 0.03413207629424164 0.023038058004454333
23 0.7074569132530016 0.10829977876349554 0.03183382892507769 0.023792036004136152
23 0.09365201848643864 0.0698863333465903 0.020327181527678782 0.054106244668999895
23 0.11708951848643863 0.07015905334977197 0.02097192363517104 0.05177158533577262
6 0.010363120413683924 0.06733295066836356 0.020726240827367848 0.0549329480028635
23 0.8875385263789465 0.07677870078767626 0.03288809471009344 0.02848862667090888
1 0.6392375342714542 0.07154411875395053 0.08671802097610026 0.08142327001113585
23 0.709686542163962 0.07001852876349554 0.030134821032569904 0.02143010467059072
23 0.7566070447947979 0.06978271876985889 0.03569457629424182 0.023056239337999784
1 0.8253570447947979 0.07058269744585846 0.07650856306947489 0.09379600067631774
1 0.956561542163962 0.07289117946367582 0.08687691567207594 0.12436474801081769
1 0.9586245711031571 0.06431561079722127 0.0825688472703419 0.10401588534372681
23 0.888023644766563 0.04160426945413081 0.03031683155591338 0.024555104670590733
23 0.2529584000282349 0.0326510573679075 0.02179867626600691 0.05256192600254535
23 0.27947539739739896 0.03374139003818006 0.018946692051022486 0.05721306333545445
23 0.22644140265907078 0.03156072469763494 0.02579593152767874 0.054169879336408946
23 0.3499699079207427 0.03143455004772508 0.025841434158514698 0.054951129336408944
23 0.32735916055157854 0.03038967071131613 0.024187928896842868 0.0533704480028635
23 0.7557571763365941 0.030683856102767998 0.03831134207925739 0.027771011338317952
23 0.8936589947383282 0.011962222787994418 0.03221326052334348 0.003497717337681619
9 0.08823574736916408 0.02290224534531763 0.17647149473832816 0.042679490690635265