23 0.0781704533338636 0.0029060396543010153 0.01884090666772722 0.005812079308602031
23 0.1980289673376816 0.02927858150247419 0.04448634400859053 0.05855716300494838
23 0.8412068026734542 0.02692717649821837 0.040489187340863 0.05385435299643674
23 0.0146715746737724 0.05193457304039587 0.02300224267981758 0.09751149749271752
6 0.0013903246737724004 0.05232101794668866 0.002607926678863075 0.08988921410662268
6 0.7973300806810902 0.08308603767574396 0.04127952800763594 0.057432066772189705
23 0.8426334900143175 0.0809863285836862 0.04437725600731781 0.05517924498543507
23 0.10292610001590836 0.11423233306952571 0.020613039345953953 0.09353705133278352
6 0.04431416868236292 0.11437473706787626 0.02873462201622653 0.12032687186589693
23 0.07948860001590836 0.11491429466886594 0.023738039345953955 0.09362797954602886
6 0.7617016633513629 0.11069421212806563 0.025300539345953867 0.09367344365265158
6 0.6179607540181355 0.11565815993735229 0.026890311346272178 0.09606265775927425
6 0.6655988226845901 0.11270900468536053 0.023819855346908447 0.10065922954602886
6 0.5226391633513628 0.11765022044133584 0.025300539345953867 0.09367344365265158
6 0.7125010946849082 0.1136888314866801 0.02379258334659031 0.09831547954602886
6 0.5695596166852264 0.12019254724265542 0.02619087734722676 0.10307117570596289
6 0.2750647293523173 0.1318875313410308 0.028607352681408394 0.10938937186589692
6 0.32351132001909005 0.13125939403572767 0.02931587734722658 0.10316210391920828
6 0.3735022293523173 0.1290232926238019 0.023738039345953955 0.09362797954602886
6 0.2274084793523173 0.13327418659302256 0.029388602681408395 0.10941210391920828
6 0.4274266606858628 0.1290172809453194 0.022984061346272 0.09594899749271754
23 0.016643702020999036 0.15425559098708455 0.024519289345953967 0.09365071159934021
23 0.002563020687453589 0.15310226794668866 0.0026897426798175765 0.09692046410662267
23 0.6433340186982713 0.21417221628470076 0.022093723344999462 0.08655126543940614
23 0.7371022000318167 0.21300686988733988 0.026109061346272 0.09603992570596284
23 0.7847766313653621 0.21318271463534808 0.0276261080124085 0.09217913981258566
23 0.6668169720321349 0.21739650468536054 0.02287497334499946 0.0865739974927175
23 0.6894732220321349 0.21673727513933164 0.024528380012726635 0.09443196159934023
23 0.5926254940324531 0.22189979974993784 0.024482926678863138 0.09052571159934023
23 0.6175982220321349 0.21882862404397496 0.024528380012726635 0.09443196159934023
23 0.7136919720321349 0.2160325814866801 0.026090880012726636 0.09447742570596293
23 0.7621385626989076 0.215404444181377 0.023928943348181166 0.11003422954602886
23 0.5715408346992258 0.22329481518934405 0.0221573580124085 0.09202001543940615
23 0.5473129940324531 0.22321825884199561 0.023701676678863137 0.09050297954602886
23 0.5231487880330894 0.2286104524946472 0.024501108012408502 0.09208821159934022
23 0.3254834473663167 0.23358041198241636 0.02135792667886305 0.09043478338609487
23 0.40284537869986214 0.23289243870459364 0.019840880012726814 0.09429556927947216
23 0.4762646973663166 0.22919312569332764 0.024482926678863138 0.09052571159934023
23 0.3754925380330894 0.23290681057049056 0.025373264680135767 0.09992344365265157
23 0.4504925380330894 0.23072453345260185 0.021376108012408503 0.09199728338609488
23 0.25207321936663485 0.23806097499368234 0.021421561346272176 0.09590353338609488
23 0.497412991366953 0.2332668602539214 0.020594858012408502 0.09197455133278351
23 0.22710958203372575 0.24191340069964523 0.020622130012726635 0.09431830133278352
23 0.2989845820337257 0.2398220517950019 0.02053122334499946 0.08650580133278352
6 0.04198060403404389 0.24964464733443298 0.0198045173456358 0.09117056927947216
23 0.27710958203372577 0.24045854928771945 0.021403380012726635 0.09434103338609487
23 0.0036902633672711662 0.24997726794668865 0.002517020011135851 0.08207671410662272
23 0.01855219470081661 0.2511078589337732 0.025300539345953964 0.09367344365265158
23 0.0662448073679075 0.25284620368178146 0.024492017345635796 0.09130696159934022
23 0.09047264803468022 0.25292276002912983 0.026863039345953955 0.0937189077592742
23 0.5931447567234065 0.40085151385656054 0.023610770011135783 0.08269047954602886
23 0.6197345287237246 0.40242237404397496 0.023747130012726814 0.09440922954602886
23 0.5682356633911337 0.40939143956252344 0.023701676678863137 0.09050297954602886
6 0.20003110339749702 0.4669959687254762 0.03851870202099903 0.15575590650563295
6 0.24690610339749702 0.46563204552679577 0.03695620202099903 0.1557104423990104
6 0.49720609540099686 0.48413903846716677 0.04015392735518084 0.16205137061225586
23 0.7714975707351787 0.48241008775488625 0.030669839353908122 0.15240358597251955
6 0.8333163180696787 0.48920800554329025 0.029561325350090328 0.1242558539192082
6 0.6700168867361331 0.49239650468536056 0.0229386080124085 0.0920427474927175
6 0.864648134070633 0.49532997341083673 0.03258632801559003 0.11575303213245362
6 0.5655021094048148 0.5102863498290802 0.02215735801240868 0.09202001543940615
6 0.5381674500715876 0.5118632216949771 0.030242578015590205 0.11568483597251955
23 0.5905384720719058 0.5126839241231173 0.02135792667886314 0.09043478338609497
6 0.6139668814051331 0.511220712523777 0.022202811346272177 0.09592626543940633
6 0.6405839254057695 0.5151353227111916 0.028734622016226653 0.12032687186589683
23 0.7405839254057694 0.5122256198873398 0.023701676678863137 0.09050297954602886
6 0.4366873134149962 0.5890598706787626 0.04203350600731781 0.05511104882550093
6 0.8230066214194505 0.6106427363429605 0.021348836012090543 0.08965353338609497
23 0.8019492340865415 0.6143815017823666 0.019859061346272 0.09585806927947224
23 0.7785026434197688 0.6142822133817069 0.025236904678545002 0.0882046936526514
6 0.7551469594207232 0.6219954249810471 0.022175539345953864 0.09358251543940632
23 0.7316912780871778 0.6211148865803873 0.024482926678863138 0.09052571159934023
23 0.3546838827577686 0.6610007183297648 0.02948860001590834 0.11800585391920819
6 0.7444196394414041 0.7747028878340285 0.052371569342772165 0.07103156551854842
1 0.5844179307765404 0.7926442087628534 0.20755160737586173 0.3192143159142599
23 0.3941383761139038 0.8278783297708203 0.02064031134627218 0.09588080133278361
23 0.4199832607813129 0.8325969220115461 0.022248264680135677 0.09983251543940597
23 0.7460826841183582 0.850461405780717 0.0516175913430903 0.07335258346523688
6 0.8902417641231306 0.8814349579714305 0.06728804467695397 0.07771347453146404
6 0.7759707261298121 0.9339953198081975 0.04281475600731781 0.05513378087881264
6 0.8910781054662212 0.9533099579714305 0.06611589600572713 0.044096992478152686
28 0.28085822079881206 0.9655949416075875 0.11155566534054513 0.056352951570210405