6 0.15078125 0.7015625 0.01171875 0.08671875
23 0.22578125 0.70390625 0.009375 0.09140625
6 0.21328125 0.70546875 0.01171875 0.0734375
23 0.1390625 0.7078125 0.0078125 0.084375
6 0.115625 0.721875 0.009375 0.078125
6 0.09609375 0.80859375 0.009375 0.0734375
23 0.884375 0.81953125 0.0078125 0.0734375
23 0.84296875 0.82421875 0.015625 0.1109375
23 0.93046875 0.82734375 0.0109375 0.08203125
23 0.78046875 0.92734375 0.01484375 0.1109375
23 0.81796875 0.9390625 0.009375 0.084375
23 0.80546875 0.94140625 0.00703125 0.08203125
23 0.83203125 0.94140625 0.009375 0.08203125
23 0.8671875 0.94296875 0.009375 0.084375
23 0.79375 0.94453125 0.009375 0.06015625
6 0.42890625 0.99609375 0.0171875 0.00703125
6 0.3734375 0.99765625 0.015625 0.0046875
6 0.4015625 0.99609375 0.01640625 0.00703125