23 0.05078125 0.70234375 0.0109375 0.08203125
23 0.31328125 0.7125 0.0125 0.0953125
6 0.06640625 0.71171875 0.01328125 0.10078125
23 0.0296875 0.71328125 0.0109375 0.08046875
23 0.5171875 0.7171875 0.01015625 0.0875
23 0.00546875 0.71640625 0.01015625 0.07890625
6 0.3296875 0.715625 0.0125 0.10859375
23 0.82109375 0.71640625 0.0109375 0.0859375
23 0.10703125 0.71640625 0.009375 0.078125
6 0.503125 0.71640625 0.0125 0.1109375
23 0.0171875 0.7171875 0.0109375 0.0796875
23 0.09375 0.7203125 0.009375 0.07109375
23 0.77421875 0.721875 0.009375 0.08203125
23 0.11875 0.72421875 0.01015625 0.07890625
23 0.45 0.72578125 0.0125 0.08125
23 0.46328125 0.72578125 0.0109375 0.08125
6 0.75859375 0.7265625 0.01328125 0.1140625
23 0.371875 0.72890625 0.01171875 0.0875
6 0.8359375 0.7296875 0.0140625 0.1125
23 0.359375 0.73046875 0.01328125 0.0828125
23 0.384375 0.72890625 0.0125 0.0875
23 0.475 0.73125 0.01015625 0.07578125
23 0.71875 0.7328125 0.01015625 0.07890625
23 0.70703125 0.7328125 0.009375 0.071875
23 0.875 0.73515625 0.01015625 0.084375
23 0.73359375 0.7375 0.009375 0.08125
23 0.86328125 0.73515625 0.009375 0.07578125
23 0.8890625 0.7421875 0.01015625 0.0828125
23 0.08046875 0.76875 0.00859375 0.08828125
23 0.34375 0.77265625 0.0125 0.09609375
23 0.48671875 0.7765625 0.00859375 0.0796875
23 0.85 0.78671875 0.0109375 0.08515625
23 0.74609375 0.7859375 0.0109375 0.0765625