23 0.44269859468150125 0.4102932286297566 0.034321175705962936 0.025781903210381964
1 0.3235226973470683 0.45215603315065944 0.1278989941275052 0.20986792211208344
23 0.49941760761362497 0.45197092914284676 0.04120767319868044 0.047802373575104085
23 0.43861649993349305 0.45807676519888857 0.02490071159934022 0.024001197663298512
23 0.5031252808123053 0.49879137775607596 0.036201924452321774 0.03675577080156245
23 0.4429917628656167 0.5009727800165275 0.02742631802583091 0.030305749050069507
23 0.5030858283841653 0.5511714953472565 0.027957515439406323 0.02173018284565966
23 0.44614550659741053 0.5556239124253468 0.024210389812585477 0.027108013867708357
1 0.7440518091838353 0.5572896363054507 0.344033774148388 0.42022811312586833
23 0.5038048939027137 0.6027521791428467 0.029147942399010418 0.035810866641250175
23 0.5047967440609982 0.6637078629384371 0.030778638558944492 0.03819098423243048
23 0.5139193429656416 0.7354192087781246 0.0365739974927175 0.02271145459715278
23 0.3956608071387713 0.2714495873872219 0.04125313730530315 0.049364873575104176
23 0.4976612278301692 0.33787206155166627 0.0345712282923877 0.03437565321038196
23 0.43393970862983944 0.3510818827900691 0.025218960345699058 0.03493869766329869
1 0.07410170737619812 0.3704021125571874 0.10548809969606616 0.3787627392664237
23 0.4928206151354724 0.3864550319163885 0.037764424452321775 0.03679213839274311