6 0.09572663221896974 0.20932060326976068 0.018209644515609868 0.042138420456235524
23 0.10748628883482803 0.21682935574121864 0.022070442720211768 0.03448508794672147
23 0.12081753580976591 0.22596427520887094 0.020512487899751575 0.03520267095052709
23 0.13261355386194268 0.2397230276803289 0.025963057181592353 0.032300505437207506
23 0.1451680960164204 0.24960736364988403 0.02754828307929138 0.03627042243340188
23 0.1561692285299777 0.2609905326232448 0.02363748789975162 0.03533000494291585
6 0.16948683996629615 0.2677817020908971 0.022138620413308895 0.04620383794672147
6 0.10546524658215443 0.272202605246927 0.026798849336070064 0.04170733893530469
6 0.11954138212077385 0.2751193582126765 0.013626683645025483 0.059916169467652304
23 0.18362660801847291 0.2816359550566466 0.02363748789975162 0.03533000494291585
6 0.1321141049934108 0.2881286941822317 0.023673849336070064 0.041580004942915846
23 0.19620387607064965 0.29542654102620175 0.029882942720211768 0.03480342292769336
6 0.14077148750696813 0.29941636266130084 0.02915623487468948 0.04414658942959626
23 0.20641012304558756 0.3044341265014653 0.025186352361132158 0.03304992193911023
23 0.218165234481906 0.3111616289729232 0.022833512002052546 0.03139192144481866
6 0.16979591217500317 0.32090670209089706 0.019822141490547774 0.05079583745242981
23 0.229956707354543 0.32413913144438117 0.02286987343837108 0.03764192144481866
23 0.2424976139704013 0.33167971741393626 0.028288626463433175 0.029271005931498985
6 0.17845783986810032 0.3329756205699662 0.028347713797450602 0.039427255931499074
23 0.25427090612487896 0.34153221988539423 0.01973578307929138 0.03595208745242991
6 0.19179363202257801 0.34289179003761855 0.02674885236113216 0.033113588935304604
23 0.26526749345889644 0.35213413885875494 0.025949421642972936 0.029956755437207504
6 0.2020044241770557 0.35268062551288215 0.031413626463433174 0.02939833992388783
6 0.2785941952542946 0.36048780832640726 0.02060793667008758 0.05160892095052709
6 0.21534021633153339 0.36259679498053443 0.03383918969514967 0.04355634041817939
6 0.23025668920417033 0.3757016314443812 0.0337664668225127 0.031056340418179396
6 0.24201180064048883 0.3824291339158391 0.028311352361132157 0.033177255931498985
6 0.25689645725634713 0.3900652203796858 0.029133508976990453 0.04024033942959626
6 0.4847219962875668 0.4821412683259698 0.028452252926866352 0.05739600593149916
6 0.38247369505790285 0.4943773300752371 0.024473280054229284 0.04473683844101295
23 0.39582312275099996 0.5066372495428895 0.029083512002052458 0.031646589429596264
6 0.536493574546398 0.5201797792003846 0.026217587235821682 0.07605050543720751
6 0.36706231849627385 0.5304594101132932 0.024459644515609825 0.042393088441013124
23 0.4311384540348932 0.5354135069572632 0.02363294272021186 0.03454875494291585
1 0.40927708957351266 0.5368659190105418 0.04734315349260036 0.0823787598858317
6 0.4452645865484506 0.5469240099230127 0.025236349336070062 0.04164367193911041
23 0.3851128817279904 0.5452540805695287 0.025186352361132158 0.03304992193911023
23 0.4188520774732643 0.5716229209877082 0.019676695745273955 0.02579583745242999
6 0.4313793485505032 0.5768197569572633 0.029151689695149585 0.043365339429596264
6 0.5276776316297945 0.6158915272232184 0.04187894867214013 0.08293717539915128
23 0.5816656948615111 0.6321505385919248 0.029978391490547728 0.051209672927693364
6 0.5496980773750684 0.6417828651699399 0.04028008723582168 0.07662350840295709
23 0.593479893631847 0.6490342910633828 0.028315897540672097 0.03395850593149898
23 0.6076060261454044 0.6605447940291322 0.029160780054229285 0.04492783942959626
23 0.6201469327612626 0.6680853799986874 0.029932939695149586 0.043397172927693364
6 0.566254318299882 0.668232618629981 0.024477825233769224 0.04551808844101295
6 0.58036681527482 0.6773993715957305 0.025263620413308985 0.046331171939110405
23 0.6342821556338997 0.681158382964437 0.02991475897699054 0.04027217292769336
6 0.7335054508134394 0.6859824872227808 0.03393463846548563 0.05996259041817957
23 0.6476043122497579 0.6887308024320893 0.02996021077238851 0.04808467292769336
6 0.5952741977883773 0.6889417080595772 0.02763009631100797 0.050332922433401886
23 0.6609628303019346 0.7025532218997416 0.027580099336070064 0.04173917243340171
6 0.6078651013791735 0.7050760440291324 0.022915325233769223 0.045454421444818746
23 0.6727588483541114 0.7163119743711995 0.02600850897699054 0.040113005437207506
6 0.7766878242518105 0.7244520796181266 0.03858123184962743 0.05312234140676253
6 0.6345366856881289 0.7249083829644369 0.022892599336070064 0.041548171444818746
23 0.6868849808676687 0.727822477336949 0.025222713797450603 0.03929992193911023
6 0.6486582730221464 0.7356376359301865 0.020607936670087666 0.05160892095052709
23 0.6994577037403056 0.7408318133065042 0.02520907825883114 0.03695617193911023
6 0.7151281555357037 0.749280983268448 0.02519998789975162 0.0353936719391104
23 0.7276963332288009 0.7615090692380033 0.024396012002052457 0.03145558844101295
6 0.6722321284083408 0.7600301408731024 0.028393165592848747 0.047239755931499164
6 0.6879071253832787 0.7692605608350462 0.01671077702916719 0.053012253460041056
23 0.739483260921898 0.7737053217094612 0.0267943041565303 0.040926088935304604
6 0.7043724627172961 0.7800853142950873 0.025249984874689345 0.043987421939110226
23 0.7543951886149951 0.7860289081733078 0.022111349336070063 0.041516337946721646
23 0.7685167759490128 0.7967581611390575 0.027552828258831142 0.037051672433401704
6 0.7153963211285526 0.7953747332684481 0.026753397540672096 0.03389483893530461
23 0.7810667729239507 0.8058612471086125 0.02600850897699054 0.040113005437207506
6 0.7264019988216497 0.8075391522418089 0.029882942720211858 0.03480342292769336
23 0.7967644957965876 0.8189979170705565 0.0236511234383709 0.037673754942915846
6 0.7436576765147468 0.8199582391999473 0.033062484874689525 0.044305756920082116
23 0.8101230138487642 0.8328203365382087 0.025236349336070062 0.04164367193911005
6 0.7672042608237021 0.8396632441428631 0.03151362041330898 0.046585839923887915
23 0.8226730108237021 0.841923422507764 0.026013054156530303 0.040894255437207504
6 0.7844463029781799 0.8497385811010012 0.028379530054229284 0.04489600593149916
23 0.8360088029781799 0.8518395919754163 0.027571008976990184 0.04017667243340171
23 0.8485587999531179 0.8609426779449715 0.02364203307929138 0.03611125494291585
6 0.806462203543914 0.8748486690477228 0.02910623789975162 0.035552839429596264
6 0.8229320860574714 0.886454672507764 0.02755737343837126 0.03783292243340171
6 0.8386207185710287 0.8980288424697079 0.029124418617910663 0.03867783942959626