9 0.5660908133752253 0.3020484699236399 0.4941270960773146 0.5752038260661787
9 0.21552773937777067 0.32488017930459223 0.1659475520766783 0.5666982460216354
23 0.3992242234245412 0.6673205759468661 0.03642839600572696 0.042605670671545325
23 0.2601889954248594 0.6712824646324107 0.013899415340545129 0.05327954133513622
6 0.39958785009545017 0.6985705759468661 0.03319430800445433 0.03319430800445424
23 0.553566825429632 0.7030297145926397 0.03170453333863606 0.039426126670909056
6 0.5537759107654046 0.7209984645926397 0.025245448002863567 0.021384651336727244
23 0.5007509080999044 0.7302103799331849 0.02929714867122719 0.033930104670590565
23 0.5549844221037226 0.7577081239258671 0.027035214672181597 0.04093408267027261
1 0.3786962841342666 0.9847898866168204 0.16275453866963616 0.023765858688726382
9 0.7824628900779509 0.5651917178946866 0.39584632678226744 0.8560532893857248