23 0.0375 0.4143723885589443 0.03515625 0.07758544239901041
6 0.2859375 0.6161324315119506 0.046875 0.10995767319868044
23 0.86640625 0.8423973471222765 0.0328125 0.07361099623907634
6 0.8375 0.847025011149757 0.0265625 0.07030413981258547
23 0.62890625 0.2542368029156291 0.0296875 0.06336381802583091
23 0.59765625 0.2564525207831755 0.034375 0.04709396034569906
23 0.453125 0.25302834092057747 0.03671875 0.041693406505632954
23 0.5265625 0.2551651539318435 0.0265625 0.04921038981258556
23 0.54921875 0.26207438347787243 0.02890625 0.03130983597251955
23 0.44765625 0.2911504665473982 0.03984375 0.041784334718878394
6 0.29609375 0.3711154482049981 0.05859375 0.08217365399835046