6 0.84609375 0.009375 0.0390625 0.01875
6 0.1484375 0.01953125 0.04453125 0.0390625
23 0.9078125 0.02734375 0.059375 0.0546875
9 0.0265625 0.08515625 0.053125 0.11953125
6 0.9078125 0.13828125 0.0328125 0.09453125
23 0.9421875 0.14375 0.04921875 0.11171875
6 0.91640625 0.28984375 0.040625 0.1109375
23 0.42734375 0.3015625 0.096875 0.0484375
23 0.25078125 0.303125 0.1109375 0.0609375
6 0.51484375 0.35625 0.11015625 0.03828125
9 0.01953125 0.365625 0.0390625 0.13203125
6 0.8796875 0.421875 0.03984375 0.1234375
23 0.9125 0.44765625 0.0390625 0.11171875
6 0.9171875 0.61015625 0.0484375 0.12109375
9 0.028125 0.65234375 0.05625 0.13203125
6 0.8203125 0.659375 0.0421875 0.11015625
1 0.5359375 0.671875 0.39296875 0.434375
6 0.3015625 0.73046875 0.03984375 0.09375
9 0.01953125 0.92734375 0.0390625 0.11015625
6 0.50703125 0.95625 0.11171875 0.04375