6 0.9605549990755631 0.63125 0.022556961599340043 0.0234375
1 0.8929877710309114 0.78984375 0.2140244579381772 0.28828125
6 0.7785705278428046 0.84765625 0.015221834718878391 0.03984375
28 0.7052610599752581 0.87890625 0.048170727038746364 0.04453125
6 0.7621391972805613 0.92734375 0.028647837226160888 0.01796875
6 0.9213921768265901 0.95 0.028897889812585474 0.0265625
1 0.31741482053311343 0.0078125 0.06998589106622681 0.015625
23 0.19381819615993404 0.00234375 0.02279264231986806 0.0046875
6 0.3614148731195382 0.01640625 0.014213264185764985 0.03203125
23 0.1947047462390763 0.0328125 0.028670569279472157 0.01875
23 0.1957049565847753 0.0671875 0.025059835972519595 0.02890625
6 0.7604266861308042 0.08984375 0.021426370612255673 0.03828125
23 0.19587845282385158 0.1 0.027866587226160845 0.01796875
23 0.19451218111623922 0.13359375 0.027957515439406232 0.02109375
6 0.9310179824490227 0.153125 0.02802571159934004 0.0234375
1 0.3197084094086269 0.1671875 0.07420804130365362 0.10703125
23 0.19709762351524956 0.16875 0.030278533386094875 0.0203125
6 0.37227111975432586 0.2015625 0.018687815518548413 0.0515625
23 0.1981205659142599 0.20390625 0.02860237311953817 0.01640625
23 0.20077420447320424 0.24140625 0.022829746239076344 0.0328125
23 0.20090223660565787 0.27265625 0.024073997492717502 0.021875
23 0.20417800079142281 0.3046875 0.025591033386094874 0.0203125
1 0.891545976824264 0.31015625 0.2169080463514721 0.27890625
1 0.3220247303374517 0.32734375 0.08397784639736088 0.09375
23 0.20678617524374449 0.340625 0.0232927474927175 0.021875
6 0.7638999932695755 0.3703125 0.014395120612255674 0.03828125
23 0.20546536764275483 0.37578125 0.026235891066226813 0.015625
23 0.18061613182851977 0.4078125 0.045576924452321685 0.0359375
23 0.17903691145369094 0.4609375 0.04493206677218966 0.040625
6 0.8512528922533612 0.47265625 0.030301265439405967 0.02109375