28 0.9956932133195462 0.04931849502721831 0.006695442671863105 0.03860879862051901
23 0.9884892406508644 0.06453073722530218 0.020585220003181703 0.024502033016686787
23 0.9677676606460919 0.10075152024198897 0.026035788669636163 0.02322613805964093
23 0.9829835806413193 0.13508889869069143 0.02988749466899989 0.01874335594746528
23 0.9959466573042741 0.16173660787208854 0.0033795386696361617 0.022038774310259513
28 0.8443381566279562 0.24073246834210962 0.09326019867918127 0.09701884215265535
6 0.9751336232893202 0.27291644731121045 0.04183351133831792 0.03888875961093845
28 0.7171660346117298 0.36685563433005464 0.09639428934595387 0.09796386646291486
6 0.721907531269912 0.42906902928710056 0.03257669000636341 0.04855368668015991
6 0.706963783935412 0.4384407072608331 0.026917036004136106 0.031860831637205676
6 0.6464620885980485 0.47128086273332864 0.020730670671545326 0.037002033016686656
6 0.6361512972629123 0.485094379241672 0.02933351133831792 0.038233662369900404
28 0.584534253262276 0.49248415536095375 0.0935692813494537 0.12358134215265544
6 0.5105416752466858 0.6111356580744873 0.030014764003817973 0.02968085594746519
28 0.44081952124445867 0.6311858864777612 0.08849088267822669 0.08974193068726617
6 0.49706952124445863 0.6282379488930901 0.03631021733768165 0.03391465456798422
28 0.30792411055859586 0.7794706575086604 0.0862198580124085 0.09586909995457163
6 0.4096496952180507 0.8272320488476617 0.04806533000477238 0.037653808231457475
28 0.17687301054268753 0.9034547913844297 0.09719372067949941 0.09956731004047974
6 0.19628553453218803 0.9797340083677429 0.03693692600254535 0.020674348145549006
6 0.10947587786446078 0.9920912454774442 0.027380112667090905 0.004558025214770822
28 0.05248099053155166 0.9919551266396802 0.08135908800127267 0.013633132066746967