6 0.1625 0.0015625 0.01953125 0.003125
6 0.19140625 0.0046875 0.0234375 0.009375
23 0.9421875 0.034375 0.0203125 0.053125
23 0.009375 0.13359375 0.01875 0.0421875
23 0.0359375 0.13359375 0.021875 0.05390625
23 0.06328125 0.1390625 0.02265625 0.0578125
23 0.04765625 0.20390625 0.05 0.02421875
6 0.11640625 0.20390625 0.021875 0.06796875
6 0.00234375 0.20390625 0.0046875 0.07109375
6 0.0375 0.23671875 0.053125 0.02578125
23 0.94140625 0.24296875 0.01796875 0.05
6 0.94140625 0.3078125 0.01640625 0.065625
1 0.0640625 0.3171875 0.1015625 0.10546875
23 0.88671875 0.3234375 0.021875 0.05703125
23 0.8328125 0.3265625 0.01796875 0.05625
23 0.80546875 0.32578125 0.021875 0.05234375
23 0.86015625 0.3265625 0.021875 0.053125
23 0.915625 0.32890625 0.02734375 0.05859375
6 0.00390625 0.34453125 0.0078125 0.0640625
23 0.88515625 0.38515625 0.01640625 0.04765625
23 0.86328125 0.38671875 0.015625 0.05
23 0.75 0.39609375 0.015625 0.04765625
23 0.7265625 0.39765625 0.01640625 0.053125
23 0.77734375 0.396875 0.021875 0.0484375
23 0.55703125 0.3984375 0.0453125 0.02734375
23 0.80625 0.40078125 0.01796875 0.05625
23 0.0765625 0.41328125 0.01953125 0.05
6 0.04921875 0.41484375 0.01875 0.06328125
6 0.10390625 0.415625 0.0203125 0.0671875
6 0.003125 0.41640625 0.00625 0.05703125
23 0.02265625 0.41796875 0.0234375 0.05703125
23 0.13046875 0.4171875 0.0203125 0.059375
23 0.159375 0.41875 0.01953125 0.05546875
6 0.184375 0.41875 0.01640625 0.06171875
1 0.41953125 0.44375 0.18984375 0.1140625
6 0.55078125 0.49140625 0.02265625 0.06171875
23 0.51171875 0.5453125 0.01796875 0.05234375
23 0.55 0.5515625 0.01875 0.04609375
1 0.1265625 0.5625 0.25234375 0.259375
23 0.7796875 0.58359375 0.04296875 0.0234375
23 0.834375 0.58515625 0.046875 0.0234375
6 0.47890625 0.5984375 0.02578125 0.07109375
6 0.2546875 0.60546875 0.01328125 0.05859375
23 0.51015625 0.60546875 0.028125 0.0609375
23 0.55 0.60546875 0.02578125 0.0609375
6 0.29296875 0.60703125 0.0203125 0.0609375
6 0.85 0.6390625 0.02109375 0.059375
23 0.82109375 0.6390625 0.021875 0.059375
6 0.79296875 0.63984375 0.02578125 0.06796875
23 0.76640625 0.640625 0.0265625 0.0546875
6 0.253125 0.67734375 0.0171875 0.065625
23 0.28125 0.67734375 0.01796875 0.053125
23 0.4203125 0.6921875 0.021875 0.05234375
23 0.384375 0.6921875 0.02109375 0.05234375
6 0.9375 0.70625 0.028125 0.06796875
6 0.28046875 0.74296875 0.02578125 0.0609375
23 0.4203125 0.7515625 0.021875 0.05
6 0.93671875 0.778125 0.0265625 0.0703125
6 0.5640625 0.7875 0.021875 0.06875
23 0.50703125 0.790625 0.01953125 0.05703125
23 0.534375 0.7921875 0.02109375 0.053125
6 0.58984375 0.7921875 0.0234375 0.0703125
23 0.615625 0.79453125 0.0234375 0.06171875
6 0.25234375 0.821875 0.0234375 0.06640625
6 0.334375 0.8265625 0.025 0.0640625
1 0.1265625 0.84140625 0.25234375 0.2515625
6 0.25546875 0.91640625 0.0125 0.05859375