23 0.8338435714309252 0.30463364868060167 0.018019342937985527 0.04845677067816441
23 0.8627361846614502 0.30406856844914326 0.019745484171687623 0.05790454528527027
23 0.8104060714309252 0.3057252677871895 0.01648411647693564 0.04994649607105854
23 0.7862145949698756 0.3052907741973303 0.022720479707460585 0.049456344499482
23 0.7635992552783011 0.30400225600036523 0.02664036647693564 0.05041953101724665
23 0.18109644683631465 0.268683571754403 0.019622753246410874 0.05087329528527036
6 0.15771349391421535 0.26665019086099084 0.01973184740221221 0.05712329528527036
6 0.7616703368522006 0.1909029425181299 0.01811480032431163 0.053925520678164404
6 0.6369839825501297 0.17875616108659848 0.018882413554836396 0.05318065798171734
23 0.1842680856343847 0.17642329714729713 0.020431276785361253 0.052472182588823205
6 0.90146922240386 0.14223850248570855 0.018909687093786688 0.05474315798171734
6 0.15851410917333505 0.17606157816454376 0.018155710632737066 0.05626927067816441
6 0.952577754871264 0.1211233277547682 0.035688084009531454 0.03210617865988179
23 0.90268289488715 0.07270725248570857 0.015085257710637734 0.05924872146395273
23 0.8543408522734761 0.06949451530599014 0.03174092370110628 0.029580492142117155
23 0.16707267735455408 0.08823409243256741 0.0356608104705813 0.03054367865988179
6 0.16846758198093675 0.05304145512901448 0.03408467370110611 0.029689654052775925
23 0.8820215673704401 0.015801406639801088 0.020472187093786686 0.031602813279602175
23 0.8609687276788657 0.014534822737765626 0.020431276785361163 0.02906964547553125
23 0.43363861444834084 0.021956159224571642 0.03790910308425506 0.025184090570540572
6 0.8172323644483409 0.015526376759582933 0.01811480032431163 0.031052753519165865
23 0.8368045247567665 0.012477892009841932 0.013331842937985528 0.024955784019683864
6 0.16909487337679457 0.017103955129014473 0.03176819724005649 0.03114299214211715
1 0.9920999508935043 0.07153447415454907 0.015800098212991286 0.14306894830909814
1 0.9679193733833852 0.9416156102197568 0.03012387662320535 0.026382717535011223
1 0.9670972130749597 0.9439957475233097 0.0316045560063543 0.021767992142117266
23 0.26479437338338513 0.9743641834173928 0.035551716314780005 0.024293678659881836
6 0.961143267863498 0.8826044832552862 0.03955342370110628 0.029944365177646405
23 0.9230392958666753 0.8742312111293795 0.034838650162155815 0.028163541356328637
23 0.9633057857204055 0.8481567086481803 0.03483865016215546 0.028163541356328637
6 0.8000381724898806 0.8549804050907426 0.03477046631477983 0.024257291356328637
6 0.6788177374246889 0.8231568244449992 0.03796365016215582 0.028309090570540717
23 0.9733586700542487 0.7641626983090981 0.025586381087432386 0.03475814371369381
6 0.8445887877490005 0.7623541033953314 0.03408467370110628 0.02968965405277597
23 0.22201435836585146 0.7866672843270155 0.03796365016215582 0.028309090570540717
23 0.9747399379111563 0.7297513110055452 0.02305171631478018 0.02371148180303493
23 0.7842649423753831 0.7300360630724597 0.0333034237011061 0.029653266749222952
23 0.22101096591433342 0.7547088089341214 0.030959673701106104 0.029544104838564244
23 0.4415825645343617 0.7296038393321955 0.020526734171687443 0.0579409325888232
6 0.4048774513038368 0.7305327925991831 0.02300685186643907 0.06586259449948209
6 0.6658149513038368 0.718379433212505 0.0221028709411625 0.058794957195929066
23 0.48612745130383683 0.7267485130296786 0.020554007710637735 0.0595034325888232
6 0.5095922248427872 0.7240943939230908 0.024405710632737155 0.05656036910658777
23 0.46663711161226223 0.7253144456185018 0.01967730032431163 0.05399829528527036
23 0.5314944983817375 0.7215130494236087 0.018936960632737154 0.05630565798171734
23 0.844280870540716 0.6905518780024372 0.030946036931631227 0.028762854838564243
23 0.7857280308491416 0.6909371757689069 0.036991485389503434 0.01733520326698752
1 0.5975286014659925 0.6950190159251626 0.07651368141174401 0.09021193114108109
1 0.33197178531336846 0.7034844491331584 0.07943412986961632 0.07863873035529281
23 0.11888145008602083 0.7024806830031081 0.01652502678536121 0.05229024607105863
6 0.14392236039444634 0.6989725392894143 0.026817644480112923 0.06057578101724666
23 0.8448672516281484 0.6569581280024372 0.03161819277582971 0.022549242142117086
23 0.7870820251670987 0.6580882884653538 0.03479773985373029 0.025819791356328992
23 0.6943860105566021 0.6467933775881525 0.021952866476935638 0.05020120719592906
23 0.6693996473260773 0.6471765213018461 0.021185253246410872 0.050946069892376045
23 0.8439320430240063 0.621093402609543 0.032535810470581336 0.030398129445670108
23 0.7853928401019068 0.6206974503760128 0.030082966314779823 0.024038967535011224
23 0.8453269476503887 0.5859007653059901 0.029233532467404188 0.020096330231458383
23 0.7845121785756654 0.5817077249831186 0.033276150162155814 0.02809076674922295
23 0.13625195657884256 0.6017529369320493 0.017442644480112922 0.06013913337461148
6 0.846844583202048 0.5436768780024372 0.03800456047058134 0.03065284057054054
23 0.7882917435104735 0.5440621757689069 0.03161819277582971 0.022549242142117266
23 0.7873019878284306 0.5113224503760128 0.032549447240056394 0.03117937944567011
23 0.8474855113673812 0.5069581280024372 0.0317000133926804 0.027236742142117087
6 0.5459639216758065 0.5186598771738676 0.020458550324311632 0.0540346825888232
6 0.3975264216758065 0.5255734648489241 0.016552300324311632 0.05385274607105863
23 0.421786081984232 0.5221017084387833 0.020554007710637735 0.0595034325888232
6 0.6702917658316079 0.506624295908952 0.01744264448011279 0.06013913337461148
23 0.788669618915863 0.47769231307245985 0.029301716314780003 0.024002580231458383
23 0.8480718924548134 0.4733643780024372 0.038018197240056395 0.03143409057054054
1 0.33947814245481334 0.49705251261539374 0.08338129017804183 0.08116441687305738
1 0.48400939245481334 0.490320861458102 0.07545969602224041 0.07455054383752824
1 0.609927010149565 0.47665000558608045 0.08879549310014116 0.07829412799792798
23 0.787748047081196 0.4410463376795656 0.03175456047058116 0.030361742142117266
23 0.8469554517075786 0.403161039913096 0.03405740016215546 0.028127154052775973
23 0.1376486355549545 0.43229446153915524 0.024432984171687443 0.058122869106587774
23 0.4443895592560606 0.3899056385464072 0.02278866355483622 0.05336259449948209
23 0.7921003563339613 0.37058828846535397 0.040348310470581336 0.030762002481199424
23 0.8483503563339614 0.36796840260954305 0.03246762662320535 0.026491879445670108
23 0.6077526298729117 0.37761319210384514 0.021198890015886106 0.05172731989237622
6 0.5577526298729116 0.37994197953123254 0.021198890015886106 0.05172731989237613
23 0.5139889931034365 0.38276091853019656 0.019745484171687443 0.05790454528527036
23 0.47025262987291166 0.38401735752916055 0.02117161647693564 0.05016481989237622
23 0.39134637987291165 0.3876924751880063 0.01960911647693573 0.05009204528527027
23 0.6296276298729117 0.37659434760436306 0.018264804788538314 0.0625192706781644
23 0.49137365341186195 0.3814724003332315 0.021212526785361164 0.05250856989237622
23 0.5366997901813371 0.3785806867271616 0.01811480032431163 0.053925520678164494
23 0.4132622901813371 0.38432988068852436 0.01811480032431163 0.053925520678164404
23 0.5843969504897626 0.37401731121043297 0.015552862012708779 0.04131635876750561