1 0.89765625 0.0906853506126843 0.2046875 0.1813707012253686
23 0.6829124973345 0.004666581954183926 0.015824994668999892 0.009333163908367852
6 0.22166646200668155 0.04817786865452329 0.08552042401336309 0.09635573730904658
23 0.7397624813414996 0.05155647923300462 0.015607366008908663 0.06579772266868174
23 0.6803874813414996 0.052247369907731524 0.017169866008908664 0.06581590400222717
23 0.7530619126750451 0.05296443789786833 0.009984074673772447 0.05245283800127267
23 0.6538704346753632 0.05646270257800408 0.01648861334340861 0.07440056333545444
23 0.7022806626750451 0.05355533123809529 0.014798844008590528 0.06344488200190901
6 0.7687687286759995 0.05981387456241388 0.014753390674726852 0.05953863200190901
6 0.13363975067631775 0.0695483366486372 0.030805104670590742 0.029260786004136154
6 0.13476644601368118 0.09922674598186447 0.030932374005408825 0.04019828600413615
23 0.745259050684272 0.12103318523236828 0.014789753341817757 0.06266363200190898
6 0.26089314135104463 0.12745064863145616 0.017787484006999678 0.05176249466899989
6 0.7812238226845901 0.12295876456082304 0.013990322008272393 0.06109204133513631
23 0.6937510946849083 0.12632066923936797 0.017169866008908664 0.06581590400222717
23 0.7593760946849082 0.1255570532304593 0.015543731341499622 0.06032897266868176
1 0.3735204106858628 0.13987901798218264 0.22204082137172554 0.27975803596436527
6 0.13520279801877186 0.13672674598186446 0.03154999200349984 0.026144876670908878
6 0.1362840400222717 0.16249890531509176 0.030105670671545237 0.036282945337363426
23 0.7734118700270443 0.19024626189532298 0.023773854670590743 0.029178970003181703
23 0.26245618869349874 0.19462905796468344 0.017832937340863265 0.05566874466899989
6 0.8785357220321348 0.2265281125477782 0.013990322008272216 0.06109204133513631
6 0.9824874253659985 0.2292253038670061 0.016224984006999676 0.05174431333545444
6 0.9239300380330893 0.23303210387496032 0.017069868674408895 0.05722215400222712
6 0.9059521973663166 0.23245993921073288 0.01329997867599957 0.06889545066836363
6 0.9544533320337258 0.23736506787082412 0.021021572008272215 0.0611738573360908
23 0.2615027633672712 0.24699098929822888 0.02014032467377245 0.05257101666931803
6 0.17831809337204368 0.2831199406429102 0.08329540002386251 0.1767266793443632
6 0.8124481927116343 0.3218411598902323 0.012482366008908485 0.06576136000159086
6 0.7155641020448615 0.3221871525700499 0.016361344008590527 0.06346306333545444
23 0.7500481900461342 0.33116216323205017 0.031659080004772557 0.035519876670908876
23 0.2591873800524976 0.3837551926320925 0.019486344008590527 0.06349942600254525
6 0.8514657867202249 0.3846769672183689 0.030759651336727246 0.025354536004136195
6 0.07417658072086114 0.3984096806572277 0.013881234006999676 0.051717041335136306
23 0.08671294338795203 0.4013892299888641 0.020203959341181445 0.058039766669318024
6 0.40871521272277017 0.4085813752785025 0.09168006468808994 0.15885792667886314
28 0.2126850973901792 0.41633188263845583 0.0565323580124085 0.09205168734086336
23 0.15331918805695194 0.4178040233131828 0.0163522533418178 0.06268181333545435
6 0.8503123667249973 0.4198513985519144 0.024627830004772377 0.035438060669954294
1 0.3161282707272245 0.4424756646244565 0.09273403469127164 0.18230451734563574
23 0.26146804272754265 0.44545576129854697 0.013863052673454224 0.050154541335136214
23 0.15242939739813338 0.47563470464672813 0.01631589067472694 0.05955681333545435
28 0.09016575473422417 0.496674457988546 0.03602895401018134 0.07540908000477256
1 0.764584499403224 0.5060167125636865 0.1525999306969986 0.22518290802036275
23 0.8803185874044968 0.5140462938813236 0.026163058004454242 0.03311249200349984
23 0.9071538074076784 0.5371747112110511 0.03162271733768165 0.03239487667090888
6 0.8581259614099055 0.5541536732177326 0.018523280673136 0.04786533533577249
23 0.5081714147437693 0.5621325419319122 0.03006021733768165 0.032376695337363516
6 0.6683731180776328 0.5641752052435042 0.026026698002863568 0.02139374200349984
6 0.8457441400779508 0.5644553738860962 0.014135772676635839 0.07359204133513622
23 0.282790154081769 0.599134744629229 0.023764764003817974 0.028397720003181703
23 0.48675094808240527 0.6014495806015484 0.013863052673454135 0.050154541335136214
23 0.47428731074949615 0.604720031269912 0.012373278007635945 0.05638636000159085
28 0.5330719647517232 0.6204444812619577 0.042088050007954084 0.059075555338954186
23 0.28012877808717784 0.6390148572963199 0.024636920671545236 0.0362193106699543
23 0.22153502808717782 0.639696657304274 0.029324420671545236 0.036273854670590744
23 0.19342820942072325 0.6415864213080921 0.02937896467218155 0.04096135467059074
6 0.809125934754905 0.6406729758911868 0.034911349339590815 0.04649373933799979
23 0.4811100227561777 0.6538660559357302 0.023637494668999892 0.017460220003181703
28 0.572570816756814 0.6574899479233217 0.038863052673454135 0.05044544267186346
6 0.6882321794239049 0.6592695292409588 0.01720622867599957 0.06894090400222712
23 0.37972024542485944 0.6698915926161841 0.014671574673772359 0.052507382001909166
23 0.7062645640913139 0.6645291939051863 0.013072712006681541 0.049364200668363625
23 0.7219077454248595 0.6659098805697317 0.014680665340545218 0.05328863200190899
23 0.4461174047580867 0.6683376359405028 0.016161349339590635 0.04627556333545435
23 0.42815774542485946 0.6693279712762754 0.016951690006363408 0.0470659040022273
23 0.3508139954248594 0.6702279472867749 0.016170440006363317 0.04705681333545435
23 0.33597933609163216 0.6711819199554566 0.022511346674090583 0.054942038669636165
23 0.22195319875872305 0.6756341573042741 0.035519876670908876 0.031659080004772376
23 0.45867194875872297 0.6728796852721391 0.020803396005727136 0.04242385733609062
6 0.3649492207590412 0.676314315284866 0.013127256007317812 0.05405170066836362
23 0.6024855834261321 0.6766757525859581 0.019440890674726853 0.059593176002545434
28 0.28454410542645026 0.6827194039624562 0.04110680533895428 0.04187896467218159
23 0.4806560367599957 0.682000146602503 0.02770737667090888 0.03156817333704538
23 0.5385048994270866 0.6844524372613214 0.02615396733768165 0.032331242003499835
6 0.7675929627625411 0.6974138718969138 0.01649770401018138 0.07518181333545434
6 0.7371242127625411 0.69776840790105 0.020413044676953974 0.07600851666931803
6 0.7543480754296319 0.7006934132320501 0.014798844008590528 0.06344488200190898
28 0.1857071634309046 0.7166864186425921 0.03398519601368122 0.10116305800445424
6 0.43572534476445013 0.7153399052753209 0.02146646733768165 0.03227669800286357
23 0.5396588667647683 0.7164745965945487 0.022238626670908878 0.031504538669636165
23 0.49590886676476825 0.7169836739338212 0.025290901336727244 0.025290901336727067
23 0.5693827294318592 0.7192541512571854 0.025281810669954295 0.024509651336727244
6 0.46548557009863184 0.7212444599379573 0.024446016669318026 0.019813060669954297
23 0.5951821607654045 0.7205166592536856 0.030023854670590565 0.029251695337363513
6 0.5171117047660408 0.7261132259309577 0.012427822008272393 0.06107386000159085
6 0.24371056743313177 0.7324199593014106 0.013136346674090582 0.05483295066836362
6 0.2585543174331318 0.7322472366327288 0.016279528007636036 0.05643181333545435
23 0.21404124876667724 0.734327904638774 0.01786930000795417 0.05879374466899989
23 0.3531037487666772 0.7327097659532293 0.013826690006363407 0.04702954133513622
6 0.22969352076699537 0.7364898413033195 0.015507368674408717 0.057203972668681755
6 0.30939920210054084 0.7371250932925019 0.01703350600731781 0.05409715400222712
6 0.3953276114337681 0.7353438699475024 0.01623407467377236 0.05252556333545435
6 0.6172117021005408 0.7335433705840492 0.016334072008272395 0.06111931333545435
23 0.3398588614337681 0.7359893072883658 0.01311816534054513 0.053270450668363625
6 0.32267136143376807 0.7361893019573655 0.01155566534054513 0.05325226933481808
23 0.38050204276731353 0.7370790926161842 0.014717028007636034 0.056413632001909166
6 0.36801113343408626 0.7380057932845476 0.013944868674408717 0.05718579133513622
23 0.6336543147676317 0.7364774665818221 0.015480096674090582 0.054860222668681756
23 0.49548215276890434 0.747461514600594 0.026144876670909055 0.03154999200349984
6 0.5400406747692226 0.7492870965945488 0.03239487667090888 0.03162271733768165
6 0.43691567476922255 0.7504870646085481 0.024491470003181703 0.023719310669954297
6 0.569746356102768 0.7505041512571854 0.02531817333704538 0.027634651336727246
6 0.46664862810308616 0.7540478692711847 0.02849771733768165 0.03235851400381797
23 0.5978804467695407 0.7509581372533674 0.022992604670590742 0.02916987933640893
6 0.6930844061107222 0.8076706665738678 0.047584072008272395 0.06148294000636341