6 0.8796875 0.040787453834653514 0.065625 0.04215243882958338
6 0.76640625 0.04752580347406314 0.040625 0.05328930737069447
28 0.2703125 0.06957284327423634 0.11171875 0.12916278276940982
6 0.4796875 0.09163360049243097 0.0234375 0.10913926386770836
6 0.5046875 0.09768423195131988 0.02265625 0.09818358007211807
23 0.56015625 0.09975653143822964 0.02265625 0.09193358007211808
23 0.61328125 0.10177427953836857 0.02265625 0.09427733007211807
6 0.5859375 0.10270034669270882 0.0234375 0.11148301386770836
6 0.53203125 0.10144566479697961 0.021875 0.09582164627652778
6 0.6421875 0.10869707997520886 0.028125 0.12877961664124998
6 0.75703125 0.1113700979269798 0.04296875 0.046312608757465325
6 0.853125 0.11360670478458404 0.0203125 0.0981290286853472
23 0.803125 0.11791169186680624 0.0234375 0.09429551386770836
23 0.70234375 0.12415973223566032 0.0671875 0.08359505642076392
23 0.7609375 0.1919297669049312 0.04375 0.05101829255305561
23 0.70234375 0.21478473223566033 0.0671875 0.07734505642076392
23 0.48203125 0.21512565187920182 0.02421875 0.08806369766329869
23 0.559375 0.21770709764263935 0.0234375 0.09585801386770836
23 0.5046875 0.21877798195131987 0.0203125 0.0942227786853472
6 0.53203125 0.2217581647969796 0.02265625 0.09818358007211811
6 0.03515625 0.4398807708015625 0.03203125 0.15465178561920148
6 0.003125 0.44772898518236115 0.00625 0.1642079703647223
6 0.6671875 0.5006852114340978 0.03046875 0.12024041802802081
23 0.1671875 0.5960788322563195 0.02890625 0.11786030043684033
23 0.35703125 0.6020599945847571 0.0296875 0.11397223423243048
6 0.06484375 0.5983842550339931 0.04921875 0.05348932912218753
28 0.06640625 0.7593581226251737 0.13203125 0.24916681145475703
6 0.52734375 0.777899062023438 0.03125 0.12885235182361116
6 0.559375 0.7763008476426394 0.02734375 0.12407393284565967
6 0.26328125 0.7717529391139238 0.02890625 0.12879780043684033
6 0.22890625 0.7748591021079516 0.03203125 0.12262053561920147
28 0.39609375 0.7912504343642712 0.11640625 0.23786563554295145
23 0.3125 0.8775860182361115 0.05 0.07069501291777769