1 0.14004856236360333 0.8335607479714051 0.20201461021276018 0.3328785040571898
9 0.50280689662094 0.7779599898570255 0.09524794169808662 0.42935230925276535
6 0.1827395073983976 0.5192158299523418 0.033699436789350654 0.05600058400953163
6 0.22621649161338206 0.5137646708617323 0.03673343152767874 0.05449263108743239
6 0.15168692847331985 0.49629652719239825 0.023929594639506124 0.10265739569792878
6 0.09061292058081208 0.4950164452114615 0.02025085779368574 0.10649546185055314
6 0.06100174431480514 0.44313634537361735 0.03840088929312966 0.19032103693163088
6 0.032186499576476985 0.44520340584419865 0.02337512876978597 0.18693693831160269
6 0.19409496537560997 0.4322107077933633 0.07136603676111575 0.08631537540538954
6 0.08489499964706415 0.3699891716725112 0.02323934990117795 0.10420625892845373
6 0.03209695236260468 0.2825397646104966 0.03524652623777208 0.08256308400953163