6 0.93984375 0.046875 0.11328125 0.09375
23 0.6765625 0.03828125 0.02109375 0.0484375
6 0.2640625 0.0609375 0.034375 0.0578125
1 0.08671875 0.07890625 0.08203125 0.1578125
6 0.140625 0.08359375 0.03203125 0.03125
28 0.86171875 0.09765625 0.03203125 0.06328125
6 0.43828125 0.09921875 0.0296875 0.0703125
23 0.1703125 0.1 0.0203125 0.0484375
28 0.68203125 0.103125 0.0265625 0.0625
23 0.2625 0.1109375 0.03125 0.021875
1 0.34765625 0.13984375 0.11015625 0.2796875
6 0.015625 0.12109375 0.0140625 0.05
6 0.5375 0.13515625 0.0609375 0.19453125
6 0.265625 0.1390625 0.034375 0.03046875
23 0.68046875 0.1484375 0.040625 0.02578125
6 0.6328125 0.16015625 0.06484375 0.12109375
28 0.86328125 0.16328125 0.03515625 0.0515625
28 0.21875 0.23046875 0.02109375 0.08203125
6 0.6265625 0.23515625 0.0171875 0.06015625
23 0.58828125 0.2359375 0.01875 0.0609375
23 0.56640625 0.2375 0.01640625 0.06015625
6 0.54921875 0.2375 0.015625 0.05625
6 0.60703125 0.2390625 0.01640625 0.0671875
6 0.01328125 0.23828125 0.02578125 0.06171875
6 0.46640625 0.2421875 0.0578125 0.2328125
6 0.509375 0.24140625 0.01640625 0.05546875
6 0.6484375 0.24453125 0.0171875 0.05390625
6 0.53125 0.2453125 0.0171875 0.0515625
28 0.8625 0.246875 0.0359375 0.06328125
6 0.98359375 0.25859375 0.0328125 0.18125
23 0.8046875 0.26875 0.0140625 0.04609375
23 0.2625 0.26875 0.03125 0.06328125
23 0.83203125 0.2703125 0.02578125 0.04921875
23 0.74765625 0.29453125 0.0171875 0.0984375
23 0.69140625 0.29453125 0.05078125 0.10234375
6 0.65390625 0.309375 0.0140625 0.06015625
6 0.51640625 0.31328125 0.0140625 0.06015625
23 0.53515625 0.31484375 0.021875 0.06328125
23 0.57421875 0.31484375 0.0140625 0.06328125
23 0.6328125 0.31484375 0.021875 0.05859375
6 0.5953125 0.31640625 0.01328125 0.05859375
23 0.61484375 0.31640625 0.0140625 0.05390625
23 0.80625 0.31640625 0.01171875 0.04609375
23 0.5546875 0.31796875 0.01875 0.06953125
6 0.19296875 0.3296875 0.0375 0.0328125
6 0.2265625 0.35234375 0.02734375 0.03046875
6 0.9828125 0.3875 0.01640625 0.05546875
23 0.22109375 0.396875 0.025 0.06015625
23 0.45390625 0.4390625 0.0296875 0.03125
6 0.96171875 0.4421875 0.01796875 0.06171875
6 0.4890625 0.4421875 0.03203125 0.03359375
6 0.2171875 0.45390625 0.02890625 0.04921875
1 0.3953125 0.4625 0.078125 0.203125
23 0.33203125 0.47890625 0.0296875 0.0234375
6 0.52734375 0.48203125 0.0296875 0.05078125
6 0.48828125 0.503125 0.02734375 0.02421875
23 0.21953125 0.50234375 0.0328125 0.02734375
6 0.33203125 0.50546875 0.03203125 0.02421875
23 0.45546875 0.51484375 0.034375 0.06796875
6 0.21953125 0.53359375 0.021875 0.021875
6 0.2953125 0.53828125 0.03203125 0.02734375
6 0.35703125 0.57734375 0.03046875 0.03671875
6 0.15546875 0.021875 0.1859375 0.04375
6 0.7328125 0.05078125 0.071875 0.1015625
28 0.0265625 0.00390625 0.034375 0.0078125