28 0.78046875 0.6109375 0.06328125 0.08515625
6 0.88828125 0.64375 0.01796875 0.0375
6 0.5421875 0.7203125 0.03203125 0.025
6 0.3 0.74453125 0.01875 0.04453125
6 0.21875 0.76640625 0.0296875 0.025
6 0.22734375 0.84453125 0.03515625 0.025
6 0.5546875 0.8328125 0.03359375 0.03046875
6 0.55546875 0.8609375 0.0296875 0.0265625
28 0.803125 0.01796875 0.025 0.03515625
28 0.7546875 0.109375 0.03359375 0.03203125
28 0.2984375 0.19140625 0.03359375 0.0390625
6 0.8953125 0.209375 0.03046875 0.01953125
28 0.303125 0.2390625 0.03046875 0.0390625
6 0.81015625 0.36875 0.03671875 0.0265625
1 0.690625 0.40078125 0.03203125 0.04765625
1 0.73359375 0.40390625 0.03359375 0.0390625
28 0.81015625 0.41953125 0.0421875 0.04609375
6 0.8984375 0.48671875 0.0296875 0.025