9 0.73125 0.16953125 0.4359375 0.05625
1 0.22890625 0.209375 0.4578125 0.11015625
6 0.475 0.21484375 0.0453125 0.1046875
9 0.73359375 0.253125 0.453125 0.04296875
9 0.7328125 0.3125 0.45078125 0.05859375
9 0.73046875 0.03046875 0.446875 0.05859375
1 0.23515625 0.3546875 0.46953125 0.12890625
6 0.4796875 0.35859375 0.034375 0.084375
9 0.74140625 0.3984375 0.459375 0.05390625
9 0.7328125 0.45859375 0.4484375 0.05390625
6 0.4765625 0.49296875 0.0375 0.0765625
1 0.221875 0.50078125 0.44375 0.13203125
9 0.73828125 0.54296875 0.453125 0.05625
9 0.7359375 0.59921875 0.4484375 0.04296875
6 0.0015625 0.634375 0.003125 0.10078125
6 0.4796875 0.64140625 0.034375 0.0765625
1 0.2328125 0.65078125 0.4515625 0.09140625
9 0.73828125 0.68828125 0.453125 0.0453125
1 0.23203125 0.07109375 0.4640625 0.12890625
1 0.665625 0.7828125 0.35078125 0.11015625
1 0.1640625 0.78828125 0.32265625 0.11484375
23 0.44609375 0.8125 0.0390625 0.1328125
23 0.40625 0.81484375 0.05546875 0.1359375
6 0.47890625 0.0828125 0.0328125 0.08359375
1 0.0125 0.99453125 0.02421875 0.0109375
9 0.73359375 0.11171875 0.453125 0.05390625
1 0.61328125 0.96953125 0.4546875 0.0609375