6 0.924228388009227 0.05464776675955443 0.01720677601845395 0.10929553351910885
28 0.8956948553469084 0.08723026905235444 0.035920960693816895 0.17446053810470888
28 0.8550698553469085 0.0878383514784328 0.03826471069381689 0.1756767029568656
6 0.6401539273551808 0.14236541244463477 0.012773814688089935 0.1581307487463588
23 0.8245471086887262 0.1385631478631584 0.015781183362498653 0.21523019490629278
6 0.6855936966899989 0.15198445335257701 0.01281926802195361 0.16203699874635874
6 0.7695243487030438 0.2456686057015749 0.015917543364089504 0.22694894490629275
6 0.802427755370771 0.2525263594624986 0.01902436203054414 0.22547737311953817
23 0.8461515780553611 0.38333007858368623 0.01558118869349876 0.19804269490629284
23 0.8656373747214975 0.37885552725090277 0.01648061736154425 0.20822167695960409
23 0.8266203280553611 0.3838983799164697 0.019687433362498653 0.21534385517284954
6 0.5363964120782692 0.5611501678549111 0.013500520687453488 0.15346598079967003
6 0.5543469807447237 0.5590648306287502 0.012110743356135245 0.16826426669304748
6 0.5223339120782692 0.5615593448145152 0.011928930020680895 0.1526392666930473
6 0.5739327747453601 0.5631840292959668 0.014363586688408248 0.16051996285298137
23 0.8899588587682681 0.7227957438648078 0.016462436027998704 0.2066591769596041
6 0.7517321527689044 0.7315068173009152 0.011810751352635407 0.14248301669304747
6 0.5403679387730407 0.7681359537482885 0.01346415802036276 0.1503409807996702
6 0.5248520267743132 0.7779655948145152 0.014454493356135245 0.16833246285298156
6 0.5562474774426768 0.7895563126820615 0.017080054026089718 0.19261940901291547
6 0.574370768777813 0.8023147254559009 0.01817947736313492 0.21998589106622682
1 0.8543673514480858 0.8207391503704409 0.03456754602958938 0.21890076418576498
6 0.6066207421228125 0.887342943323447 0.012955628023544464 0.17375574874635902
6 0.5918042641231307 0.8901186023363625 0.010239160685862813 0.14165630258642495
6 0.8171855247851308 0.8491740389293853 0.0256198073679073 0.25534672954602866
6 0.911780956794994 0.9191024425320243 0.012210193348181164 0.10969324874635866
23 0.9406326627943578 0.9135738565595048 0.01074769068268111 0.1182415346397363
23 0.9265701627943578 0.9139830335191089 0.01074769068268111 0.1182415346397363
23 0.890687206794994 0.9197162079714305 0.014553943348181164 0.10976144490629273
6 0.7502712921307667 0.9417767275674718 0.012564182009863246 0.07299723079967002
6 0.5558491301320394 0.9568120088419956 0.013917596674090583 0.055073944906292735