23 0.07578256466061865 0.21484375 0.05136392319868044 0.046875
23 0.07755566481890322 0.27578125 0.04500026293212374 0.04296875
23 0.08466112265731975 0.33203125 0.06221049498543507 0.04375
23 0.8876413701500372 0.35390625 0.07633283095795491 0.07265625
23 0.555723780416594 0.3578125 0.0695516335443795 0.08125
6 0.8195793434278599 0.43125 0.015380959092058078 0.0453125
6 0.701678789587794 0.43359375 0.020667852665567032 0.0390625
6 0.0726050550272002 0.4546875 0.08796666442319183 0.1234375
6 0.9892322150136001 0.490625 0.021535569972799706 0.071875
6 0.4619690833987301 0.51875 0.016875262932123648 0.04296875
6 0.1956537616119755 0.521875 0.020068459092057768 0.0453125
6 0.6210545783841652 0.5625 0.016875262932123648 0.04296875
23 0.7854807912371466 0.575 0.07229854882550094 0.04140625
23 0.7692085850480828 0.66015625 0.05279003087881229 0.0421875
6 0.19769729790106422 0.67265625 0.014508780878812378 0.0421875
23 0.9768452403000746 0.7078125 0.038719170691398117 0.06875
23 0.9487884364600084 0.71015625 0.03607990399835046 0.05859375
6 0.8469675236861693 0.728125 0.026591243731793668 0.0546875
6 0.8818426288590189 0.7453125 0.028934993731793666 0.0546875
1 0.7865899648315385 0.77421875 0.09019675415663517 0.11953125
1 0.4497575545649818 0.7703125 0.36414769734706826 0.459375
6 0.9921763445825734 0.78984375 0.0156473108348532 0.05078125
6 0.039638408484190056 0.7984375 0.020713316772189704 0.040625
6 0.8490816046441241 0.80078125 0.020758780878812288 0.0421875
6 0.2026756175762478 0.84375 0.01508544239901033 0.03515625
1 0.7903323934404953 0.9296875 0.07009720282385157 0.1
6 0.27330401781367464 0.93515625 0.0189462282923877 0.03359375