6 0.4505278798696164 0.1011640127306566 0.019792122969757388 0.15021980787839034
6 0.3864653798696163 0.0974327970021108 0.019669392044480993 0.14318855787839033
6 0.419414247564368 0.10715640749721964 0.020723377433984426 0.15885906050922624
23 0.013339345777359157 0.2723755289391952 0.01506766680124727 0.10311729472421068
28 0.43994848457542923 0.3893164601139381 0.046455808845728086 0.2469883920651399
28 0.6784342861175567 0.4149135125188951 0.04767738960884884 0.22754814732681172
23 0.09693487012708839 0.41148280254613134 0.011547200486467357 0.08027903420086702
23 0.0852570304355139 0.4131440130835925 0.01162902110331836 0.08496653420086701
23 0.05636441720498907 0.41224166574266324 0.008394926947517001 0.07853452367752337
6 0.6376689642828898 0.4492206230845911 0.019669392044480993 0.14318855787839038
23 0.014245101052364923 0.4136907736775234 0.009326181411743873 0.08717377630835924
6 0.06983658197764145 0.42395271046687394 0.014368237418098295 0.1077592920933748
6 0.391693991068251 0.48640429174043903 0.018929052352906428 0.14548680524755433
23 0.7117940312462927 0.5823131151214962 0.011533563716992035 0.07949778420086702
23 0.5003480166357962 0.5856069021649606 0.010039247564368026 0.08331302893919527
23 0.1058167666357962 0.5626280735928187 0.010806860794892837 0.08257728157003115
6 0.6441252901747465 0.5955418862387708 0.010615946022240409 0.07163978157003115
23 0.04756393587267545 0.5787466262801244 0.010615946022240464 0.07163978157003115
1 0.010995190336902322 0.5852017526308358 0.005967176540479907 0.25243475526167175
1 0.07840087864850505 0.6016149788827254 0.04888137946257922 0.25181239995764776
23 0.5138571375769587 0.6441474442583355 0.011629021103318316 0.08496653420086701
23 0.44276338757695877 0.6400067048522663 0.012260266639091456 0.07641828683170289
23 0.6724508875769588 0.653384478318028 0.008354016639091456 0.07619077367752336
23 0.7021520243464339 0.6558948282897932 0.01332788879807012 0.09287003946253876
6 0.23734918465485944 0.6311645129424182 0.20411039610167075 0.33655766823232475
23 0.4725327081938097 0.6464233048240314 0.010875044642268605 0.08648353157003115
23 0.5009849906612139 0.6668113995341247 0.009889243100141165 0.0747192789391951
23 0.6455980612780648 0.6799168862387708 0.010820497564368026 0.08335853157003115
23 0.7143753348170152 0.6854836177523321 0.009971063716992213 0.07940677893919527
23 0.10695830113179516 0.6727388209619828 0.011710841720169363 0.08965403420086701
6 0.04991341436232 0.6686358789109603 0.010656856330665977 0.07398353157003115
6 0.6732202751572128 0.7868872230563563 0.01506766680124727 0.10311729472421086
6 0.47400152515721283 0.7752840521931954 0.01675289772652384 0.11023954998588259
23 0.014049826699340401 0.7602017526308359 0.0022131107948928476 0.08207675263083587
23 0.3978617650109431 0.7950435443712749 0.012451181411743839 0.08735578683170289
23 0.5986566517804184 0.8075189704961074 0.010011974025417559 0.08175052893919528