23 0.2421875 0.128125 0.0296875 0.03203125
6 0.26484375 0.128125 0.0390625 0.05546875
6 0.19140625 0.13671875 0.02734375 0.04453125
23 0.20625 0.146875 0.02265625 0.03125
23 0.21640625 0.15703125 0.02265625 0.02890625
23 0.228125 0.1671875 0.01796875 0.0296875
23 0.240625 0.17734375 0.0234375 0.03515625
6 0.35625 0.17734375 0.0453125 0.06875
23 0.25078125 0.18203125 0.028125 0.034375
1 0.1828125 0.1875 0.04453125 0.05
6 0.38203125 0.19375 0.04921875 0.065625
6 0.20546875 0.2078125 0.040625 0.06484375
23 0.1296875 0.2140625 0.02421875 0.04765625
23 0.14140625 0.22578125 0.0234375 0.0359375
6 0.1578125 0.24453125 0.0375 0.05625
6 0.63125 0.24609375 0.0328125 0.0421875
6 0.33515625 0.24921875 0.046875 0.07109375
23 0.64296875 0.25625 0.03125 0.0359375
23 0.6546875 0.265625 0.03203125 0.03828125
6 0.3609375 0.27109375 0.040625 0.06953125
1 0.1921875 0.27265625 0.04609375 0.06875
23 0.665625 0.27421875 0.025 0.0328125
6 0.384375 0.28359375 0.04296875 0.0625
23 0.67734375 0.2859375 0.034375 0.03515625
23 0.69140625 0.29375 0.02421875 0.03046875
6 0.63125 0.29921875 0.025 0.034375
6 0.409375 0.30078125 0.0515625 0.06171875
23 0.7015625 0.3046875 0.02421875 0.028125
6 0.12890625 0.3046875 0.03125 0.05
6 0.3125 0.30859375 0.0390625 0.0546875
6 0.640625 0.3109375 0.02734375 0.034375
23 0.7140625 0.3140625 0.028125 0.0328125
23 0.14140625 0.3171875 0.0328125 0.03515625
6 0.65546875 0.31796875 0.02890625 0.034375
6 0.728125 0.32421875 0.02734375 0.03359375
6 0.15625 0.32734375 0.025 0.03671875
6 0.66640625 0.3265625 0.0203125 0.03125
23 0.1671875 0.3328125 0.0296875 0.0328125
23 0.7390625 0.33359375 0.02265625 0.02890625
6 0.67890625 0.33671875 0.02421875 0.0375
23 0.75078125 0.34140625 0.02578125 0.02578125
23 0.178125 0.34375 0.0328125 0.03515625
6 0.3578125 0.34609375 0.04296875 0.05625
6 0.19296875 0.35078125 0.021875 0.03828125
23 0.76484375 0.3515625 0.03046875 0.028125
23 0.4328125 0.35625 0.02890625 0.0375
6 0.203125 0.3625 0.021875 0.02890625
23 0.521875 0.3640625 0.02421875 0.0328125
23 0.775 0.36484375 0.028125 0.03359375
23 0.7859375 0.36796875 0.02578125 0.02890625
23 0.53671875 0.36953125 0.0234375 0.03828125
6 0.29453125 0.37109375 0.04765625 0.0484375
23 0.2125 0.37265625 0.02578125 0.03359375
6 0.7265625 0.3796875 0.025 0.040625
23 0.5453125 0.3796875 0.021875 0.03671875
23 0.7984375 0.38125 0.0234375 0.0296875
6 0.859375 0.38203125 0.021875 0.0375
23 0.22421875 0.3828125 0.0265625 0.03515625
6 0.73671875 0.3859375 0.025 0.03671875
6 0.4078125 0.38671875 0.02890625 0.034375
23 0.55859375 0.38984375 0.02578125 0.0375
6 0.86953125 0.38984375 0.025 0.03359375
23 0.809375 0.390625 0.0265625 0.02734375
23 0.2359375 0.3921875 0.028125 0.04140625
6 0.51171875 0.3953125 0.0296875 0.04453125
6 0.7484375 0.39765625 0.0234375 0.04140625
23 0.82265625 0.39921875 0.025 0.0328125
23 0.57109375 0.4 0.02421875 0.04375
6 0.253125 0.40078125 0.02890625 0.04375
6 0.7625 0.40390625 0.02421875 0.0375
6 0.33984375 0.403125 0.04453125 0.06484375
23 0.52265625 0.4046875 0.02421875 0.034375
23 0.5828125 0.40546875 0.02734375 0.034375
1 0.4203125 0.40546875 0.03984375 0.053125
6 0.8328125 0.40859375 0.02421875 0.0265625
6 0.77265625 0.4125 0.02265625 0.0328125
23 0.353125 0.41484375 0.0265625 0.03671875
23 0.53515625 0.415625 0.02109375 0.03203125
6 0.4421875 0.4171875 0.0265625 0.05390625
23 0.59296875 0.41953125 0.02890625 0.03515625
6 0.78359375 0.42109375 0.0265625 0.03828125
23 0.45625 0.42734375 0.03046875 0.0375
23 0.54609375 0.428125 0.02265625 0.03359375
6 0.85859375 0.43046875 0.02890625 0.0359375
6 0.7953125 0.43203125 0.02890625 0.03203125
23 0.4671875 0.43671875 0.02890625 0.04609375
23 0.55625 0.4375 0.025 0.03046875
6 0.37890625 0.43984375 0.025 0.04921875
6 0.809375 0.44140625 0.028125 0.03125
6 0.39375 0.44609375 0.0234375 0.04609375
23 0.56796875 0.45 0.02890625 0.03828125
6 0.49375 0.453125 0.0296875 0.040625
6 0.40703125 0.45390625 0.02265625 0.0390625
23 0.58125 0.45546875 0.0203125 0.03046875
23 0.4203125 0.4640625 0.02578125 0.0453125
23 0.58984375 0.46640625 0.025 0.02890625
23 0.603125 0.4734375 0.01953125 0.03828125
6 0.5171875 0.475 0.02578125 0.04921875
23 0.43046875 0.47890625 0.03203125 0.03671875
6 0.61796875 0.48671875 0.03515625 0.03828125
6 0.47734375 0.5 0.02734375 0.03671875
1 0.53359375 0.5078125 0.06484375 0.09765625
23 0.56015625 0.5140625 0.0265625 0.03671875
6 0.50390625 0.51875 0.0234375 0.03359375
23 0.575 0.52109375 0.0234375 0.03359375
6 0.58671875 0.53046875 0.02578125 0.0328125
23 0.5984375 0.53828125 0.02578125 0.03984375
6 0.6109375 0.55078125 0.025 0.0421875
23 0.5453125 0.55546875 0.0234375 0.02890625
6 0.621875 0.56484375 0.02421875 0.0375
23 0.559375 0.565625 0.025 0.03671875
23 0.6359375 0.56953125 0.01875 0.03671875
6 0.571875 0.57265625 0.02421875 0.03515625
23 0.5828125 0.5828125 0.021875 0.03828125
6 0.6453125 0.58359375 0.028125 0.03828125
6 0.59453125 0.59140625 0.0234375 0.03515625
6 0.6078125 0.60078125 0.02265625 0.04453125
23 0.621875 0.6140625 0.02578125 0.0328125
1 0.6640625 0.61640625 0.075 0.0984375
23 0.69453125 0.61875 0.03046875 0.03984375
6 0.63515625 0.62734375 0.0359375 0.03515625
23 0.7078125 0.6296875 0.028125 0.040625
23 0.67890625 0.65625 0.0234375 0.02890625
23 0.6921875 0.66796875 0.02265625 0.025