1 0.8184778101084585 0.12559750681991635 0.15648687021691715 0.18224107340703277
1 0.982813636294885 0.0481189778695843 0.03437272741022994 0.005507291356328858
6 0.9297556776930971 0.05501964122798515 0.043105105386194255 0.025438801695411083
1 0.5292198673882468 0.07854045450533273 0.2139084847764936 0.11774623386994953
1 0.2933459999018041 0.07848898883234826 0.21794199980360823 0.13980317038771417
1 0.978292035348088 0.14086940404826673 0.04341592930382419 0.077818938998964
1 0.5300334545258727 0.21838420450533272 0.21807381001026266 0.1624594203877142
1 0.2902442466803503 0.2165883023145836 0.21637495462406847 0.13894914578060832
23 0.8520720809893056 0.26150077356913937 0.03848123789975162 0.03615797787409356
23 0.851472638170898 0.29271438626558643 0.04551703307929138 0.037266713606069854
6 0.6374783158639952 0.29446301509208395 0.0379454275949012 0.07830909057054054
23 0.84697603571157 0.3253085624442688 0.04399543969514994 0.044225188998963993
1 0.29177090612487894 0.34474968961813657 0.2249959757013073 0.14403690611969058
6 0.6430112192583997 0.43999383891340155 0.02619031615858276 0.07151328101724666
1 0.30196858362158435 0.48659258726077165 0.22271131303532482 0.15408399420903188
1 0.5324691498783631 0.5027955918088857 0.22660392749670527 0.15192218072679645
6 0.647835595525441 0.5979882754311662 0.040865894515609825 0.04329838978475227
23 0.6288002909761273 0.81657345553879 0.036868740924813716 0.02749145326698752
23 0.6336286915418614 0.8410105293601076 0.039198855386194255 0.025256865177646404
23 0.6838377698006927 0.879276816787495 0.026017599336070063 0.041825781017246655