6 0.04296875 0.421875 0.021875 0.06875
6 0.83359375 0.56953125 0.040625 0.02109375
6 0.1265625 0.6015625 0.06015625 0.02578125
6 0.70703125 0.63046875 0.05234375 0.02265625
6 0.6140625 0.63203125 0.04765625 0.02265625
6 0.44765625 0.64140625 0.05859375 0.01953125
6 0.37265625 0.66484375 0.0203125 0.06015625
6 0.840625 0.7140625 0.00859375 0.0359375
6 0.178125 0.71328125 0.04921875 0.02421875
6 0.0109375 0.7140625 0.021875 0.025
6 0.82109375 0.715625 0.0078125 0.0359375
6 0.08828125 0.71484375 0.0625 0.02578125
6 0.859375 0.71640625 0.01015625 0.04140625
6 0.4609375 0.74609375 0.01875 0.01328125
6 0.4953125 0.7578125 0.0125 0.03125
6 0.85 0.7734375 0.01328125 0.0375
6 0.36640625 0.7953125 0.0515625 0.0203125
6 0.2328125 0.81875 0.03046875 0.01953125
6 0.4296875 0.8453125 0.01875 0.071875
6 0.88515625 0.8984375 0.02421875 0.01484375
6 0.38671875 0.91015625 0.05 0.02421875
6 0.49296875 0.94375 0.01171875 0.03203125
6 0.471875 0.94453125 0.01171875 0.03046875
6 0.4453125 0.009375 0.01328125 0.01796875
6 0.39453125 0.00859375 0.01484375 0.01640625
6 0.4171875 0.01015625 0.015625 0.0203125
6 0.46875 0.01015625 0.015625 0.0203125
6 0.9375 0.0140625 0.0078125 0.028125
6 0.003125 0.02421875 0.00625 0.0140625
6 0.87265625 0.03203125 0.0203125 0.0640625
6 0.3359375 0.0421875 0.0171875 0.0515625
6 0.5265625 0.04375 0.0140625 0.04453125
6 0.6078125 0.04375 0.01015625 0.03984375
6 0.55390625 0.0453125 0.01328125 0.03984375
6 0.0421875 0.071875 0.01875 0.07109375
6 0.39453125 0.08671875 0.01171875 0.0421875
6 0.36953125 0.0875 0.0125 0.040625
6 0.44453125 0.08828125 0.01484375 0.04296875
6 0.46875 0.08984375 0.01328125 0.0421875
6 0.4953125 0.0890625 0.015625 0.03671875
6 0.41953125 0.09140625 0.01484375 0.040625
6 0.55546875 0.11796875 0.0125 0.04609375
6 0.5828125 0.11875 0.0140625 0.04765625
6 0.525 0.11953125 0.01328125 0.04609375
6 0.93828125 0.1296875 0.01328125 0.03984375
6 0.8734375 0.1453125 0.021875 0.065625
6 0.334375 0.16953125 0.0109375 0.03828125
6 0.36953125 0.17578125 0.01484375 0.0421875
6 0.39375 0.18046875 0.015625 0.05390625
6 0.04296875 0.18359375 0.01640625 0.0609375
6 0.58125 0.19140625 0.01640625 0.0375
6 0.55390625 0.1921875 0.01484375 0.04140625
6 0.52734375 0.19453125 0.0140625 0.040625
6 0.9375 0.225 0.0140625 0.040625
6 0.62265625 0.2296875 0.01015625 0.03515625
6 0.3328125 0.24140625 0.009375 0.03125
6 0.4046875 0.2625 0.01484375 0.04765625
6 0.57578125 0.26328125 0.01328125 0.040625
6 0.5515625 0.2625 0.01484375 0.04296875
6 0.52734375 0.26328125 0.01328125 0.04609375
6 0.87109375 0.2640625 0.01953125 0.0671875
6 0.5 0.2640625 0.01640625 0.04453125
6 0.42890625 0.2640625 0.01328125 0.0484375
6 0.3765625 0.265625 0.0140625 0.046875
6 0.0421875 0.30234375 0.01484375 0.06328125