6 0.3078125 0.00859375 0.12265625 0.0171875
28 0.31328125 0.01875 0.0484375 0.0375
6 0.2546875 0.06015625 0.04296875 0.03046875
6 0.4734375 0.0640625 0.07265625 0.0875
23 0.415625 0.16796875 0.0171875 0.04140625
23 0.39609375 0.171875 0.02109375 0.04921875
23 0.34921875 0.17890625 0.01796875 0.0484375
23 0.37265625 0.1859375 0.02265625 0.05859375
6 0.1875 0.21171875 0.134375 0.14609375
6 0.56875 0.23828125 0.02109375 0.03984375
6 0.39375 0.23984375 0.0171875 0.04921875
6 0.371875 0.240625 0.02109375 0.0515625
6 0.52578125 0.24140625 0.01875 0.0484375
6 0.54765625 0.24296875 0.01796875 0.040625
6 0.3484375 0.2421875 0.025 0.05703125
6 0.415625 0.24296875 0.0234375 0.05546875
6 0.50078125 0.2453125 0.02109375 0.05234375
6 0.22578125 0.32578125 0.06171875 0.06171875
6 0.1296875 0.359375 0.06484375 0.08046875
6 0.2109375 0.40859375 0.071875 0.09921875
6 0.11328125 0.44375 0.0640625 0.09296875
1 0.446875 0.45703125 0.16015625 0.19453125
6 0.02890625 0.54453125 0.05703125 0.0921875
6 0.20078125 0.55078125 0.0328125 0.06328125
1 0.20625 0.5734375 0.0765625 0.14375
1 0.0984375 0.58984375 0.06953125 0.1203125
6 0.0296875 0.64375 0.05859375 0.07265625
6 0.48203125 0.6625 0.0203125 0.0515625
6 0.5875 0.6640625 0.028125 0.053125
6 0.56015625 0.66484375 0.02734375 0.06328125
6 0.38984375 0.665625 0.02421875 0.0703125
6 0.53515625 0.6671875 0.03515625 0.05703125
6 0.459375 0.66640625 0.02734375 0.0421875
6 0.6140625 0.6671875 0.02890625 0.0671875
6 0.5078125 0.66796875 0.0296875 0.0515625
6 0.4296875 0.66796875 0.025 0.06953125
6 0.33515625 0.66875 0.02578125 0.0640625
6 0.309375 0.6703125 0.01875 0.05859375
6 0.3625 0.6703125 0.02578125 0.059375
23 0.1578125 0.73984375 0.02421875 0.04609375
23 0.11953125 0.74453125 0.01953125 0.03671875
6 0.59375 0.77265625 0.07578125 0.1671875
6 0.48671875 0.83671875 0.1328125 0.1796875
9 0.33359375 0.8734375 0.16328125 0.0984375