6 0.9517464241231173 0.6012845941492108 0.05503449247815269 0.06655230032431163
23 0.9109850318032493 0.6052629821365019 0.018801475785105028 0.05576875892845372
6 0.4075417830568904 0.6074184025944925 0.02830450791755883 0.08716876339268076
6 0.35122358689695643 0.6087803051922803 0.024702134798020657 0.07070796631477982
6 0.5121610868969564 0.6115894797041653 0.020886813011266093 0.07376478246740419
6 0.46137983689695644 0.6107030896882792 0.023807224531463868 0.06678807954530477
6 0.29807585484364507 0.6086342548679686 0.03108852711788863 0.07550456047058134
6 0.24492812279033377 0.6084882045436572 0.028699313011266003 0.07390115016215582
23 0.8915925226320492 0.6807442232080482 0.021145225785105026 0.055809669236879245
6 0.9384220585254266 0.6831249293765584 0.020545832211595894 0.06204603246740401
23 0.9157203444188038 0.6842919630617785 0.020295779625171307 0.05345228246740401
23 0.8696265944188039 0.6834873936627435 0.020295779625171307 0.05345228246740419
23 0.9688226123654925 0.68600051338609 0.023443511678482666 0.05428807954530477
23 0.024958952098935776 0.6734335458600847 0.04544053213245362 0.03202729586008459
6 0.3490724020197935 0.7095751919617553 0.03124765149106814 0.08097331047058134
6 0.29514341996648213 0.7094155048679687 0.036048811757624755 0.08496138108743238
23 0.027106473806548133 0.7070818429379854 0.049233121865896914 0.028189229707460583
6 0.5075524917532368 0.7162497061652149 0.016957830957954733 0.0729153486200282
6 0.40360077764661406 0.7159985158250173 0.03343227711788863 0.07554547077900686
6 0.2434445276466141 0.7132029780826075 0.03814250917119999 0.07640854139585791
6 0.45587633148668 0.7192559293798537 0.028699313011265916 0.07390115016215582
23 0.7916259633817069 0.7853032637931271 0.018020225785105204 0.05575512215897867
6 0.23517973508931922 0.8092012706962812 0.02888116943775678 0.08015115016215582
6 0.39917403892938524 0.814408742286067 0.0391510797043134 0.08423467816533296
6 0.45308028892938523 0.8153496793798537 0.03577602711788863 0.07558638108743239
6 0.5037933427694512 0.8185798193957396 0.025551580957954557 0.07306535308425524
1 0.9123870927694512 0.8257118498312537 0.13252665815498546 0.18034779342445262
6 0.3459808427694512 0.8158251919617554 0.024193669437756783 0.08006932954530477
6 0.2935461645562058 0.818036528406919 0.02876750917119999 0.07624490016215582
23 0.7898301311701109 0.8470220137931271 0.03040656551854859 0.052067060470581336
23 0.786403602798581 0.9110572402541767 0.021767351411925873 0.0503545560063543
6 0.2352586399455996 0.913943317774182 0.03363686559769077 0.08257672077900687
6 0.39927567583897694 0.9183695393639677 0.023298759171200077 0.07614944277582936
6 0.4508154437856656 0.9200508161493289 0.02782713479802066 0.0707625133926804
23 0.034386461732354226 0.9135636680190633 0.018574155251991777 0.04795625892845372
6 0.5015284976257316 0.923280956165215 0.023003242478152684 0.06599319277582935
6 0.2882699796790429 0.9187768680984935 0.033568669437756785 0.08023297077900651
6 0.3444745155724202 0.9213212155007057 0.025483384798020658 0.07072160308425524
23 0.9696048962138057 0.9772413096556832 0.006256011678482665 0.04551738068863358
6 0.8836446641604944 0.9744767968719106 0.02059129631821861 0.051046406256178754
23 0.8531304500538717 0.9765546298671449 0.02040943989172774 0.046890740265710204
23 0.9460082718406262 0.97970294926618 0.02188101167848231 0.04059410146764009
23 0.9233747538939376 0.9802898753011586 0.020963369358614158 0.03942024939768274
6 0.8092213256806924 0.9792943911294714 0.021145225785105026 0.04141121774105727
6 0.7804060038939377 0.9759000649323367 0.025233332211595894 0.0481998701353266
23 0.26638351794668863 0.005431388391032967 0.020357964106622717 0.0019170560063544201
23 0.21714203589337733 0.005353521914097258 0.023528428213245346 0.0035341030842550997
23 0.23970735768013193 0.008873988228877186 0.028397784639736124 0.009865923701106121
23 0.7613323050937073 0.02657710023829074 0.024991639812585474 0.026985239853730268
23 0.7348380012536413 0.02376970007613496 0.022511497492717504 0.022256829545304762
23 0.5696532704539712 0.0326110917168741 0.04403715650563296 0.037468772321134346
23 0.315337843494367 0.04224164163744385 0.049991639812585566 0.027421616476935706
23 0.5968007921615834 0.06669576541798021 0.045554192399010415 0.03593354586008468
23 0.6178801702956866 0.09442134496328498 0.0436734436526514 0.02496877232113435
1 0.9636590539065729 0.48737209861343767 0.047972150237426806 0.09219718262955982
23 0.058630573106902874 0.48329946956119085 0.019491797571859815 0.05265739569792878
6 0.9219118231069029 0.49836809983125363 0.0204321719450391 0.058139782467404186
23 0.05844270500192965 0.5434829931001411 0.01889240399835055 0.05889375892845372