28 0.9943386848771629 0.24717408283601747 0.011322630245674148 0.0797874939498758
23 0.9352401326864495 0.24993092329329292 0.05358565274470948 0.06983123184962743
23 0.9826073945960413 0.3181723840656815 0.03478521080791737 0.06270907825883124
23 0.5248913175636126 0.348307773316734 0.04446906551854859 0.05181248487468952
23 0.9675023663891136 0.392282049756726 0.05326740399835046 0.05889373184962743
23 0.9561162370013694 0.4304905768840891 0.036733121865896834 0.027552828258831142
6 0.710148170624891 0.54075941461089 0.03467652837152997 0.0642533975406721
23 0.6867334026782024 0.5414043092246958 0.015835600158284537 0.06101931323171659
6 0.7922930808914476 0.54514290846257 0.09372491943775678 0.08021928600615773
23 0.5329157323825158 0.624089023316734 0.03812813730530316 0.0486511234383709
23 0.5390269915537157 0.699892999214433 0.036224656505633133 0.03692328307929138
6 0.7735919273553156 0.17087870666717192 0.09481605799670109 0.11771928600615764
23 0.701231194048363 0.1806122549699697 0.04834422327782271 0.0776119155928487