1 0.5765625 0.634375 0.259375 0.10078125
1 0.89375 0.6421875 0.2125 0.11015625
9 0.68515625 0.7921875 0.6296875 0.10703125
9 0.17421875 0.7953125 0.3484375 0.11328125
6 0.67421875 0.9375 0.0421875 0.1140625
1 0.82265625 0.93828125 0.26640625 0.12265625
1 0.5046875 0.04921875 0.3375 0.0984375
1 0.84765625 0.053125 0.3046875 0.10546875
6 0.32109375 0.13671875 0.05234375 0.128125
1 0.13203125 0.19765625 0.2640625 0.3953125
6 0.7640625 0.22578125 0.0859375 0.0453125
1 0.51484375 0.32109375 0.3328125 0.12265625
1 0.8484375 0.325 0.303125 0.13125
6 0.05234375 0.4390625 0.075 0.05
9 0.6875 0.51015625 0.62421875 0.11640625
9 0.184375 0.51328125 0.36875 0.11015625