6 0.6959123705352448 0.6678747734324955 0.011217460990419426 0.03526533800127254
23 0.8390448948455042 0.6664133654519035 0.009944888059640888 0.025881247334499945
6 0.2910987177762827 0.6506567173774526 0.021830734396167804 0.014307948002863568
6 0.8836513879480993 0.6356633521244033 0.01956887155129756 0.015843176002545433
23 0.8381717916115724 0.6234082527848127 0.01623915366347326 0.011900563335454351
6 0.4818365824301753 0.6059725680696786 0.04217753392119796 0.04499487400540882
23 0.8391953810506945 0.6038770027848128 0.020762879353213748 0.008830107336090798
6 0.627558518205824 0.599850932089405 0.008505218792335612 0.028206816000954406
6 0.698979816826343 0.5944281827657226 0.01405585594746519 0.029832950668363622
23 0.8393967769122513 0.5851179121180401 0.019159435775648603 0.008030676002545433
28 0.8834743255327704 0.5793769894573125 0.03785520409301455 0.06680623933799978
23 0.8433815920411136 0.5687480247851309 0.019241322930778536 0.009593176002545256
23 0.4767263585494571 0.5543191614019514 0.007683025214770644 0.02741647533418181
23 0.8451454879026705 0.5500071154519036 0.015253185775648603 0.007985222668681758
6 0.2946917865231897 0.5373481953771343 0.024587242198083902 0.007313060669954297
6 0.09193527872127363 0.5279533720162265 0.020391065128862396 0.016633516669318026
23 0.679186295229617 0.524624212762541 0.016235831637205676 0.02673522266868176
23 0.4774157553155252 0.5113322300684059 0.013438380257724702 0.03294886000159085
6 0.8704663924706552 0.5143423354550853 0.029025758706427495 0.017514764003817972
23 0.6427508282463037 0.5038753607574504 0.01220675090451131 0.02434601933481808
23 0.6279889654014335 0.5021401380887687 0.00936835594746519 0.029778406667727353
23 0.5337786199694179 0.4650844860757237 0.010767081637205678 0.02667158800127254
23 0.5471417571245476 0.46367652741086013 0.0075192509045111326 0.02429147533418181
23 0.5635889507021125 0.4630861814130872 0.0083414444820761 0.025081816000954583
6 0.5800361442796774 0.46249583541531436 0.0083414444820761 0.025081816000954403
6 0.9144520878572422 0.4656053907940397 0.04580050090451095 0.024736918006045272
23 0.637971475012372 0.46082479475649585 0.010808025214770645 0.02745283800127272
6 0.9510823066495778 0.437889470798812 0.00904080732694652 0.023528406667727354
6 0.9720908474681806 0.42484457813490284 0.01388875961093845 0.04154261000159067
23 0.6081511782008753 0.4182645774188143 0.009781113749381376 0.022756247334499945
23 0.5394011782008753 0.4174645987428146 0.014014912369900401 0.02905170066836362
23 0.6442115089335699 0.4163389980903595 0.007683025214770644 0.02741647533418181
23 0.5559712025111347 0.41453050274504183 0.012288638059640889 0.02590851933481808
23 0.5926899525111348 0.4149577640833598 0.0163586623699004 0.029078972668681757
6 0.8953612511316538 0.4122258521244033 0.021585072930778538 0.009620448002863569
6 0.9282556382867835 0.4110451601288577 0.018501016508343328 0.010365335335772486
6 0.8994279534156459 0.39429346479149424 0.011346935775648603 0.00793976933481808
6 0.9347889213034701 0.39079629479626676 0.023846935775648604 0.008085220003181704
23 0.9665711878118136 0.3810036714671757 0.020967597241038048 0.012736357336090798
23 0.7911993735874624 0.3711457714433132 0.02869821008590847 0.011264764003817974
23 0.6093728414752869 0.3651213960852688 0.011548331637205677 0.0266806786680454
23 0.6273415914752869 0.3653304814210414 0.011466444482076099 0.025118178668045398
23 0.8167725836733707 0.36049917278004023 0.007437363749381376 0.022728975334181813
6 0.7247488579836302 0.356301474100859 0.00891797659425162 0.021184656667727265
6 0.7935741010862253 0.32583327144331314 0.023509421076327718 0.04633919800286357
23 0.8367885125516146 0.32164575811581286 0.007560194482076099 0.02507272533418181
23 0.8532357061291794 0.32105541211804 0.008958920171816587 0.021965906667727176
23 0.6165578997067442 0.31751969008590514 0.010108662369900401 0.029006247334499947
6 0.7252744804394389 0.31643954276731356 0.006284299525030157 0.03052329400063636
6 0.7409404240170037 0.31584010610276797 0.008423331637205678 0.026644316000954495
23 0.8690654240170037 0.3173309754534944 0.008917976594251798 0.021184656667727175
6 0.8168035611721335 0.3151594007797221 0.010272436680159914 0.03213124733449994
6 0.6348541983272632 0.3114787754216778 0.01014960594746519 0.029787497334499945
6 0.5755201419048281 0.3100066347469509 0.011834936680159914 0.0321494286680454
23 0.9532290620766446 0.29251333613140307 0.011630218792335256 0.028243178668045398
6 0.9188950056542096 0.2913320967934033 0.007928686680159914 0.032103975334181814
6 0.9362053363869041 0.28918834146240313 0.010354323835289846 0.033693747334499945
6 0.9753497235420339 0.28808037480103926 0.008546162369900401 0.028988066000954583
23 0.08612012720550706 0.26600735534690845 0.031123847241038005 0.012854536004136108
23 0.08459524875680458 0.2503550833465903 0.019200379353213635 0.008811926002545345
6 0.08475570104079673 0.23237724267981757 0.026231629353213638 0.008893742003499839
6 0.553710418928621 0.23392539274345098 0.009122694482076098 0.025090906667727175
6 0.5838892418593996 0.2248958380808145 0.016856629353213748 0.00878465400222712
23 0.5854893634106971 0.2092799287475872 0.016979460085908293 0.01112840400222721
23 0.9720410170741702 0.20205196813331203 0.020967597241038048 0.012736357336090798
23 0.586553896427384 0.18896742874758718 0.01837818577564878 0.00802158533577262
23 0.9722014693581624 0.18407412746653934 0.01841912935321375 0.008802835335772618
6 0.5848619216421546 0.1615873160804963 0.025777927973732594 0.015134651336727112
6 0.9424663817280627 0.15480425079563043 0.01940509724103805 0.012718176002545345
6 0.9762239060383223 0.15207014946685748 0.02088571008590847 0.011173857336090798
23 0.9918489060383223 0.15225196280231196 0.0017638958615570743 0.018759090666772726
23 0.5908186725466658 0.13742311008113264 0.023229460085908295 0.011201129336408933
23 0.9929543826325741 0.13115821280231194 0.001354460085908471 0.010946590666772726
6 0.04320004409796324 0.1154164620066815 0.04156338025772479 0.03327612400540882
6 0.9445135606063066 0.11574175079563043 0.02018634724103805 0.01272726666931807
23 0.941467125735169 0.09929004746176681 0.019817855042954236 0.005696016669318071
6 0.982133069312734 0.09898151213394839 0.024010710085908472 0.01121022000318166
6 0.983074771596726 0.0810127621339484 0.023106629353213747 0.008857379336408932
23 0.9425316587518558 0.07897754746176681 0.013772572930778182 0.009529541335136282
6 0.9785477238807182 0.06298037746653933 0.01841912935321375 0.008802835335772618
23 0.9466393046134127 0.0602639101288577 0.026890048620519025 0.006559082670272565
23 0.9443741197422753 0.043821297461766814 0.024710072930778183 0.009656810669954385
23 0.07517041836279421 0.027453385343726794 0.024051653663473126 0.01199147000318167
6 0.9444936284487024 0.026624706794994096 0.01841912935321375 0.008802835335772618
6 0.9828567656038322 0.025507649466857497 0.018337242198083813 0.0072403353357726186
6 0.07257436284487025 0.0024079320098631825 0.022779080732694634 0.0026073793364089493
6 0.9452306128448702 0.012562206794994096 0.018091580732694724 0.0025528353357726187
9 0.7488968504088567 0.7708061327179976 0.09010925938379585 0.4583877345640047
9 0.3389453182966811 0.7647407125238626 0.07954025158187968 0.4705185749522748
9 0.15308970545181083 0.7618102040101814 0.11099496946970411 0.47637959197963725
9 0.5511963348050244 0.7556436620384982 0.07283322817613147 0.48871267592300355
9 0.9416985040723299 0.7602896233986902 0.06243131671074202 0.47942075320261957
6 0.8904314959317293 0.9836105034611304 0.012575243102595123 0.031377269334818436
6 0.22517498812981335 0.9688340053707709 0.02528328301668683 0.020594310669954298
6 0.2783719092061411 0.923331148710998 0.017719766508343327 0.010356244668999893
6 0.6869623371798736 0.9132327267663591 0.011753049525030156 0.030586928668045486
6 0.48626297433500343 0.9093339254057693 0.010644250904511132 0.02432783800127254
6 0.8882349101106521 0.9061940281269487 0.012657130257724702 0.032939769334818084
6 0.4260181931273389 0.8804907627307245 0.020885710085908293 0.011173857336090975
6 0.22618196743759844 0.8750385520369074 0.018337242198083813 0.007240335335772485
6 0.4303548903229485 0.7828254220639517 0.016856629353213748 0.0087846540022273
1 0.8567879155377192 0.7604269947883125 0.044316566033373306 0.04111589600572714
6 0.6239588054063823 0.6834537727561777 0.016522436680159912 0.03220397266868176
6 0.4968607168717716 0.677284494072224 0.01249335594746519 0.02981476933481808