1 0.89765625 0.0767913624915593 0.2046875 0.1535827249831186
6 0.22166646200668155 0.04505240374318966 0.08552042401336309 0.09010480748637932
23 0.7397624813414996 0.029446020111341138 0.015607366008908663 0.058892040222682275
23 0.6803874813414996 0.030846931298128887 0.017169866008908664 0.061693862596257774
23 0.7530619126750451 0.026677776678529663 0.009984074673772447 0.05278039764263513
23 0.6538704346753632 0.03555798113264045 0.01648861334340861 0.0711159622652809
23 0.7022806626750451 0.03050553107072319 0.014798844008590528 0.06101106214144638
6 0.7687687286759995 0.03298128060747109 0.014753390674726852 0.060029971463952725
6 0.13363975067631775 0.06490790839600212 0.030805104670590742 0.030325354838564224
6 0.13476644601368118 0.0945590210924492 0.030932374005408825 0.04126285483856422
23 0.745259050684272 0.09504678701761188 0.014789753341817757 0.0631549714639527
6 0.26089314135104463 0.11838816522042768 0.017787484006999678 0.05236302067816441
6 0.7812238226845901 0.09571672105417715 0.013990322008272393 0.061556084160399774
23 0.6937510946849083 0.10213584905210518 0.017169866008908664 0.06638913337461153
23 0.7593760946849082 0.09907931555365916 0.015543731341499622 0.060847608767505654
1 0.3735204106858628 0.13529318300310797 0.22204082137172554 0.27058636600621594
6 0.13520279801877186 0.13205902109244919 0.03154999200349984 0.027236742142117177
6 0.1362840400222717 0.15780388378889626 0.030105670671545237 0.037320217535011316
23 0.7734118700270443 0.16330448139325937 0.023773854670590743 0.02999786910658786
23 0.26245618869349874 0.18553927791687475 0.017832937340863265 0.05626927067816441
6 0.8785357220321348 0.19592858271716693 0.013990322008272216 0.061556084160399746
6 0.9824874253659985 0.19499532134462744 0.016224984006999676 0.052290246071058546
6 0.9239300380330893 0.20084936911109708 0.017069868674408895 0.05779538337461147
6 0.9059521973663166 0.2009050270928144 0.01329997867599957 0.06933219685684691
6 0.9544533320337258 0.20411776427253284 0.021021572008272215 0.06188356989237613
23 0.2615027633672712 0.2379558025239806 0.02014032467377245 0.0532534325888232
6 0.17831809337204368 0.2770054940041439 0.08329540002386251 0.17956552956950453
6 0.8124481927116343 0.2935891408227188 0.012482366008908485 0.06617080955329388
6 0.7155641020448615 0.29731991646328193 0.016361344008590527 0.06400899607105855
23 0.7500481900461342 0.30509387510695307 0.031659080004772557 0.036611742142117175
23 0.2591873800524976 0.37485648904174523 0.019486344008590527 0.06415454528527027
6 0.8514657867202249 0.35508741294862534 0.030759651336727246 0.026419104838564245
6 0.07417658072086114 0.3959802799837894 0.013881234006999676 0.05218108416039975
23 0.08671294338795203 0.3985230831269425 0.020203959341181445 0.0587221825888232
6 0.40871521272277017 0.39446901406313584 0.09168006468808994 0.16199703990858688
28 0.2126850973901792 0.409070977254921 0.0565323580124085 0.09398974855225788
23 0.15331918805695194 0.4126176623249435 0.0163522533418178 0.06322774607105863
6 0.8503123667249973 0.3903164375557312 0.024627830004772377 0.03628425641014079
1 0.3161282707272245 0.4316116031859344 0.09273403469127164 0.1854709272121397
23 0.26146804272754265 0.4365024644346394 0.013863052673454224 0.05061858416039975
23 0.15242939739813338 0.47050293693204936 0.01631589067472694 0.06010274607105863
28 0.09016575473422417 0.49372642121628374 0.03602895401018134 0.07663742865988184
1 0.764584499403224 0.4795116782501062 0.1525999306969986 0.23042386228216233
23 0.8803185874044968 0.4835013573242728 0.026163058004454242 0.034013281017246655
23 0.9071538074076784 0.5057016890034732 0.03162271733768165 0.03348674214211709
6 0.8581259614099055 0.5244003391273078 0.018523280673136 0.04849315798171734
23 0.5081714147437693 0.5446081011190198 0.03006021733768165 0.033413967535011226
6 0.6683731180776328 0.5410549538906694 0.026026698002863568 0.022294531017246655
6 0.8457441400779508 0.5351387859841547 0.014135772676635839 0.07405608416039974
23 0.282790154081769 0.5894990318458161 0.023764764003817974 0.029216619106587773
23 0.48675094808240527 0.5846894456185018 0.013863052673454135 0.05061858416039975
23 0.47428731074949615 0.5883966424753486 0.012373278007635945 0.056795809553294066
28 0.5330719647517232 0.602073844708879 0.042088050007954084 0.060522277088305286
23 0.28012877808717784 0.6294883310600279 0.024636920671545236 0.037065506410140614
23 0.22153502808717782 0.6322173788264975 0.029324420671545236 0.037283830231458384
23 0.19342820942072325 0.635089821754403 0.02937896467218155 0.04197133023145838
6 0.809125934754905 0.6126666265546952 0.034911349339590815 0.047694791356328814
23 0.4811100227561777 0.6373242940469253 0.023637494668999892 0.01827911910658777
28 0.572570816756814 0.6377544795312324 0.038863052673454135 0.05178297787409356
6 0.6882321794239049 0.6354941586053992 0.01720622867599957 0.06951413337461147
23 0.37972024542485944 0.656898393508806 0.014671574673772359 0.05299872146395259
23 0.7062645640913139 0.6401260006236817 0.013072712006681541 0.049800946856846905
23 0.7219077454248595 0.6409607545526231 0.014680665340545218 0.05377997146395277
23 0.4461174047580867 0.653024222706807 0.016161349339590635 0.046821496071058635
23 0.42815774542485946 0.6546423806885244 0.016951690006363408 0.047639133374611474
23 0.3508139954248594 0.6582447237402643 0.016170440006363317 0.04760274607105863
23 0.33597933609163216 0.65971733250777 0.022511346674090583 0.055706344499482086
23 0.22195319875872305 0.6681548788264975 0.035519876670908876 0.03288742865988183
23 0.45867194875872297 0.6571295258499601 0.020803396005727136 0.043133569892376225
6 0.3649492207590412 0.6638397522763115 0.013127256007317812 0.05448844685684691
23 0.6024855834261321 0.6559030119962213 0.019440890674726853 0.060248295285270356
28 0.28454410542645026 0.6730563945422633 0.04110680533895428 0.04329838978475227
23 0.4806560367599957 0.6654856813504781 0.02770737667090888 0.03252355562435252
23 0.5385048994270866 0.6659180208875614 0.02615396733768165 0.03323203101724666
6 0.7675929627625411 0.6708815409465533 0.01649770401018138 0.07572774607105863
6 0.7371242127625411 0.6723006457851175 0.020413044676953974 0.0766909325888232
6 0.7543480754296319 0.674625125106953 0.014798844008590528 0.06393622146395259
28 0.1857071634309046 0.7104900820934852 0.03398519601368122 0.10230951674922295
6 0.43572534476445013 0.700408644956548 0.02146646733768165 0.03301370719592907
23 0.5396588667647683 0.6979128835840085 0.022238626670908878 0.032268844499482086
23 0.49590886676476825 0.6999505725829724 0.025290901336727244 0.026164393713693813
23 0.5693827294318592 0.6996551660489972 0.025281810669954295 0.025383143713693813
6 0.46548557009863184 0.7052759274215367 0.024446016669318026 0.02065925641014079
23 0.5951821607654045 0.7000168850317505 0.030023854670590565 0.030288967535011223
6 0.5171117047660408 0.7083431153870434 0.012427822008272393 0.06148330955329406
6 0.24371056743313177 0.7242036716305684 0.013136346674090582 0.055269696856846906
6 0.2585543174331318 0.7235123128630627 0.016279528007636036 0.056977746071058634
23 0.21404124876667724 0.7271488891655797 0.01786930000795417 0.059394270678164315
23 0.3531037487666772 0.7206719491331585 0.013826690006363407 0.04749358416039975
6 0.22969352076699537 0.7287648930945212 0.015507368674408717 0.05772260876750579
6 0.30939920210054084 0.7266158881321225 0.01703350600731781 0.05467038337461148
6 0.3953276114337681 0.7218320347413003 0.01623407467377236 0.053071496071058634
6 0.6172117021005408 0.7122792905322685 0.016334072008272395 0.06166524607105863
23 0.3398588614337681 0.7244155332935582 0.01311816534054513 0.053707196856846905
6 0.32267136143376807 0.7252160539717226 0.01155566534054513 0.05363442224974104
23 0.38050204276731353 0.7240858935088059 0.014717028007636034 0.05690497146395259
6 0.36801113343408626 0.7254493403656528 0.013944868674408717 0.057649834160399746
23 0.6336543147676317 0.714640157157657 0.015480096674090582 0.05537885876750579
23 0.49548215276890434 0.7304557098865254 0.026144876670909055 0.032450781017246653
6 0.5400406747692226 0.7307253835840084 0.03239487667090888 0.032741879445670106
6 0.43691567476922255 0.735528507652995 0.024491470003181703 0.02456550641014079
6 0.569746356102768 0.7309051660489972 0.02531817333704538 0.028508143713693812
6 0.46664862810308616 0.7380520401179839 0.02849771733768165 0.033341192927905536
23 0.5978804467695407 0.7303764731210918 0.022992604670590742 0.02996148180303493
6 0.6930844061107222 0.7837861093911874 0.047584072008272395 0.06312073821317554