6 0.16854914019452785 0.8373935100679862 0.017172537427387446 0.05034549211621524
6 0.31149861951636343 0.8235518284565975 0.04324273180303493 0.02363817496187508
6 0.48415056141081153 0.7604556824644101 0.01849959698068133 0.06208242591180557
6 0.5077442650920839 0.6470659829012504 0.043388281017246656 0.02676317496187508
6 0.7014749944139196 0.6344062480032298 0.04286174214211709 0.03221374116628475
6 0.6649980312221344 0.43767606515757 0.0345034325888232 0.020313153210381962
6 0.2776563889561828 0.3482790715227433 0.03862800641014079 0.025091572188333355
23 0.4578511571531479 0.3298414620996879 0.01624573821317572 0.04720230832062509
6 0.9704174696019259 0.24266038478045218 0.014319365177646403 0.039353440729444425
6 0.8782299696019258 0.24051469690079932 0.016172963606069856 0.045639808320625086
6 0.6921833076912671 0.23384320355031307 0.012065506410140791 0.024473323138263937
6 0.8960531703877141 0.23780792419937571 0.012174668320799498 0.026817073138263935
6 0.9327355330841612 0.2378813125921188 0.010648555624352695 0.02756195554708336