23 0.6878663421742187 0.4264767006099994 0.026651079704313397 0.08415744766329869
23 0.7292953242275301 0.42629420944371466 0.01736700791755883 0.08706424211621525
6 0.7376737770513817 0.5261669228745827 0.02977006802583091 0.030360300436840328
6 0.8995289193712498 0.5270903771873952 0.01670777837152997 0.06440799211621524
6 0.7375661284633075 0.5762032904657632 0.03693771034569906 0.03521145459715278
6 0.7420095875553653 0.6214430552834022 0.02684965650563296 0.03731881525447918
6 0.08773126451496938 0.6507435759880555 0.027037524610606222 0.09743869766329868
6 0.7437599556603385 0.6815993052834022 0.025287156505633134 0.03728244766329851
1 0.5704133838735839 0.688761107904444 0.15862982007089493 0.3269106049577431
23 0.10585679037921683 0.7363174000762499 0.03803720909205777 0.04616713839274311
6 0.7451238788590189 0.7284743052834022 0.026531407759274116 0.026381315254479176
23 0.3061666789381612 0.7691805322007289 0.023435151491068052 0.08095971248093754
23 0.11367530205769934 0.7900781797115277 0.03740071159934022 0.024292138392743114
6 0.7459111405375014 0.7823987390789924 0.02691785266556703 0.03966256525447918
9 0.9341197334715549 0.7786704077726034 0.13176053305689023 0.40305487765916687
6 0.7035394356020788 0.8576539654276383 0.03227294239901042 0.035883601823611146
23 0.45185491514810766 0.8861835814032982 0.037096834718878216 0.04068020459715278
6 0.1604941292547303 0.8945286371584722 0.0304065655185485 0.05223530043684051
6 0.1128378792547303 0.8956378486894792 0.031943984956305196 0.1319046166412498
23 0.3616534639736087 0.9297173354873609 0.011079903998350548 0.058811955547083274
23 0.3915228204000994 0.9352763512549302 0.01592652837152997 0.06438980832062527
23 0.4473325511997695 0.9457040517680205 0.03193196159934022 0.024164851823611146
23 0.10373331538553447 0.9857543556233332 0.016352425705962893 0.02536367591180557
23 0.5386402658351177 0.1610179676118398 0.03431281551854859 0.05232621941479172
23 0.7156801389546558 0.1733146798084369 0.03002613229073816 0.09282393284565975
23 0.6862881556477032 0.1841619140408675 0.016858542557294954 0.096421058320625
23 0.5311520262599588 0.22607992315892317 0.029193406505633134 0.037373366641249996
23 0.47347591857982696 0.23211302403260375 0.03962244114536908 0.0469847559839236
6 0.7244139444440745 0.31226807703489523 0.016676686130804086 0.09017105832062508
23 0.5424736226573197 0.3196299014074301 0.018216454077492727 0.08942617591180557
23 0.4669196931904331 0.3292062295796871 0.022403848904643198 0.07234777868534721
23 0.5185503893503671 0.33034984907072873 0.01754886434404952 0.09331424211621524
23 0.4928146034569899 0.33251241432520795 0.02109140149106814 0.08090516109416672