1 0.36171875 0.3890625 0.040625 0.07734375
6 0.40078125 0.39609375 0.02265625 0.06328125
23 0.265625 0.440625 0.01875 0.0671875
23 0.325 0.475 0.025 0.05078125
23 0.11796875 0.75234375 0.028125 0.02578125
23 0.11640625 0.84609375 0.0296875 0.028125
23 0.11875 0.9328125 0.0328125 0.0296875
1 0.2578125 0.803125 0.234375 0.39375
23 0.1453125 0.2453125 0.01484375 0.0546875
23 0.22578125 0.25078125 0.02265625 0.05859375
23 0.29375 0.25078125 0.01640625 0.05859375
23 0.25078125 0.25703125 0.0140625 0.07109375
6 0.39375 0.3015625 0.03359375 0.096875
23 0.27109375 0.3234375 0.0140625 0.0609375
23 0.1734375 0.3234375 0.0171875 0.0609375
23 0.3125 0.3296875 0.0125 0.05859375
23 0.20234375 0.33359375 0.0140625 0.05234375