1 0.528073095320474 0.7097025356261752 0.15219766508343396 0.10754719764227297
6 0.3963904053609538 0.6080379234591661 0.05574206693788471 0.0669765943725121
6 0.6440433333346864 0.6032535588578799 0.057266945386587234 0.051447094866803766
6 0.4011055608334493 0.5479453404553605 0.04456222749876275 0.04703150889724857
23 0.5123706094539683 0.5462156971851623 0.026180719696846565 0.053298754942915846
6 0.6461281337642278 0.5485342253597827 0.05142970318850324 0.044193010380123354
23 0.5469093837642278 0.5444913711014389 0.015243219696846565 0.05285308596955503
23 0.5296809401866629 0.5445722841433005 0.013312227498762753 0.045758168973360824
6 0.46894815807448725 0.5381830212917194 0.016519114653892508 0.04744800296574958
6 0.5814891016520521 0.5419857950177155 0.016641945386587233 0.04979175296574958
23 0.48629943238474677 0.5357583582498575 0.02289194538658723 0.050046420950527096
6 0.6466128126424715 0.5094080583635884 0.04098684814554918 0.03831042490485981
6 0.4554455800553261 0.467170184333581 0.015287485300678938 0.0388224194676523
6 0.4355425158309748 0.4585300133830539 0.014175364653892686 0.047352502471457926
6 0.42012223371879925 0.45398709342111 0.012449090343633173 0.04416383547526355
6 0.44840104195025665 0.40738134885831745 0.03703633254171699 0.05218192391627667
23 0.6703136635015541 0.4007652288198239 0.023956478403274063 0.07035892095052709
6 0.6432155749669434 0.394963556386422 0.02436923620519007 0.06335950444862419
6 0.4540202781554467 0.344976849352609 0.04230036465389251 0.048498508402957
1 0.39854488410291206 0.31296550399151374 0.05244332654882315 0.1081600098858317
6 0.6596461584131715 0.3204728923559771 0.05237472749876275 0.04734984387822054
6 0.4590596602221938 0.26375868285070625 0.022769114653892687 0.04770267095052709
6 0.6606221602221938 0.27197172535978276 0.04752345318850324 0.04403384288963732
6 0.5063817175491401 0.24219935923844077 0.05257944538658723 0.05125609387822054
6 0.6027620725920941 0.24064612950439584 0.041355340343633175 0.04534167490485981
6 0.46430708220303263 0.19350984984690062 0.02851782564431211 0.08301808844101308
6 0.6747056716421544 0.1825099773369491 0.026835816937884616 0.06579875494291584
23 0.5201819459524141 0.17308194471370433 0.030329309135968607 0.07295733893530461
23 0.556941639529979 0.17379686912427253 0.027286196291098363 0.07439250494291585
23 0.628035389529979 0.17669371745111734 0.024287349050060313 0.06179700444862428
1 0.44400230551792397 0.04314509391540157 0.06902663896415202 0.052705847338261634