23 0.0453125 0.5296875 0.040625 0.109375
23 0.01015625 0.5296875 0.0203125 0.12421875
6 0.35546875 0.6828125 0.13125 0.178125
23 0.88671875 0.71015625 0.03359375 0.109375
23 0.6953125 0.7109375 0.0421875 0.09140625
23 0.81015625 0.71484375 0.03828125 0.1078125
23 0.73515625 0.71484375 0.04765625 0.11328125
23 0.84921875 0.7171875 0.034375 0.103125
23 0.77265625 0.721875 0.0390625 0.12109375
6 0.96640625 0.74375 0.06640625 0.1859375
6 0.00078125 0.75625 0.0015625 0.20625
6 0.496875 0.76328125 0.1171875 0.15703125
6 0.27421875 0.8109375 0.11015625 0.140625
6 0.6296875 0.8171875 0.12890625 0.18359375
23 0.35625 0.81953125 0.07578125 0.059375
23 0.35390625 0.87109375 0.075 0.059375
23 0.6125 0.95390625 0.0734375 0.05703125
6 0.2625 0.9375 0.10390625 0.12421875
6 0.00859375 0.93203125 0.0171875 0.1359375
23 0.61875 0.98828125 0.08125 0.0234375
23 0.93515625 0.003125 0.06875 0.00625
23 0.86015625 0.00625 0.07109375 0.01171875
6 0.33515625 0.01484375 0.03359375 0.0296875
1 0.37421875 0.0328125 0.05625 0.065625
28 0.4109375 0.0984375 0.0375 0.05546875
28 0.47265625 0.10390625 0.0421875 0.0609375
1 0.47421875 0.44296875 0.03671875 0.07421875
1 0.99765625 0.4484375 0.00390625 0.075
1 0.3734375 0.4484375 0.03359375 0.08125