6 0.9421875 0.63125 0.021875 0.0234375
1 0.88359375 0.78984375 0.2328125 0.28828125
6 0.75390625 0.84765625 0.0140625 0.03984375
28 0.6796875 0.87890625 0.046875 0.04453125
6 0.73515625 0.92734375 0.028125 0.01796875
6 0.89375 0.95 0.028125 0.0265625
1 0.3171875 0.0078125 0.06953125 0.015625
23 0.19375 0.00234375 0.02265625 0.0046875
6 0.3609375 0.01640625 0.01328125 0.03203125
23 0.19375 0.0328125 0.028125 0.01875
23 0.19375 0.0671875 0.02421875 0.02890625
6 0.7578125 0.08984375 0.0203125 0.03828125
23 0.19296875 0.1 0.02734375 0.01796875
23 0.190625 0.13359375 0.02734375 0.02109375
6 0.9265625 0.153125 0.02734375 0.0234375
1 0.31484375 0.1671875 0.07109375 0.10703125
23 0.1921875 0.16875 0.0296875 0.0203125
6 0.36640625 0.2015625 0.0171875 0.0515625
23 0.1921875 0.20390625 0.028125 0.01640625
23 0.19375 0.24140625 0.021875 0.0328125
23 0.19296875 0.27265625 0.0234375 0.021875
23 0.1953125 0.3046875 0.025 0.0203125
1 0.8890625 0.31015625 0.221875 0.27890625
1 0.3125 0.32734375 0.08125 0.09375
23 0.196875 0.340625 0.02265625 0.021875
6 0.753125 0.3703125 0.01328125 0.03828125
23 0.19453125 0.37578125 0.02578125 0.015625
23 0.16875 0.4078125 0.04453125 0.0359375
23 0.165625 0.4609375 0.04375 0.040625
6 0.8375 0.47265625 0.0296875 0.02109375