9 0.81328125 0.5 0.15390625 1
23 0.3765625 0.63515625 0.01171875 0.03671875
23 0.2921875 0.6375 0.0125 0.040625
23 0.2609375 0.64140625 0.01015625 0.03984375
6 0.71796875 0.64453125 0.02421875 0.0703125
23 0.2765625 0.68984375 0.01328125 0.04375
23 0.30859375 0.68984375 0.01328125 0.040625
23 0.29140625 0.68984375 0.0109375 0.04375
23 0.2609375 0.6921875 0.01640625 0.04765625
9 0.9703125 0.61875 0.059375 0.759375
6 0.7140625 0.85859375 0.0109375 0.0375
23 0.58046875 0.859375 0.0125 0.0359375
23 0.53046875 0.86171875 0.01171875 0.03984375
23 0.54375 0.86015625 0.01328125 0.034375
6 0.6765625 0.86171875 0.0109375 0.03984375
6 0.69921875 0.86015625 0.01328125 0.0375
6 0.66484375 0.8625 0.01171875 0.0296875
23 0.565625 0.8625 0.0125 0.03828125
23 0.7140625 0.91015625 0.01328125 0.0375
23 0.5796875 0.91015625 0.0125 0.04296875
23 0.70078125 0.9109375 0.0140625 0.03828125
23 0.52890625 0.91171875 0.0125 0.03828125
23 0.5671875 0.9125 0.0125 0.0359375
23 0.6375 0.91171875 0.0109375 0.03828125
23 0.590625 0.9125 0.01171875 0.0421875
23 0.62265625 0.91328125 0.0125 0.0375
23 0.67734375 0.91171875 0.01171875 0.034375
23 0.53984375 0.9125 0.01171875 0.0359375
23 0.5171875 0.9140625 0.0140625 0.03984375
23 0.6640625 0.91328125 0.01328125 0.0375
23 0.51015625 0.98046875 0.03046875 0.01875
23 0.70390625 0.99375 0.02890625 0.01171875
23 0.509375 0.9953125 0.03515625 0.009375
1 0.61015625 0.9796875 0.16328125 0.040625
28 0.59140625 0.01875 0.0734375 0.0375
23 0.48984375 0.00703125 0.02734375 0.01328125
6 0.43828125 0.0203125 0.02265625 0.040625
6 0.65859375 0.01640625 0.05078125 0.0328125
6 0.48984375 0.04921875 0.03203125 0.0140625
6 0.5265625 0.0859375 0.03046875 0.0171875
1 0.6140625 0.1453125 0.084375 0.0796875
6 0.5265625 0.15234375 0.028125 0.01484375
6 0.5265625 0.17421875 0.0265625 0.01953125
23 0.6265625 0.2171875 0.0140625 0.04296875
6 0.6421875 0.21875 0.0125 0.03828125
6 0.5953125 0.21875 0.01015625 0.04296875
23 0.61171875 0.2203125 0.01328125 0.03671875
23 0.5265625 0.22578125 0.0296875 0.01640625
6 0.5609375 0.246875 0.02734375 0.01640625
23 0.528125 0.24609375 0.03203125 0.01796875
6 0.5265625 0.2671875 0.0296875 0.01796875
6 0.5609375 0.2671875 0.03125 0.02109375
6 0.68125 0.28203125 0.08984375 0.12109375
6 0.72890625 0.321875 0.028125 0.01640625
23 0.5265625 0.325 0.02578125 0.0109375
23 0.52578125 0.34921875 0.03125 0.021875
6 0.5609375 0.3484375 0.03359375 0.02421875
28 0.67734375 0.4421875 0.08515625 0.13046875