6 0.13084919719152693 0.9897295996306577 0.03949891109416668 0.01897725897699054
6 0.8287418365342006 0.9755145043016082 0.04544043977951375 0.03932157523376887
23 0.06954867449010335 0.9721199188143025 0.060647865691319504 0.05503293364502539
9 0.9521442753637839 0.9091804562933982 0.055907120725312606 0.11984032220870695
6 0.0721307734639229 0.8611824188143025 0.035012739266423676 0.0947221475406721
23 0.03788306003305484 0.8559136567140542 0.05181903276940982 0.11200509631100815
6 0.06706467980843692 0.7096699157892404 0.04320709897381954 0.11117384933607007
23 0.556399936742291 0.6951058833973202 0.0980023953265972 0.04900110226293641
23 0.7329988043334715 0.6925161728213233 0.11235583605604163 0.06158291549465282
6 0.4701728024336106 0.6409274435057787 0.11104725598392359 0.038922120315113065
9 0.9657035079806938 0.6286707996775398 0.042135561454757206 0.13225850897699054
6 0.10685649126319396 0.5774250423508694 0.042716789703264 0.1236693041565303
23 0.07464405651767314 0.5518346898915414 0.04166278276940982 0.11194600897699054
6 0.07373878600045106 0.3893619609687803 0.05125598831649316 0.12137555113146821
9 0.9637832109623261 0.3420020466524778 0.05932306145475721 0.13235850292686618
6 0.17175936512263862 0.3395796087058439 0.04475141517822925 0.11040168969514977
1 0.45642530585208296 0.32542516335335353 0.4030789403481947 0.4366612253085239
6 0.692164090521354 0.2654678594914109 0.042025805470833434 0.0939818041565303
9 0.9787776570101041 0.06695204967753987 0.041626415178229334 0.11038350897699045
6 0.49195045744694443 0.04088199171038061 0.11273704255305557 0.044399960674192676