6 0.04066136266709089 0.0023062856700591045 0.011010225334181778 0.004612571340118209
6 0.026580681333545443 0.001089465053811927 0.012536362667090883 0.002178930107623854
23 0.00800340400222717 0.016369862696447073 0.01288180800445434 0.032739725392894145
6 0.1080579480028635 0.01859694055027726 0.01845055533895428 0.03719388110055452
6 0.2193045306731361 0.03746780500517997 0.043377830004772557 0.03715755169541109
6 0.26477157200827234 0.0486385913991101 0.04419544267186337 0.040318938998964014
6 0.007831228675999571 0.06842251426802363 0.011501121339908788 0.048946922249740996
23 0.03363066000954502 0.068784233250777 0.01855964334022695 0.05161815798171736
6 0.35800395134468127 0.06696475227631157 0.034793170671545234 0.03753854135632886
6 0.39795678934595397 0.07448399979511222 0.04182442067154533 0.03786602708830522
6 0.14494087734722663 0.09564848614626112 0.027289753341817758 0.06373716832079959
23 0.4293976933481812 0.08943475765299506 0.014726118674408716 0.057686221463952726
23 0.45830394334818114 0.0880884274215367 0.0124641846753633 0.06460830955329393
6 0.44425962468172653 0.09030589888548943 0.010865322008272216 0.06141053494618807
6 0.03198689135104464 0.12904964516143577 0.015652819342772295 0.07022260876750566
6 0.009339732017817362 0.13088612696447072 0.011482940006363346 0.047384422249741
6 0.40160904801877184 0.11965095058090051 0.03787271733768165 0.03377784057054054
6 0.1961584793523173 0.13078331141532076 0.02170282467377236 0.053326207195929065
6 0.26883291068586274 0.1289617921848984 0.013154528007635946 0.05683219685684686
6 0.23691074868713544 0.13982867163056847 0.02837044800286357 0.02240369292790545
23 0.7979846086887262 0.12542133767956565 0.028652258672817864 0.04662244292790545
6 0.759712449355499 0.12798556555365917 0.03789089867122701 0.035340340570540585
6 0.2886368806890444 0.15148960959607516 0.0159073580124085 0.09209760876750561
23 0.8253556306890444 0.12649153205521313 0.02862498667249973 0.04427869292790545
23 0.46064824069063526 0.15520315281443084 0.010783506007317811 0.054379284946188065
23 0.43018858135740795 0.15740350765299507 0.014789753341817757 0.06315497146395273
6 0.4458317626909535 0.1582382615819365 0.013254525342135892 0.06542594685684686
23 0.6318965320257716 0.16051558333633947 0.014717028007635946 0.05690497146395268
23 0.6459863040260897 0.16220436187238674 0.016270437340863354 0.056196496071058546
6 0.660039713359317 0.16076814040843404 0.013136346674090405 0.055269696856846864
6 0.6781357326941351 0.17086873242671669 0.018214745345317595 0.0890817706781644
23 0.6964317466979532 0.19815682444499932 0.013999412675045165 0.06233733416039979
6 0.8199147000318167 0.19631388048363657 0.019114174013363083 0.09927440798171734
23 0.6474493540340439 0.2207617245688338 0.015471006007317812 0.054597608767505613
23 0.6318061727004984 0.2199269706398924 0.016215893340226904 0.05150899607105854
6 0.6607669667011348 0.22326814040843407 0.016252256007317813 0.054633996071058635
23 0.6799805907065436 0.2622385951231637 0.010810778007635946 0.05672303494618811
6 0.6956055907065436 0.26151084905210514 0.014008503341817757 0.06311858416039975
6 0.8263288793761798 0.2773091693587661 0.030023854670590565 0.030288967535011223
6 0.2866669427116343 0.3180777961138398 0.028543170671545236 0.03724744292790545
6 0.6477317120464525 0.31220436187238676 0.019050539345953865 0.09380565798171733
23 0.5149919373806342 0.3246402034763846 0.023773854670590743 0.02999786910658786
23 0.6806442093809524 0.31926984512316375 0.013081802673454134 0.05058219685684682
6 0.6970868220480433 0.32163071174855223 0.010029528007635947 0.05668664764263518
23 0.6658368220480433 0.3230862038906694 0.013154528007635946 0.05683219685684691
23 0.5169180640515431 0.35581742886927875 0.02458237667090888 0.03237800641014079
6 0.6575254300604518 0.4149291015333045 0.012427822008272216 0.06148330955329406
6 0.6788555373965426 0.43425914433737545 0.017442586012090366 0.08982663337461147
23 0.8421731500636334 0.42977919789481334 0.021076116008908484 0.06657106989237604
6 0.8753129140674514 0.4563759311455904 0.02444656401177241 0.08781036910658777
23 0.6449168894016333 0.4733601856937043 0.009257368674408717 0.057431510339082156
23 0.6590157520687241 0.47583021422975164 0.009130099339590636 0.046494010339082334
6 0.6972970020687241 0.4740472363556581 0.010828959341181488 0.058285534946188024
6 0.7293464334022696 0.474117856909988 0.012273280673136 0.04820205955329406
23 0.7122043867361332 0.4788246275881525 0.018623278007635947 0.05708690798171734
6 0.839975398074451 0.5096122471090251 0.011682934675363299 0.06457192224974104
23 0.8596066454089509 0.5172963145202019 0.013236344008590351 0.0638634468568469
23 0.6580441454089511 0.5266842388368576 0.016161349339590635 0.046821496071058635
6 0.6745049394095874 0.530607605462246 0.014063047342454204 0.06780608416039975
23 0.6448447114099055 0.5343340729972572 0.016179530673136 0.04838399607105863
6 0.6920197034134054 0.5579320847840815 0.01813292934436319 0.0820505206781645
6 0.7271850440801781 0.5570759061241997 0.009920440006363407 0.04731164764263518
23 0.7123412940801781 0.5577672648917054 0.015389190006363407 0.04756635876750561
6 0.8408390114178598 0.5838309971090251 0.014807934675363298 0.06471747146395276
23 0.7263407067552231 0.6188674307313056 0.015425552673454135 0.05069135876750579
6 0.7130503660884504 0.6187047648917054 0.015480096674090582 0.05537885876750561
1 0.13813163474695084 0.5852931830031081 0.2719724747771767 0.8262886339937839
6 0.28661568276572275 0.7167336199351574 0.02921533267027261 0.027908830231458383
23 0.6429020454328136 0.7032660095150219 0.029633503341817757 0.06384633023145839
23 0.6726259080999044 0.7050082919800106 0.03042384400859035 0.06466396753501122
23 0.7008872681014953 0.7154170990521052 0.01727895401018138 0.07576413337461148
6 0.286907131444904 0.8089575072387103 0.03168635200509069 0.038955492142117264
1 0.7723542827816312 0.8113609917323416 0.11930617270049844 0.25464045822938636