6 0.50390625 0.3578125 0.02734375 0.12890625
6 0.94140625 0.55703125 0.01796875 0.08203125
6 0.20625 0.61875 0.02890625 0.1109375
23 0.9421875 0.6546875 0.01796875 0.08671875
6 0.72421875 0.665625 0.01796875 0.31484375
6 0.70625 0.67265625 0.0140625 0.28125
6 0.74140625 0.6703125 0.0140625 0.32421875
6 0.275 0.703125 0.02734375 0.1359375
6 0.41328125 0.73046875 0.01015625 0.175
6 0.38203125 0.73515625 0.0109375 0.16796875
6 0.6859375 0.8046875 0.01875 0.0859375
6 0.2515625 0.82265625 0.009375 0.16953125
6 0.27578125 0.83984375 0.03359375 0.125
6 0.375 0.94453125 0.0078125 0.1109375
6 0.44921875 0.971875 0.01015625 0.05546875
6 0.03515625 0.98359375 0.0140625 0.0328125
6 0.27421875 0.9921875 0.03125 0.015625