6 0.02487230862522893 0.8984231281341032 0.04974461725045786 0.10080999373179367
6 0.10035542301771502 0.8758374228029691 0.07086246672431687 0.09657713479802084
6 0.918424166967591 0.8348494629859955 0.06461701190385653 0.09717652837152997
6 0.6824957573266704 0.8401520430860202 0.08194086729005097 0.1211141335443795
6 0.2153446187629889 0.8474958109662019 0.06544371369925477 0.10501176042484132
6 0.7927065494811482 0.8275718235691214 0.07961984318774995 0.12495218738444543
6 0.3451593837901036 0.8218472901165195 0.10621415944452864 0.1311938271970309
6 0.6077411970218201 0.800146820203909 0.10618234318774995 0.1257250771970309
6 0.0183887527597759 0.7103464666139051 0.0367775055195518 0.10040081677218975
6 0.6851945522116226 0.6447940789793977 0.07252496067419259 0.11381009890464319
6 0.10321329918656055 0.6531357086963464 0.06641131606038693 0.13706574247815267
6 0.7853399979568966 0.616884376155546 0.04809258723582168 0.0763866552519918
6 0.8931661334955159 0.611403602798581 0.07647666246959091 0.12173625917119998
6 0.20570249493183446 0.6251578097125607 0.06616587636523726 0.09487824247815269
6 0.3471360160090733 0.6163558080632081 0.05532382513557321 0.11096624373179384
6 0.5660723683702055 0.5779595831360327 0.08202722570130731 0.1359578835443795
6 0.6736944917103805 0.4732827918323791 0.060024960674192586 0.11344638605166182
6 0.10211947356000799 0.4383601548562804 0.06618405708339647 0.09800324247815251
6 0.9139836693052817 0.38974155146579753 0.07573177390590899 0.12796352711788864
6 0.21877116325515766 0.3927855789128906 0.09831984621281213 0.1169040066639175
6 0.8055126391528568 0.37180755687607386 0.09539028893302373 0.15040682845067224
6 0.35319161505055574 0.38106316574334004 0.11259142447164328 0.15325068362352168
6 0.5821569523845733 0.36424642412311725 0.08982154498314791 0.1330602040774928