6 0.38203125 0.596875 0.03125 0.21015625
28 0.46171875 0.60234375 0.075 0.23203125
23 0.2578125 0.60390625 0.0296875 0.16953125
23 0.58828125 0.6015625 0.03203125 0.175
23 0.4171875 0.60546875 0.034375 0.18359375
6 0.834375 0.60546875 0.04609375 0.21640625
28 0.5359375 0.60859375 0.06015625 0.18984375
23 0.7125 0.609375 0.02890625 0.1703125
23 0.7484375 0.61484375 0.034375 0.16953125
6 0.61953125 0.6203125 0.02890625 0.1703125
23 0.290625 0.62734375 0.0296875 0.20546875
1 0.9453125 0.66640625 0.109375 0.328125
28 0.4609375 0.82890625 0.0703125 0.19296875
28 0.53359375 0.83359375 0.06796875 0.1703125
23 0.41796875 0.83359375 0.03515625 0.1921875
23 0.2609375 0.8375 0.02890625 0.18828125
6 0.61953125 0.8375 0.0359375 0.1671875
6 0.38515625 0.8375 0.03671875 0.21015625
23 0.71484375 0.8390625 0.0328125 0.18046875
23 0.58671875 0.84296875 0.03203125 0.178125
23 0.290625 0.84375 0.02578125 0.190625
6 0.13984375 0.84453125 0.05390625 0.23515625
23 0.74921875 0.8484375 0.0359375 0.18828125
1 0.05546875 0.8578125 0.1109375 0.284375
23 0.465625 0.99140625 0.0375 0.0171875
23 0.29140625 0.99453125 0.03515625 0.0109375
23 0.4265625 0.99453125 0.03125 0.0109375
6 0.3984375 0.996875 0.040625 0.00625
23 0.2875 0.35390625 0.034375 0.19375
23 0.75 0.3546875 0.03671875 0.184375
23 0.16640625 0.353125 0.0328125 0.18203125
6 0.38359375 0.35859375 0.02578125 0.18203125
23 0.2015625 0.35703125 0.0359375 0.20078125
23 0.5890625 0.3609375 0.034375 0.2078125
23 0.71484375 0.359375 0.02578125 0.17265625
28 0.53984375 0.36328125 0.0640625 0.2015625
23 0.2546875 0.36171875 0.03203125 0.19921875
6 0.61875 0.36328125 0.03359375 0.16875
28 0.46484375 0.36640625 0.07421875 0.23046875
23 0.41484375 0.37265625 0.0328125 0.19921875