6 0.89453125 0.79609375 0.01015625 0.13203125
23 0.8703125 0.796875 0.0078125 0.13359375
23 0.86015625 0.79921875 0.01015625 0.1375
23 0.884375 0.8 0.0078125 0.1390625
23 0.73515625 0.821875 0.01328125 0.05703125
23 0.7609375 0.83984375 0.0109375 0.0609375
23 0.80390625 0.840625 0.01328125 0.06171875
23 0.78359375 0.85703125 0.0109375 0.06328125
23 0.83046875 0.86875 0.0125 0.0703125
23 0.3640625 0.88828125 0.00703125 0.109375
23 0.37109375 0.884375 0.00625 0.1171875
23 0.8296875 0.94609375 0.01640625 0.0671875
6 0.67890625 0.6234375 0.01328125 0.07265625
6 0.10546875 0.6234375 0.0078125 0.1203125
6 0.70078125 0.6265625 0.00859375 0.109375
6 0.33359375 0.62890625 0.00625 0.09921875
6 0.34140625 0.6359375 0.00625 0.12890625
6 0.7078125 0.63984375 0.00625 0.1046875
6 0.6828125 0.7359375 0.01953125 0.10625
23 0.734375 0.746875 0.0125 0.065625
23 0.3734375 0.7640625 0.00546875 0.11484375
23 0.36640625 0.76875 0.0078125 0.10859375
23 0.7953125 0.7734375 0.01015625 0.0703125
23 0.771875 0.77421875 0.0109375 0.071875
23 0.81484375 0.77421875 0.0125 0.05546875
23 0.75234375 0.778125 0.01015625 0.06484375