9 0.61484375 0.07734375 0.7703125 0.1203125
6 0.853125 0.225 0.03203125 0.0703125
1 0.115625 0.29609375 0.1921875 0.5921875
9 0.61484375 0.35859375 0.7703125 0.1390625
23 0.90859375 0.484375 0.02421875 0.059375
23 0.8828125 0.4859375 0.015625 0.059375
23 0.690625 0.48671875 0.025 0.05625
23 0.9375 0.48671875 0.02109375 0.0609375
23 0.82578125 0.4875 0.0140625 0.0578125
23 0.63828125 0.4890625 0.01796875 0.05390625
23 0.74453125 0.4890625 0.02578125 0.05
6 0.44765625 0.490625 0.01953125 0.06328125
23 0.85859375 0.490625 0.01640625 0.06328125
23 0.42109375 0.490625 0.028125 0.06015625
6 0.11953125 0.6296875 0.02265625 0.06328125
9 0.61171875 0.6296875 0.7765625 0.15
23 0.06328125 0.63046875 0.01640625 0.0546875
23 0.0359375 0.63046875 0.021875 0.05625
23 0.090625 0.6328125 0.02109375 0.05625
23 0.76953125 0.78515625 0.02578125 0.071875
23 0.27578125 0.78671875 0.034375 0.06171875
23 0.36171875 0.7859375 0.02421875 0.06953125
23 0.52890625 0.7859375 0.0203125 0.0546875
6 0.5015625 0.78671875 0.0234375 0.07421875
23 0.475 0.78671875 0.01875 0.06484375
6 0.39296875 0.78984375 0.02265625 0.0671875
9 0.61796875 0.9046875 0.7640625 0.115625