6 0.934375 0.0171875 0.0375 0.01796875
6 0.753125 0.2015625 0.0796875 0.09453125
6 0.32109375 0.2046875 0.11796875 0.09375
6 0.5390625 0.20546875 0.10703125 0.103125
6 0.4359375 0.20859375 0.10078125 0.09609375
6 0.65859375 0.209375 0.09140625 0.11015625
6 0.853125 0.2125 0.0953125 0.0953125
6 0.95703125 0.21796875 0.0859375 0.09765625
1 0.04140625 0.23984375 0.0765625 0.08203125
1 0.5703125 0.3296875 0.09375 0.0875
1 0.66484375 0.384375 0.1171875 0.090625
23 0.0203125 0.384375 0.03984375 0.02421875
6 0.25546875 0.45 0.00625 0.03125
6 0.21640625 0.4515625 0.01640625 0.034375
6 0.24453125 0.45234375 0.0140625 0.03359375
6 0.271875 0.4546875 0.0109375 0.04296875
6 0.2296875 0.4546875 0.01015625 0.03359375
6 0.99609375 0.4546875 0.0078125 0.015625
6 0.7421875 0.50546875 0.0859375 0.0640625
23 0.34140625 0.51875 0.04453125 0.015625
23 0.1609375 0.6625 0.02265625 0.015625
23 0.44453125 0.67109375 0.040625 0.02109375
23 0.0265625 0.67734375 0.025 0.01640625