23 0.6786965279965866 0.9917387965962774 0.04506308400953163 0.01652240680744512
6 0.5132839878185449 0.9155904382879136 0.017193228489644597 0.09048041996194414
6 0.4812118275101193 0.9119415148659286 0.021031294642268605 0.08673333745242999
23 0.29272602596799174 0.8925508918245043 0.019963672483290118 0.07029525395433253
6 0.32392147889009104 0.8906992317483923 0.0208403798696164 0.07579583745242999
23 0.37389420535114076 0.8911740756266129 0.015934691558013546 0.06310483646384668
23 0.3473453421206159 0.8908729866913081 0.01620742694751698 0.07872983646384668
23 0.4026777244258642 0.885320665056209 0.01801538879807012 0.09285600346004089
6 0.26350613027006287 0.8734043023949083 0.015467087255942502 0.08104175296574959
23 0.017969713468815568 0.7611285009885831 0.01090231818121904 0.08788200197716627
23 0.04435493546563836 0.7520545899238879 0.018619360794892858 0.08273158695813834
23 0.06849186484878733 0.7483539283649009 0.01615287986961631 0.07560483646384668
23 0.45510152069298593 0.7578615099230127 0.013768219561190875 0.07316558596955502
23 0.48473447361508526 0.7559461828507062 0.008903441558013547 0.06281833498097207
23 0.5073225397677095 0.7529631042955249 0.009957426947516978 0.07847516847906917
23 0.5346662897677095 0.7540772767289268 0.01698867694751698 0.07876166996194378
1 0.358448663144504 0.7219147396570577 0.081715424511885 0.1641526833078167
6 0.47046169358331313 0.6538743468811511 0.03560626339268076 0.027213757414373773
23 0.536517341716874 0.5917682777175098 0.0138091298696164 0.07550933596955503
23 0.5122031343305479 0.5853126892764969 0.02573243141174384 0.08770558844101295
23 0.5645468843305479 0.587445533649009 0.018701181411743838 0.08741908695813834
6 0.2668906343305479 0.5753169708739774 0.019196059252765352 0.07104467045623544
23 0.5910957475610727 0.5877466225843136 0.018305715096963836 0.06476283695813834
23 0.619152563713697 0.5849863785158127 0.01794720495069413 0.08894975346004105
23 0.7123570929346901 0.5575563982874762 0.015934691558013546 0.06310483646384668
6 0.865189992286067 0.45760943091072087 0.05569662094116268 0.060040844866803764
6 0.41097009658813805 0.4211454185162502 0.042074451704283436 0.03996842539915128
6 0.3593803230491877 0.4174819076418353 0.028066498782184014 0.042520422433401886
6 0.8469836887153445 0.3538159274506798 0.022648341720169184 0.08992200444862428
23 0.8996041282447631 0.3270743553212891 0.03653751785690744 0.035839340912471054
23 0.6558893100635441 0.22970597091115846 0.01952334172016936 0.08979467045623553
1 0.6001750982129911 0.21338329254625754 0.025977893262296804 0.10176808844101304