9 0.7293128892159253 0.7805359703785604 0.49706849527549474 0.3272320706135556
9 0.22973272092220293 0.7840811250016476 0.45946544184440585 0.3373064999967047
1 0.027202354064441808 0.49861873214309255 0.054404708128883615 0.20040514894433983
6 0.07989825409153323 0.4397425641240293 0.01402778366526396 0.04396818831160267
6 0.2861185161572508 0.25812655113838573 0.014218756623422025 0.049436938311602674
6 0.4342112757758977 0.24304920170757863 0.02052332032575279 0.0511085324674041
6 0.41626980762706306 0.24258159740550753 0.02130457032575279 0.05112216923687925
6 0.25689480762706307 0.2453634983784422 0.022594251814098597 0.043336942775829626
6 0.42817209610165047 0.19240431940233033 0.029588296279135663 0.020035810470581294
6 0.05091019165514674 0.19664712905883744 0.029779269237293703 0.025504560470581295
1 0.3568972968272899 0.17647140219404595 0.08549604509800934 0.10065061079489283
6 0.46234868865992185 0.15276907508437318 0.02173115626060227 0.04097955600635439
6 0.2654290486413884 0.13512542776159117 0.021086315516429366 0.04487216923687924
1 0.1620039482785687 0.14734897909937636 0.14002732159169723 0.2946979581987527
6 0.36937250417635126 0.10988787419086873 0.033876492195451656 0.031041494317957153
6 0.41457836597191633 0.045075351869734395 0.018742565516429367 0.04483125892845374
6 0.02109375 0.0484375 0.0421875 0.096875
1 0.33705356669755576 0.03249707995234185 0.06964286660488846 0.0649941599046837
6 0.28851686297669143 0.01318060907157578 0.01906002404661713 0.02636121814315156
6 0.42014880889300743 0.001101029628030293 0.01907738221398514 0.002202059256060586