6 0.23577704771600785 0.014422109348494371 0.0690709045679843 0.028844218696988742
1 0.6453866638402385 0.13712545545014482 0.11547667231952304 0.27425091090028964
1 0.41717977668510875 0.14268474664588002 0.11720294662978255 0.28536949329176003
1 0.9235869069428336 0.08394084711314079 0.07176653663473118 0.11947917549789595
6 0.10850413952997895 0.14671625417635123 0.06879534486618884 0.16694445253973794
6 0.2298535170741703 0.18224947169221362 0.06472532055592932 0.16368304328391084
23 0.9750088868164454 0.18898052197806453 0.019019994911617034 0.08020585517214314
1 0.9112938675945685 0.27386644266663707 0.07234306874690688 0.11560020734906136
23 0.8490871166900575 0.30021317705754047 0.019514639868663152 0.07476438702330857
6 0.2162569272963641 0.42680800354337906 0.0635722563315781 0.17144097958158006
6 0.09351879014123435 0.4326537541763512 0.06344942559888345 0.16909722958157988
6 0.7188496607880207 0.41939474139284344 0.08717353064183761 0.17538443511654264
6 0.6219337172104559 0.4235589409373565 0.0651347563315781 0.17149554328391084
6 0.38188524932263146 0.4358407192451429 0.07952480495209713 0.17823661660488846
23 0.35947025949939676 0.5957067925661206 0.022926244911617388 0.08034226442797028
23 0.2594293159218319 0.5999801195152954 0.023748438489182178 0.08115079627913566
23 0.5881308480340075 0.5924007101746502 0.0223087692218769 0.08343998257680489
23 0.4545780416115724 0.5962846567239384 0.023008132066747143 0.08190476442797028
1 0.793496699458917 0.67646814221115 0.06566370081365402 0.19646826143274546
23 0.8962532072608334 0.6798981878573136 0.01939180913596843 0.07242063702330856
23 0.8610969572608331 0.681125871159758 0.018897164178922666 0.07786210517214301
23 0.8789838201057034 0.6820608885829531 0.018238744911617387 0.08017857332097762
23 0.9133178765281386 0.6816417371316742 0.018856220601357877 0.07708085517214318
1 0.9394532513587965 0.7930231812338917 0.04190529624566963 0.15976686960011327
23 0.7659062087311712 0.8606893747879549 0.03243071969684656 0.05338046034428636
23 0.7266799344209117 0.8651784673462263 0.0319360747398008 0.05882192849312062
23 0.8009396279984766 0.8618054414855107 0.034197937584671226 0.05734127404661713
23 0.8867985628696143 0.8751834060061483 0.018156857756487454 0.07861607332097761
23 0.8515604257144844 0.8779735893085924 0.018034027023792733 0.07627232332097762
23 0.9031638692920492 0.8753917371316742 0.016389639868663153 0.07465525961864686
23 0.8694882321369196 0.8781273567317875 0.018156857756487454 0.07861607332097761
9 0.08000300825620135 0.8542286538135315 0.0882181315009202 0.28459574400955034