6 0.03186704872441047 0.8987730810266392 0.024184342039965355 0.10011008794672165
6 0.8676227107685077 0.8568987380626398 0.13205204663711817 0.14040877718603717
6 0.6293050931773271 0.8650454549822845 0.08385093597979179 0.14859135030401127
6 0.19249542419937574 0.878934130418617 0.08214231240468757 0.10871576680591417
6 0.11042780660819518 0.8807141477188225 0.0855212323325695 0.08621868429640003
6 0.04547168778274365 0.7105409105704037 0.060103658244375094 0.10079317885919252
6 0.1781569012136117 0.6996604658938805 0.07267639342673618 0.10442751482874754
9 0.4083879554501742 0.6128621669590133 0.07827634925815996 0.31149059832684484
6 0.16734342173083377 0.5374469673767552 0.07349401101791679 0.10602184832684483
9 0.4895794848011114 0.4054542321683218 0.09829398926642377 0.09844677026595505
6 0.15892824363482672 0.3774817183653384 0.08199684203996535 0.10246576680591399
6 0.5738421159756599 0.22920079688333866 0.129889481382639 0.11456386018984296