6 0.4982010662434643 0.8187007152689574 0.035724551332783606 0.019940330004772733
23 0.4945699493921323 0.747625146602503 0.03328987311953817 0.016788058004454244
23 0.7796399681967507 0.5801900092298229 0.016670674452321777 0.03611931333545435
6 0.9448557912371467 0.5642002878740058 0.031059783386094962 0.020667036004136108
6 0.32515104499807035 0.538587595958002 0.031727373119538174 0.01676987667090888
23 0.2892362770513817 0.5397870166295471 0.030923391066226814 0.015979536004136107
6 0.6708128859851549 0.5197166805776859 0.03328987311953817 0.016788058004454244
6 0.2174832975053528 0.5179580173058649 0.016025816772189748 0.04079772266868176
6 0.5344434769722394 0.5064547065961396 0.014349656505632958 0.03687329133513621
6 0.28759120902555074 0.5101086072963199 0.03175010517284953 0.017551126670908877
6 0.6748866205457487 0.4985683865770496 0.03250862311953817 0.01677896733768165
6 0.559147960279192 0.4960075552594125 0.03094612311953817 0.016760786004136108
23 0.7079204294003796 0.4520746472390497 0.016738870612255673 0.03846306333545435
6 0.05815611012090742 0.4408789913271821 0.03262228338609485 0.02068521733768165
23 0.6322695600417652 0.4037195105824584 0.03096885517284953 0.01754203600413611
23 0.6293802407622929 0.3849967825827766 0.030900659012915454 0.015198286004136108
23 0.8619510483632826 0.3471224232177326 0.03501149749271768 0.022274989337999783
23 0.6282209060434146 0.3451530325827766 0.03188649749271768 0.022238626670908878
23 0.10090824828414036 0.3254988919875915 0.031750105172849485 0.017551126670908877
23 0.6266213021242063 0.31703712324954936 0.02952001543940632 0.021430104670590745
23 0.6268342507914229 0.29749678258277656 0.031681909012915455 0.015207376670908879
6 0.1438853584715548 0.298427314648319 0.029383623119538172 0.016742604670590744
23 0.09781434052486611 0.29974491398790964 0.030142141066226813 0.015970445337363515
23 0.747831060899695 0.23903829789945918 0.015889424452321776 0.03611022266868176
6 0.6156179544732042 0.2343246205840493 0.013591138558944315 0.037645450668363625
1 0.3896093839400908 0.23033170582034151 0.3961562152937569 0.46066341164068303
23 0.14294733260730733 0.2124716333147736 0.03485237311953817 0.016806239337999785
23 0.7397314043940619 0.2024013639004137 0.014994514185764984 0.03219488200190899
6 0.14621708511458978 0.19055117998090995 0.02860237311953817 0.01673351400381797
6 0.14479933762187222 0.16868527064768268 0.0334489974927175 0.022256808004454332
23 0.7392169273553155 0.15786102323364096 0.014417852665567032 0.0392170413351363
6 0.14567987602253202 0.14522958931413726 0.03402565901291545 0.015234648671227058
6 0.6141798234361072 0.1311814392505038 0.016761602665567032 0.03924431333545444
6 0.1426996285298145 0.12338186131445542 0.0278665872261608 0.01828692333704529
6 0.1452790592503423 0.10459549864736453 0.026190426959604097 0.014362492003499839
6 0.14200329506457737 0.07259152064768268 0.038113765439406234 0.02153010200509069
6 0.1423071719450392 0.05617617998090997 0.03487510517284953 0.017587489337999786
6 0.6868156898917278 0.04905873524032246 0.016738870612255673 0.03846306333545445
6 0.14101144490629278 0.011644929980909968 0.031750105172849485 0.017551126670908895
23 0.45623252658916325 0.8535757019414572 0.015335494985435006 0.04391363200190881