1 0.730771273328827 0.4077337538988228 0.13817710099579195 0.13280450401813546
23 0.10633924691995711 0.2869267406508643 0.04300595553496285 0.023928396005726958
23 0.6213566117107471 0.25360133191441303 0.015808538474587408 0.050163632001908987
23 0.6018526435619125 0.2530473485837311 0.017671138837406987 0.05877556333545444
23 0.5838566117107471 0.2540376839195037 0.015491079944399643 0.06343579133513622
23 0.5652430209665742 0.2503496099220491 0.01710814364673041 0.06501647266868175
23 0.6228943190598084 0.18720417258118577 0.017780266242068875 0.06190056333545444
23 0.6028273557202973 0.18040927991727654 0.02006945253973793 0.06036533533577262
23 0.5848858875714628 0.17983711525304913 0.015218261432745451 0.055623291335136306
23 0.5654092012737936 0.1785018819223672 0.016889888837406986 0.058766472668681756
6 0.8059920504554869 0.09255693328295686 0.14114089908902622 0.18511386656591372
23 0.12563491706037544 0.025089811982818972 0.01963294292109108 0.04786533533577262
6 0.3170957307627063 0.023204593312387327 0.02049603847458741 0.046409186624774654
6 0.3750992037208643 0.0173994886417966 0.020114092558271412 0.0347989772835932
23 0.5521873940252486 0.7807547252546401 0.017507447730414506 0.05408806333545453
23 0.22407231770904606 0.7619256459659561 0.03301339664195542 0.02849771733768165
23 0.592876881411377 0.7560723512492311 0.01589038402808356 0.052507382001908985
23 0.5742905725183695 0.7516030272517764 0.016726197730414505 0.05407897266868176
23 0.22594484175566318 0.7306665552991835 0.039962801088459086 0.026235783338636055
23 0.22924345654645317 0.7032955332988653 0.05081845553496285 0.024019302673454136
23 0.22710060318840855 0.6752068959659561 0.04998264183263199 0.022447712006681542
23 0.556034135039574 0.6705984752546399 0.021359134028083558 0.05257101666931803
23 0.5958778850395741 0.6701348512492311 0.01303820253973793 0.060283519334818084
23 0.5773461398488975 0.6641030272517765 0.01658978847458741 0.05017272266868176