6 0.7438343385582777 0.8423020361258313 0.0807874706794994 0.09917251834526439
6 0.3118394512253686 0.814014081273565 0.11905963001272672 0.1006208972562245
6 0.5298172918921413 0.825928065276788 0.10823121801399935 0.10935886042452161
6 0.4267286545592322 0.8167967180064458 0.10189940201304495 0.1019635893778343
6 0.6493939952260049 0.8289837177946844 0.09268803401495376 0.11548005780780315
6 0.8439616078930958 0.8371888728728296 0.096421561346272 0.10086382096198285
6 0.9479314925605049 0.8377719727740075 0.08707383334659013 0.1026615393919517
1 0.03565977061785452 0.762567889434304 0.07131954123570904 0.08649050782192055
1 0.5625127079090042 0.7035294205102249 0.094768154678545 0.09296031570031094
1 0.6576803045830948 0.6543477388413719 0.11824201734563573 0.09745039462538863
23 0.016605917459035977 0.6168080684017341 0.033211834918071954 0.026539384172632196
6 0.24906892059200345 0.5648793602833473 0.006613626670908879 0.03161402104668731
6 0.21002460192554886 0.5610417287415512 0.016806239337999785 0.03533055524755433
6 0.23815869259232159 0.5618985734516444 0.014453398671227014 0.03441279735504672
6 0.26552971459263974 0.5611474155309017 0.01143748667249973 0.04360578683170289
6 0.2233422145926398 0.5586902734657618 0.010547148671227014 0.034185284200867014
6 0.9897484645926398 0.6033283543158038 0.007994313335454705 0.01608002630835923
6 0.7364331079328668 0.5377587492941283 0.0866829346753633 0.06906778939195171
23 0.33580639926800304 0.5011346496752991 0.04471306333545444 0.01821864995764777
23 0.15701033195418393 0.34687354195220044 0.02283806333545444 0.01694457629424182
23 0.44070407928868394 0.354797246945641 0.04087044800286357 0.023459886803468066
23 0.02280805462286565 0.32420333944842145 0.02519090400222717 0.017862334186749606