23 0.19921875 0.1796875 0.01640625 0.04765625
23 0.17578125 0.18125 0.01875 0.05390625
23 0.15390625 0.18203125 0.01796875 0.05625
9 0.99453125 0.31328125 0.0109375 0.1484375
1 0.9 0.490625 0.10390625 0.28984375
23 0.99453125 0.50546875 0.0109375 0.02421875
23 0.99453125 0.5359375 0.0109375 0.02421875
23 0.99375 0.565625 0.0125 0.02578125
6 0.840625 0.59765625 0.0234375 0.05859375
6 0.89765625 0.78515625 0.03203125 0.0296875
23 0.96484375 0.0796875 0.03359375 0.0265625
28 0.13828125 0.8453125 0.17109375 0.17734375
23 0.21796875 0.0953125 0.015625 0.04765625
23 0.1984375 0.0953125 0.0171875 0.05078125
28 0.16484375 0.096875 0.04296875 0.06640625
28 0.14140625 0.971875 0.1765625 0.05625
1 0.96484375 0.90390625 0.06953125 0.19140625
9 0.9890625 0.115625 0.021875 0.13125
23 0.965625 0.128125 0.0328125 0.02734375