9 0.8125 0.10234375 0.153125 0.2046875
9 0.9703125 0.19296875 0.059375 0.3859375
23 0.70390625 0.0015625 0.02890625 0.003125
23 0.509375 0.00390625 0.03515625 0.0078125
23 0.70390625 0.0171875 0.0296875 0.021875
23 0.51015625 0.02109375 0.03359375 0.01796875
6 0.47578125 0.02265625 0.03046875 0.01796875
1 0.61015625 0.05234375 0.16328125 0.10390625
23 0.7046875 0.0359375 0.0265625 0.01171875
23 0.5109375 0.040625 0.028125 0.02109375
23 0.29609375 0.0453125 0.01328125 0.0390625
23 0.325 0.0453125 0.01328125 0.0390625
23 0.26484375 0.04609375 0.0140625 0.04375
23 0.28125 0.046875 0.0125 0.0390625
23 0.31171875 0.04609375 0.0125 0.040625
23 0.34140625 0.04765625 0.0140625 0.040625
6 0.475 0.06171875 0.0296875 0.01796875
23 0.50859375 0.0625 0.03046875 0.01640625
23 0.703125 0.078125 0.02578125 0.01484375
23 0.51015625 0.08359375 0.02890625 0.015625
6 0.084375 0.0875 0.07734375 0.09921875
6 0.2515625 0.09140625 0.0140625 0.0390625
6 0.2203125 0.09296875 0.01328125 0.040625
23 0.7046875 0.09921875 0.03125 0.01796875
23 0.734375 0.1 0.03203125 0.01875
23 0.1828125 0.1046875 0.028125 0.01875
23 0.475 0.1046875 0.03359375 0.01640625
23 0.51015625 0.10546875 0.02734375 0.0140625
23 0.15 0.125 0.0296875 0.0171875
23 0.18125 0.125 0.03203125 0.0203125
23 0.509375 0.125 0.02578125 0.0140625
23 0.47578125 0.1265625 0.03203125 0.01796875
23 0.14921875 0.14921875 0.0328125 0.015625
23 0.14921875 0.17265625 0.02734375 0.01640625
6 0.67265625 0.17890625 0.009375 0.040625
6 0.6203125 0.18125 0.015625 0.0390625
6 0.659375 0.18046875 0.01796875 0.04453125
6 0.634375 0.18203125 0.01640625 0.04140625
23 0.14921875 0.21953125 0.0265625 0.01953125
23 0.1828125 0.23828125 0.0296875 0.01796875
23 0.15 0.265625 0.0296875 0.01875
23 0.1484375 0.28671875 0.03203125 0.021875
6 0.0421875 0.375 0.084375 0.18515625
23 0.2875 0.41953125 0.02734375 0.015625
23 0.58203125 0.42734375 0.0109375 0.03984375
23 0.565625 0.4265625 0.01328125 0.0359375
6 0.43984375 0.428125 0.0671875 0.08984375
6 0.54921875 0.42734375 0.01171875 0.03828125
6 0.596875 0.42890625 0.01328125 0.03984375
23 0.3125 0.46796875 0.0265625 0.015625
23 0.34453125 0.46875 0.02734375 0.0140625
23 0.28203125 0.46875 0.028125 0.0140625
23 0.678125 0.4890625 0.01171875 0.040625
23 0.6625 0.490625 0.0125 0.03984375
23 0.69453125 0.48984375 0.01484375 0.04140625
6 0.77109375 0.49375 0.0125 0.03984375
6 0.79609375 0.49296875 0.01171875 0.0359375
23 0.82734375 0.50859375 0.01171875 0.03984375
6 0.97109375 0.55390625 0.01328125 0.0390625
23 0.95625 0.553125 0.015625 0.04375
23 0.90546875 0.55546875 0.03046875 0.01875
6 0.7953125 0.55625 0.01015625 0.03515625
23 0.465625 0.55859375 0.028125 0.015625
6 0.434375 0.56015625 0.028125 0.01640625
23 0.496875 0.56015625 0.028125 0.01875
23 0.578125 0.56484375 0.03203125 0.01640625
23 0.6109375 0.565625 0.02890625 0.015625
23 0.90625 0.57734375 0.02890625 0.0140625
6 0.61171875 0.58828125 0.0296875 0.015625
23 0.9046875 0.5984375 0.028125 0.02109375
6 0.6125 0.6109375 0.02890625 0.01875
23 0.90546875 0.6203125 0.02890625 0.01640625
6 0.57734375 0.63203125 0.028125 0.015625
23 0.61171875 0.63125 0.03046875 0.0171875
23 0.90625 0.6390625 0.02890625 0.01796875
23 0.6125 0.653125 0.03125 0.02109375
6 0.578125 0.653125 0.02734375 0.015625
1 0.83671875 0.6578125 0.10546875 0.1421875
6 0.90625 0.659375 0.028125 0.021875
23 0.90546875 0.68046875 0.03203125 0.01875
6 0.98828125 0.7203125 0.0234375 0.01640625
23 0.7484375 0.76171875 0.02890625 0.01484375
6 0.903125 0.76328125 0.01171875 0.0375
6 0.7765625 0.76484375 0.0109375 0.0359375
6 0.890625 0.7640625 0.0109375 0.03828125
6 0.91796875 0.7640625 0.0125 0.03828125
6 0.865625 0.76484375 0.0109375 0.0390625
6 0.87890625 0.76484375 0.01015625 0.03984375
6 0.79609375 0.765625 0.01796875 0.05
6 0.853125 0.76484375 0.0125 0.03359375
6 0.815625 0.765625 0.0125 0.03828125
6 0.828125 0.765625 0.009375 0.034375
6 0.8390625 0.76640625 0.01171875 0.0328125
23 0.6828125 0.7828125 0.02734375 0.01796875
23 0.6828125 0.80234375 0.02734375 0.0171875
23 0.65234375 0.80390625 0.0296875 0.01796875