6 0.9958923541384429 0.010077014613791888 0.008215291723114148 0.020154029227583775
1 0.9610692175491401 0.20411597200341336 0.07208852046507239 0.3329858238632619
23 0.3090718690649067 0.4769759626646272 0.025279960990419424 0.035565353084255055
23 0.3090375695398765 0.5074174391256768 0.024089275214770646 0.027739216314779824
6 0.4188729149718922 0.5414048810907276 0.032761590343633 0.04428183400953163
6 0.38203133423919755 0.5443895592560606 0.03387371099041943 0.035715357548481916
23 0.0783430902320914 0.6051084655040011 0.011585953188503284 0.042351141233702094
23 0.0681868402320914 0.6052857435071782 0.014298195386587187 0.049423301542127616
6 0.04080214665452652 0.6065442804388093 0.028442582541716933 0.05123126339268058
6 0.402080483380115 0.65331454586338 0.029186210990419424 0.03563353693163087
23 0.06503418475959595 0.6654419935071783 0.014547178878243815 0.039280688311602675
6 0.0377723219147257 0.6643567804388091 0.02692434814554916 0.037155126623205345
23 0.07506760402690132 0.667608465504001 0.013312227498762796 0.045503414772652385
6 0.4000775701057034 0.7064259090939048 0.032430719696846744 0.0528619472400564
23 0.34930188489588154 0.9157151343371386 0.020674348145549182 0.03704603246740419
23 0.3490219239054621 0.9508441107981881 0.01841248530067894 0.03856762215897831
1 0.21237841700805715 0.9220078189952933 0.12332239258219664 0.14889324188232536
1 0.0176556529861046 0.937572137987291 0.0353113059722092 0.12485572402541792
6 0.6804423422682564 0.9715973470017657 0.014096799525030157 0.030686938311602675
6 0.6123917051131266 0.9743462459461056 0.010026775214770644 0.027493754464227037
6 0.4803604551131266 0.9766508599874093 0.009245525214770645 0.027480117694751983
6 0.6225479551131265 0.9741689679429282 0.012370525214770644 0.027534664772652206
6 0.5405167051131265 0.9756008287378212 0.010026775214770644 0.027493754464227037
6 0.5279348179579968 0.9773815170494238 0.0106851944820761 0.025163641233702093
6 0.5756729551131265 0.9749871741114384 0.011589275214770645 0.02752102800317715
6 0.5898173422682563 0.9731792122608856 0.014096799525030157 0.03068693831160303
6 0.693024229423386 0.969816658690163 0.011957767412854637 0.03455227800317715
6 0.6709035679579968 0.9748859882354678 0.009122694482076098 0.025136367694751627
6 0.6560598179579967 0.975145086855496 0.0106851944820761 0.025163641233702093
6 0.5990285679579967 0.9761405710271834 0.0122476944820761 0.025190914772652208
6 0.5630910679579968 0.9767678624230414 0.0122476944820761 0.025190914772652208
6 0.49277856795799674 0.9779951716758065 0.015372694482076099 0.025245461850553142
6 0.5139542051131266 0.9760644788999769 0.010026775214770644 0.027493754464227037
6 0.6334854551131266 0.973978053170276 0.009245525214770645 0.027480117694751626
6 0.6466848179579967 0.9753087280891981 0.0106851944820761 0.025163641233702093
6 0.5513723179579968 0.9769724139651688 0.007560194482076099 0.025109094155801516
6 0.46934106795799674 0.9784042747600615 0.0122476944820761 0.025190914772652208
6 0.44434106795799677 0.9788406513832669 0.0122476944820761 0.025190914772652208
6 0.45840356795799675 0.9785951895327141 0.0122476944820761 0.025190914772652208