6 0.9679461345522942 0.9479546768265902 0.06410773089541166 0.08181595282385175
6 0.5647388399982499 0.8267737574885938 0.4035785751323212 0.34645248502281234
23 0.8805402535344031 0.8316955278428045 0.16868101581733086 0.07981919530200407
6 0.21609575155723687 0.802998282528165 0.035420188250732655 0.10325303213245363
6 0.25330925007436206 0.7970581710871094 0.057407934790691506 0.08750601167848249
6 0.3057975801124182 0.7829789507122805 0.05646751730020547 0.08357702962517113
6 0.8733896453217266 0.7136585816828704 0.15471135771838504 0.11998955423577726
6 0.713045052926381 0.6660752248606683 0.08296369171077381 0.12102320533113406
6 0.9888900221381391 0.6659150666391758 0.022219955723721797 0.06620767319868044
23 0.32578779205196595 0.6033058225781774 0.1334756862735663 0.09674227084968265
23 0.21872736714710617 0.5611744953811465 0.06267770802239614 0.19768499373179385
23 0.3220049229648745 0.43386550079142283 0.09362396049385406 0.2102902938109361
6 0.8029246591247101 0.38231164179114263 0.0686637697716634 0.09563676042484133
6 0.9504535751323212 0.38348299986698603 0.06561436562705047 0.1548526360516619