6 0.29335725859488565 0.6373936487109979 0.020640048620519026 0.0064863573360907974
6 0.2926955173013129 0.6201879673774525 0.017596935775648782 0.008012494668999892
23 0.29277408243017533 0.6037726267106798 0.017515048620519023 0.0064499946689998925
6 0.026408776007740158 0.5998914593411815 0.00895892017181652 0.021965906667727353
6 0.5086038003179997 0.6023754007399512 0.022448210085908117 0.011192038669636162
6 0.29223517186929715 0.5842231953771343 0.019118492198083904 0.007249426002545434
23 0.5094602934205946 0.5711163100731784 0.02347512155129756 0.015888629336408933
23 0.29387623699815957 0.567826036043907 0.016116322930778536 0.009556813335454351
23 0.02569944708406784 0.5537613466740906 0.012411468792335534 0.02825226933481808
23 0.29638043928215174 0.5498754673774525 0.016733798620519026 0.006440904002227121
6 0.47039114936806004 0.5409560954009969 0.009822057326946165 0.023537497334499946
23 0.45476614936806004 0.5407742820655425 0.009985831637205678 0.026662497334499945
23 0.296499947988579 0.5326788767106798 0.017515048620519023 0.0064499946689998925
6 0.29505695669500626 0.5154641047103616 0.01763787935321366 0.008793744668999893
6 0.03045886816039552 0.5076948686744087 0.007928686680159914 0.032103975334181814
28 0.44760210255656324 0.4984776940642698 0.020592460990419427 0.03537442600254544
6 0.2985061832892579 0.4943976267106798 0.020680992198083815 0.007267607336090798
6 0.5040158768668228 0.49600722207190573 0.010067718792335612 0.028224997334499947
23 0.48769151402195254 0.4942538180696786 0.008259557326946165 0.023519316000954405
23 0.47206651402195254 0.4940720047342241 0.008423331637205678 0.026644316000954404
6 0.29694036126299056 0.4795266047103617 0.01603443577564878 0.007994313335454351
6 0.06782607134889881 0.46591644867918125 0.053483526119281796 0.05215339334022708
6 0.24134545850402858 0.4663720767027256 0.04908263116223592 0.05756759933959064
23 0.29623767639185294 0.46310217337681614 0.013608798620519025 0.006404541335136215
6 0.15405017639185298 0.46144767202418074 0.05471515547249543 0.06075623400699968
23 0.4583658621675017 0.45717144139876975 0.008177670171816587 0.021956816000954404
23 0.44438524932263146 0.4554453093968608 0.015372694482076099 0.025163632001909166
23 0.47411369290019634 0.4550095047342241 0.00813672659425162 0.021175566000954403
23 0.48583244290019634 0.455145864735815 0.0075192509045111326 0.02429147533418181
23 0.29886470940853976 0.44280785471036166 0.011305992198083814 0.007158519334818081
23 0.26900346901947814 0.40102888737268005 0.019241322930778536 0.009593176002545256
23 0.26990422772590544 0.38384138737268003 0.01837818577564878 0.008021585335772663
6 0.44885142130347033 0.38514190006363347 0.026559177973732594 0.015143742003499838
6 0.3051014213034703 0.3834692173774525 0.014471935775648781 0.007976132001908987
6 0.47936111488103517 0.3847151860677696 0.020803822930778537 0.009611357336090798
6 0.3044806235874624 0.3654822860439071 0.01903660504295406 0.005686926002545345
23 0.2724493735874624 0.36510956870622546 0.023147572930778536 0.009638629336408933
6 0.4803028171650274 0.3667464360677696 0.016157266508343326 0.01033806333545444
6 0.44757220432015715 0.36480212806331525 0.016075379353213747 0.008775563335454439
23 0.30299668871632485 0.3490487640435889 0.018296298620519024 0.006459085335772663
28 0.13659043871632484 0.34711245202099905 0.09812764077317437 0.09951928934595396
23 0.2741313822938897 0.3479311593729982 0.016692855042954056 0.005659654002227121
6 0.9768845680695385 0.3482911688016756 0.011346935775648603 0.00793976933481808
6 0.30397933457788184 0.33029876404358893 0.01920037935321357 0.008811926002545345
23 0.275813391000317 0.33075275003977095 0.01837818577564878 0.008021585335772663
6 0.9780719318189199 0.3256349188016756 0.011428822930778538 0.00950226933481808
6 0.27531542401700376 0.31042206870622546 0.019282266508343415 0.010374426002545345
6 0.4723508763009959 0.29473507606617877 0.016604323835289668 0.033766472668681755
6 0.4497765134561257 0.2929089467297698 0.014383404567984214 0.036082950668363534
6 0.9787237070336905 0.2982820781349029 0.012909435775648603 0.007957950668363533
6 0.9779391350074231 0.2834201468013574 0.015952548620519025 0.006431813335454439
6 0.09335277306706408 0.24733008068109025 0.020015928878243792 0.039271585335772664
6 0.618680321687583 0.2471890087523597 0.00936835594746519 0.029778406667727263
6 0.6030143781100182 0.2477884454169052 0.0077239687923356115 0.02819772533418181
23 0.8421997088427128 0.2482264394493583 0.006942718792335612 0.028188634667409042
23 0.7063440959978425 0.24508216343090455 0.009286468792335611 0.028215906667727175
6 0.8220919267305373 0.24408383211326753 0.008464275214770823 0.027425566000954582
23 0.6028815812985215 0.20557367341658708 0.008259557326946165 0.023519316000954492
23 0.6201100248760864 0.20499241808558696 0.008836089439121864 0.019622156667727264
6 0.710076605608781 0.20369409476445002 0.007396420171816587 0.021947725334181812
6 0.8414903799190405 0.20209632678226738 0.011507388059640888 0.0258994286680454
23 0.8281681863414757 0.20272303544713113 0.009245525214770822 0.027434656667727264
6 0.35649790422930006 0.1933260227164068 0.008300500904511132 0.024300566000954493
6 0.34399790422930004 0.19318057204804323 0.010026775214770644 0.027443747334499946
6 0.42997634780686483 0.1933992953930427 0.0083414444820761 0.025081816000954493
6 0.3800172913844298 0.19203624271958847 0.010848968792335522 0.02823408800127263
6 0.3956422913844298 0.1922180560550429 0.007024605947465279 0.02975113466740904
6 0.4925172913844298 0.1933452987348605 0.010521420171816587 0.021984088001272627
6 0.4152144849619946 0.19166407272436098 0.0074783073269461655 0.023510225334181768
6 0.46599573496199465 0.19225496606458795 0.010316702283992108 0.018077838001272627
6 0.45041167853955955 0.1912919027291335 0.009081750904511132 0.02430965666772722
6 0.4802220092722541 0.18929359806649693 0.0074783073269461655 0.02351022533418181
23 0.008279489484550422 0.14076136000159084 0.016558978969100843 0.019022720003181705
6 0.4814846161242306 0.1353691667329515 0.016849985300678938 0.03845397266868171
23 0.005604868837764057 0.11963124733449995 0.011209737675528113 0.011137494668999891
6 0.029417505088382655 0.08007839867122706 0.040867339439121894 0.019994874005408825
6 0.3939713280191611 0.0749396493873157 0.016150622455808693 0.04000738200190901
6 0.4268657151742909 0.07375895739177003 0.017672178878243728 0.03924431333545444
6 0.4565532151742909 0.07410440272913349 0.020797178878243727 0.039280676002545346
6 0.36596915875185576 0.07226863538349769 0.017136590343632997 0.04392272266868173
28 0.1956942803031533 0.054652779360271485 0.07498338986866324 0.07504600067631775
6 0.025293249095488846 0.024527832670272563 0.029766065128862394 0.016742604670590727
6 0.4188497450272183 0.999556746697953 0.020640048620519026 0.0008865066040939951
23 0.10149514869069146 0.9869380206874535 0.007478307326946254 0.023510225334181456
23 0.13118264869069146 0.9867830688454766 0.009245525214770645 0.026433862309046673
6 0.08743264869069145 0.9865239848424541 0.010808025214770645 0.026952030315091947
23 0.19368264869069146 0.9871489681830787 0.008464275214770644 0.02570206363384244
6 0.20934859226825636 0.9874112827020891 0.006778944482076099 0.02506363466740922
6 0.1171610922682563 0.986338584022908 0.008259557326946254 0.023519316000954405
6 0.16485828584582118 0.9861118646960442 0.009163638059640888 0.025872156667727353
23 0.14931517300095093 0.9837580661799766 0.01113557383528967 0.03248386764004678
23 0.17752206015608069 0.9831323153644076 0.009409299525030158 0.030559656667727354
6 0.42221708446634026 0.9828526940642698 0.021503185775648602 0.00805794800286357
23 0.6269012624400728 0.9703816080919502 0.00657422659425162 0.02115738466740922
6 0.6082331495952026 0.9686009320894049 0.011425500904511133 0.024336928668045488
6 0.5683893995952026 0.9681373080839961 0.013315549525030158 0.030605110001590673
6 0.5254206495952026 0.9676373214114964 0.009245525214770645 0.027434656667727354
23 0.5489400367503323 0.966347541414678 0.007846799525030156 0.030541475334181813
23 0.5880434803278972 0.9660208247533142 0.00735547659425162 0.02116647533418181
6 0.08898518261188937 0.9422340480187719 0.010067718792335523 0.028224997334499947
23 0.10386987618945424 0.9416255206874535 0.008464275214770644 0.027425566000954405
6 0.11875456976701915 0.9410169933561352 0.008341444482076011 0.025081816000954403
23 0.4195358197670192 0.9445169000636333 0.02092665366347326 0.011955107336090976
23 0.19457676334458401 0.9411175380330892 0.006615170171816542 0.021938634667409217
23 0.16649270692214885 0.9400090240292714 0.007478307326946254 0.02351022533418181
23 0.1517308440772786 0.9382738013605897 0.008505218792335522 0.028206816000954406
23 0.4220400220510113 0.9265663313971789 0.019282266508343325 0.010374426002545433
23 0.4238039179125683 0.9078254220639514 0.018501016508343328 0.01036533533577284
6 0.016073305067698048 0.9015175940085906 0.026354460085908266 0.011237492003499838
6 0.669525853688217 0.9028673914305865 0.0093274123699004 0.028997156667727352
23 0.21175429726578193 0.896759010701771 0.018296298620519024 0.006459085335772841
6 0.7437855472657819 0.9029497547739951 0.005175500904511132 0.024264203333863678
6 0.684410547265782 0.9022588640992681 0.007683025214770644 0.02741647533418181
6 0.6571077408433468 0.901159440762223 0.00891797659425162 0.021184656667727352
6 0.6992952408433467 0.9016503367679499 0.0074783073269461655 0.02351022533418181
6 0.7321077408433467 0.9020321447724043 0.009204581637205677 0.026653406667727354
6 0.7603146279984766 0.9007969087762223 0.012988000904511132 0.024355110001590675
6 0.7861777651536064 0.899534400779722 0.0075192509045111326 0.02429147533418181
6 0.7166874587311712 0.8979440814369497 0.011507388059640888 0.02589942866804549
6 0.7744999587311712 0.8986167907781312 0.008877033016686653 0.02040340666772735
23 0.21113349954977406 0.8787720793682257 0.017678822930778538 0.009574994668999892
6 0.24476819312733894 0.8783817280394526 0.025614153663473083 0.012009651336727245
6 0.5865429353254228 0.8753230994191323 0.0106851944820761 0.02510908800127254
6 0.5860073467908121 0.8706265087523597 0.009204581637205677 0.026653406667727354
6 0.6016323467908121 0.8708083220878141 0.008423331637205678 0.026644316000954404
6 0.2420083632991555 0.8564612747055891 0.019282266508343325 0.010374426002545433
23 0.21318400045428523 0.8545624200349984 0.01525318577564878 0.007985222668681758
23 0.7016699683421097 0.8563378367679497 0.010726138059640889 0.02589033800127254
23 0.6853046619196744 0.8553656827657228 0.008958920171816587 0.021965906667727353
6 0.7321796619196744 0.855911122772086 0.0083414444820761 0.025081816000954403
23 0.6705427990748042 0.853630460097041 0.007560194482076099 0.025072725334181457
6 0.6572615490748042 0.8534759187619049 0.010562363749381376 0.02276533800127254
6 0.7158962426523692 0.853376468769859 0.00780585594746519 0.029760225334181812
23 0.783905936229934 0.8533861067790859 0.006942718792335612 0.02818863466740922
23 0.834687186229934 0.8539770001193127 0.0116711623699004 0.02902442866804549
23 0.847968436229934 0.8541315414544488 0.006983662369900401 0.02896988466740922
23 0.7550815733850638 0.851487252108495 0.0093274123699004 0.028997156667727352
6 0.8003940733850637 0.8520145107813129 0.006079581637205678 0.026617044000636268
6 0.8137162669626286 0.8513878021164493 0.005216444482076099 0.025045453333863675
23 0.2140438155831476 0.8381561700349984 0.01525318577564878 0.007985222668681758
6 0.2406472591607125 0.8376840027052708 0.016938516508343417 0.010347154002226943
23 0.28053195273827736 0.8373663767106798 0.020926653663473172 0.011955107336090976
1 0.11605669493636125 0.8284169960216353 0.11300236827193717 0.1449772400143175
6 0.01930452566905589 0.8249460033418178 0.018501016508343394 0.01036533533577284
23 0.21576676786713977 0.820196510701771 0.016856629353213658 0.008784654002226944
6 0.24557709859983437 0.8181982060391345 0.02413354081860284 0.013553970003181348
6 0.2822958485998344 0.8186254673774525 0.02236632293077854 0.009629538669636162
6 0.5657225022633076 0.810197538749178 0.010480476594251619 0.02120283800127254
6 0.6063475022633076 0.8106702534213597 0.0075192509045111326 0.02429147533418181
23 0.7533043894184372 0.8108167987746313 0.007396420171816587 0.021947725334181812
23 0.21428283299600218 0.803762988701453 0.011469766508343415 0.010283519334818081
23 0.738542526573567 0.8090815761059496 0.006901775214770645 0.027407384667409218
23 0.6603765829960022 0.8089537594286774 0.008259557326946342 0.023519316000954405
23 0.687761276573567 0.8084906827657228 0.006492339439121864 0.019594884667409218
6 0.625261276573567 0.8077634294239049 0.011753049525030156 0.030586928668045486
23 0.6745209701511319 0.8075548914305865 0.006819888059640888 0.025844884667409217
6 0.626083470151132 0.8069912700906776 0.010767081637205678 0.02667158800127254
23 0.8323744137286969 0.8086099561186764 0.007560194482076099 0.02507272533418181
23 0.7870619137286967 0.8080826974458585 0.008505218792335612 0.028206816000954406
6 0.28171599446139145 0.799857286043907 0.02072193577564878 0.008048857336090976
6 0.8036319380389563 0.8051486014480856 0.007601138059640888 0.025853975334181812
6 0.8185166316165212 0.8045400741167674 0.005997694482076099 0.02505454400063627
23 0.849807575194086 0.8041224507876763 0.008382388059640889 0.025863066000954404
23 0.021392648124864563 0.7851022533418177 0.022407266508343387 0.010410788669636161
23 0.21855425316781868 0.7819243513685439 0.01525318577564878 0.007985222668681758
6 0.2466383095902538 0.7830328653723619 0.018582903663473083 0.011927835335772486
6 0.28413830959025377 0.7834692173774526 0.022202548620519024 0.0065045386696361614
6 0.5018171325210323 0.7766214227402694 0.020803822930778537 0.009611357336090798
23 0.020771850408856707 0.7671153220082724 0.024832903663473137 0.012000560669954297
6 0.28573843114155134 0.7678533080442252 0.02306568577564878 0.008076129336408933
23 0.21480845545181088 0.7639010573679075 0.01607537935321357 0.00877556333545435
6 0.24762095545181087 0.7642828653723619 0.02236632293077854 0.009629538669636162
23 0.4323235040723299 0.7601782627307243 0.022448210085908117 0.011192038669636162
23 0.02167260911528398 0.7499278220082723 0.024669129353213637 0.008875560669954296
6 0.2865982462704137 0.7514470580442253 0.020803822930778537 0.009611357336090798
23 0.21718982700310835 0.7482942387014531 0.01623915366347308 0.011900563335454351
23 0.4326477306665815 0.7390754220639516 0.020926653663473082 0.011955107336090797
6 0.24860027928710055 0.7306800247055891 0.014430992198083813 0.0071948820019089865
23 0.2182134164422303 0.7287629887014531 0.016116322930778536 0.009556813335454351
6 0.2884849728646654 0.730362398710998 0.017596935775648782 0.008012494668999892
6 0.018500021485184388 0.7209670280076359 0.008382388059640911 0.025863066000954404
23 0.06385346506274928 0.720713036680454 0.009944888059640888 0.025881247334499945
23 0.1092887957954439 0.7188965453532719 0.006697057326946254 0.023501134667409218
23 0.09448598937300876 0.71794257268459 0.00978111374938142 0.022756247334499945
23 0.0796012957954439 0.7185511000159084 0.008300500904511154 0.024300566000954406
6 0.43272629579544386 0.7226600813971789 0.01915943577564878 0.008030676002545433
6 0.1241325457954439 0.7190692680219535 0.009204581637205767 0.026653406667727177
6 0.04403228799352778 0.7111016793443631 0.013970646766068184 0.043105110001590854
6 0.21767450588135215 0.7092135573679075 0.013608798620519025 0.006404541335136215
6 0.2474438930364819 0.707996502705271 0.013731629353213658 0.008748291335136216
6 0.2977304980794361 0.7031095553787251 0.0072735894391218634 0.01960397533418181
23 0.0968197732942067 0.6734113226845901 0.011012743102595035 0.03135908800127272
23 0.0671322732942067 0.6730658773472266 0.009204581637205767 0.026653406667727354
23 0.1101010232942067 0.6735658640197263 0.008259557326946254 0.023519316000954405
23 0.08123571687177158 0.6724482593491355 0.008628049525030157 0.030550566000954404
23 0.12576696687177158 0.6729664273551809 0.009286468792335523 0.02821590666772735
6 0.5095654347595959 0.6735236947405875 0.029025758706427318 0.017514764003817972
6 0.2996139026474204 0.6671720553787251 0.008177670171816587 0.021956816000954404