28 0.4753551198538169 0.6102367017075786 0.02235967887824373 0.03941705600635448
6 0.6717387969230384 0.5974252357998358 0.02408595318850324 0.04256932954530477
28 0.5226771771807631 0.6328696323085437 0.04123583163720586 0.027257975243233545
1 0.6524299542045562 0.7064553624230412 0.11719854534115867 0.13629778449599889
6 0.5691571087725403 0.7438792702958347 0.03478111374938138 0.023242631087432387
6 0.7511064716174106 0.7391394030081202 0.029148589439121863 0.020022173701106104
6 0.25716944312327966 0.8486345487027538 0.009781113749381376 0.022806254464227037
28 0.28295069312327964 0.8481845353100731 0.03478111374938138 0.023242631087432387
6 0.2571970985957751 0.9088453457806545 0.020097816033373572 0.040938645697929134
28 0.5056655760945379 0.9498622633959759 0.032147436680159916 0.03256308400953145
28 0.31877640773174365 0.9797112248394919 0.02766797659425162 0.021557400162155814
6 0.7624068990253164 0.9547644030081202 0.010606629353213748 0.00877102800317715
28 0.37033890773174366 0.9788111980541305 0.0294351944820761 0.025490923701106283
6 0.6552085526887895 0.9683650271956935 0.018541960085908117 0.011251145697929132
6 0.7631438834214842 0.9688269030081201 0.013731629353213749 0.008825575081078086
6 0.13966211781765195 0.993785181818781 0.028575379353213658 0.009084673701106282
6 0.5835349485503466 0.9883832467568844 0.012745661465389269 0.004905688311602674