6 0.4509646198241337 0.45526131223938116 0.046375551131468205 0.0505843509096227
6 0.7025634812604522 0.47322802398342406 0.0532977168225127 0.032161836641598995
1 0.9421714028052293 0.5781125388706203 0.10638687626704132 0.16272478597964551
6 0.43439071906200794 0.5599295415612167 0.026176680619963477 0.06916953101724665
1 0.7359941256778662 0.5810062907326471 0.1111380087805987 0.17388060980096293
1 0.5297668515755652 0.5753062925946739 0.10485164734428025 0.16733951137253947
1 0.3430662822937245 0.569734727045524 0.10561017144658118 0.16346964867609232
6 0.6048895714231401 0.599893223735755 0.022220433645025395 0.06039384449948208
6 0.6727516987703359 0.04773571835907161 0.04393635236113216 0.034068938998964016
1 0.5955124878997516 0.06210212530733167 0.07930622579950324 0.07242511765884581
6 0.38533351200205257 0.04840769065159385 0.033162478824565335 0.061684516749223
6 0.24466760538619425 0.03482672601206668 0.05797612646343318 0.03081766046291673
1 0.31739203307929137 0.049929495242489054 0.08712781615858275 0.07435149069437508
23 0.9969613584112563 0.09330519933353701 0.006077283177487303 0.03466609842842343
23 0.2528937167243169 0.10628434904759596 0.0369414637974506 0.03999145326698765
6 0.254738017855785 0.1547946236547018 0.0454943071815924 0.033360463606069854
1 0.3409209575509347 0.20098472704552398 0.11649312929210351 0.15460407092583345
6 0.8538527496072165 0.2990735481762452 0.04401816559284875 0.048131438998963993
1 0.93664882059798 0.36624823965640857 0.12670235880403985 0.16221751778268034
6 0.4309379452542945 0.3691953796505579 0.0424193041565303 0.04180866439185813
1 0.5302021470496927 0.3816290672017798 0.09388233108750157 0.16136133912279851
1 0.33729702956325 0.3835789032242064 0.11334540339440444 0.15055227171162172