23 0.92109375 0.02578125 0.01015625 0.0515625
23 0.9078125 0.0296875 0.01015625 0.059375
6 0.9734375 0.0796875 0.0109375 0.08046875
23 0.95859375 0.08125 0.0125 0.1
23 0.8828125 0.10859375 0.01015625 0.1
23 0.815625 0.12109375 0.02265625 0.06015625
23 0.4546875 0.13515625 0.0109375 0.1046875
23 0.99609375 0.1375 0.00703125 0.09453125
6 0.528125 0.28984375 0.0109375 0.0765625
6 0.51640625 0.290625 0.0109375 0.078125
23 0.37890625 0.29765625 0.0234375 0.06796875
6 0.54921875 0.30859375 0.025 0.15234375
23 0.68515625 0.309375 0.0203125 0.05234375
6 0.89296875 0.32734375 0.0234375 0.1578125
6 0.771875 0.3421875 0.0109375 0.078125
6 0.759375 0.3453125 0.01015625 0.07578125