6 0.6927456492586621 0.8514679760900414 0.03472222958157989 0.0550693080044546
6 0.6470139978073833 0.8165748080839961 0.05099207032575279 0.05135396200668154
6 0.4333086179556509 0.645406690722452 0.02237599700477517 0.03696419800286357
6 0.40514641242068805 0.6216510173854066 0.031860124409436884 0.04019828600413611
6 0.38040930724854494 0.6065254567154523 0.026445938111767653 0.041697151336727065
6 0.4454886702252364 0.5916640727243611 0.02563740626060227 0.040906810669954295
6 0.35475454282057467 0.5874845553787251 0.03344990626060227 0.04099771733768165
6 0.35545394726707835 0.5851498960454979 0.03649306070710594 0.03869033000477255
6 0.40837805062512295 0.5576521520528157 0.026954369600113458 0.03389374200349984
6 0.5293081095181303 0.5543737054025877 0.028707842558271322 0.0393806733370452
6 0.38520344545297985 0.5425447727164068 0.02773561960011346 0.03390283267027243
23 0.5691146539831676 0.5314089200747694 0.026309528855940557 0.037790901336727245
6 0.36022080362034786 0.5203879620464524 0.020786215153609698 0.036164766669318026
23 0.5529985806621898 0.5171646067393147 0.021376492195451745 0.03070510733609062
6 0.3481746714063627 0.5108766020448616 0.02243056070710594 0.03852669800286357
6 0.5401166347458739 0.5060816560709513 0.025391869600113283 0.0338755606699543
6 0.33135919363888133 0.4989669480426344 0.023938497004775173 0.03698237933640893
6 0.3154068114248961 0.48941013470718 0.025364587748947988 0.033094310669954295
23 0.3048686155085802 0.47835445603913457 0.027227188111767654 0.04170624200349984
23 0.28891623329459504 0.46879764270368013 0.02391121515360961 0.036201129336408934
1 0.6332837921876024 0.46811912675045075 0.050176103991016775 0.0950766900063634
23 0.2753621647829408 0.4608306013685438 0.03325893330244423 0.03552896733768165
6 0.561398868503805 0.444635626074133 0.02932540145127884 0.03470226400381797
6 0.21881949890369165 0.40706925469445326 0.02452877404661713 0.0315227200031817
23 0.6631870577966991 0.4075543440881323 0.0269270877489479 0.03311249200349984
6 0.11603923928504481 0.3933783773472267 0.03509425181409851 0.04335964867122701
23 0.6503869574338793 0.39881514341976876 0.022321433302444404 0.03540169800286348
6 0.575359675582714 0.3971611894095874 0.02291171034428636 0.029942038669636163
6 0.1978795163268868 0.38886414735836244 0.030052087748947985 0.03314885467059074
23 0.6351885433687288 0.38848617075108705 0.026763396641955418 0.02842499200349984
6 0.30921632041057084 0.3792266127068618 0.02140377404661713 0.0314863573360908
23 0.6730878474524128 0.3779941134229504 0.02296627404661713 0.031504538669636165
1 0.4504315974524128 0.37540327339272456 0.32658735888515816 0.4294084260423162
6 0.29477187449425485 0.36812548070495277 0.026763396641955418 0.02842499200349984
23 0.6602604652384277 0.3684736627545869 0.022829864790789856 0.02759828866963625
6 0.06704617857793885 0.3545425966740906 0.044823915879249096 0.05362498667249973
23 0.6473512374709463 0.35660946208622335 0.02140377404661713 0.0314863573360908
6 0.6338517326616229 0.350204920751087 0.01906002404661713 0.031459085335772664
6 0.14319945081045743 0.3437147320178174 0.035820938111767654 0.04180623933799978
23 0.682043696001134 0.3437372920909958 0.02226686960011328 0.03383919800286357
23 0.6233408185964723 0.3399304920830416 0.021294646641955416 0.028361357336090798
23 0.6708333774894797 0.3357975227561777 0.01906002404661713 0.031459085335772664
6 0.32691968638248714 0.3271101293761799 0.023157247004775082 0.03697328866963616
23 0.6105134363824872 0.3304100414146781 0.026845242195451747 0.030768742003499838
23 0.6588963726801562 0.3294111627545869 0.019032742195451747 0.030677835335772664
6 0.30956849527549457 0.32222263470718 0.026009428493120802 0.029197151336727067
23 0.6983581767638404 0.31893728675999566 0.029680065516429367 0.044858514003817976
23 0.6475496449126749 0.3175651434197687 0.025473715153609612 0.03621931066995439
23 0.6798165078893663 0.30232195142422313 0.02541915145127884 0.03465681066995448
1 0.19530509863353918 0.2927794880251352 0.1865104519915838 0.264563581357408
23 0.6662078756753812 0.2927924100890868 0.027008933302444228 0.03545624200349984
6 0.5859201749497418 0.27467766207826916 0.02921627404661713 0.031577264003817974
6 0.34284229754508005 0.26872546471195247 0.019977683302444225 0.035374426002545346
6 0.5604018197775986 0.259543010741542 0.021458337748947898 0.033048857336090795
23 0.3307143197775987 0.2568703547103616 0.023802087748947896 0.03307612933640893
6 0.2829216605217715 0.2524095740372256 0.022993555897782514 0.03228578866963616
23 0.31783237386128266 0.24578740404199806 0.0261458377489479 0.03310340133672707
6 0.5474107464566209 0.24533506007317846 0.02078621515360979 0.036164766669318026
6 0.2731374327542901 0.24058173603595287 0.020677087748947987 0.03303976666931803
23 0.3034970553496284 0.23781127204008906 0.027844747004775173 0.03702783267027261
23 0.5377902097961321 0.23819472207190578 0.027145342558271324 0.03936249200349984
6 0.2602554868379741 0.22949878536758933 0.01967758293962456 0.026780676002545346
23 0.5226736412844778 0.23020949940322405 0.027008933302444405 0.03545624200349984
6 0.24731897721932725 0.2168533346992258 0.020758933302444226 0.03538351666931803
23 0.5121081635169964 0.21837257073517868 0.02382936960011346 0.033857379336408935
6 0.36350697241000385 0.21195784404836143 0.01933284255827141 0.039271585335772574
23 0.4993626268565075 0.21119587006681512 0.02382936960011328 0.033857379336408935
6 0.34752730834485324 0.20161978071290693 0.021867565516429367 0.044767607336090795
6 0.28112105834485324 0.2008470740372256 0.029516374409436795 0.04017101400381797
23 0.4872619309401916 0.2001220100652243 0.029270837748947898 0.033139764003817976
6 0.47675101687504107 0.1898475813971789 0.025364587748947898 0.033094310669954385
6 0.20158732576804841 0.1819601666931806 0.024102188111767654 0.04166987933640898
6 0.26406004391688304 0.18190617003499837 0.02159474700477517 0.036955107336090795
6 0.46467760280989034 0.17955497139558804 0.022993555897782514 0.03228578866963625
23 0.25435766170289786 0.17242208203372572 0.027063497004775172 0.03701874200349984
6 0.45193206614940157 0.17237827072722448 0.023774805897782515 0.032294879336408934
6 0.1831275024470707 0.167688581357408 0.026899805897782514 0.032331242003499835
23 0.2415848431912436 0.16446413136536217 0.024474210344286186 0.029960220003181704
6 0.43994049763774734 0.16442941072563366 0.02382936960011328 0.033857379336408935
6 0.17186262023308557 0.15818631202258987 0.023157247004775127 0.03697328866963625
23 0.22716767912609298 0.15414424936345314 0.02843502404661713 0.03156817333704529
6 0.01776539727492759 0.15092670066836356 0.027346239200226802 0.06747840133672711
6 0.15593751987026588 0.14941074868713541 0.030024805897782558 0.032367604670590744
6 0.4230431743167696 0.1501760067234065 0.0335317518140986 0.04334146733768165
6 0.20695438284695733 0.13438573269413512 0.030052087748947985 0.03314885467059074
6 0.005364600995791889 0.13125909066677272 0.00404514845605394 0.07111193133354546
6 0.0912202554422956 0.1299153140117722 0.040518361795565096 0.06450794267186337
6 0.18461559137714506 0.12084994402449886 0.029243555897782512 0.03235851400381797
23 0.029672631032858783 0.08937158267027256 0.031750997004775114 0.037073286004136154
6 0.39995784918169336 0.09289930872054299 0.041726197730414506 0.054369874005408846
23 0.01684524881887365 0.079851132001909 0.02905258293962455 0.02688976400381802
1 0.06447421696770822 0.07962441267504507 0.06006945916315991 0.11002952800763602
1 0.26245784918169335 0.09129935136854384 0.1967906983633867 0.17878062269254427
6 0.3774553666048885 0.07467602005090675 0.03981895734906136 0.06684260200509069
6 0.032832347367594814 0.045676126670908895 0.0434523888374071 0.05907555533895429
6 0.3457862151536097 0.03994648404677058 0.02312996515360961 0.03619203866963623
6 0.33535714664195543 0.032015805378725185 0.023184528855940557 0.037754538669636226
6 0.3224752007256394 0.020932854710361624 0.0228844284931208 0.02916078866963623
6 0.31212797776748136 0.015345926042316235 0.025791173683797373 0.022947151336727117
23 0.09477678666048886 0.00813122067949941 0.027053573320977707 0.014371582670272559
23 0.07678075480932342 0.007140885343726794 0.025436509618646852 0.012790901336727117
6 0.051026786660488856 0.007622143340226956 0.03799107332097771 0.014498852005090674
6 0.138472222958158 0.007077798018771864 0.04332341406515057 0.01065623667249973
6 0.7255407910912941 0.873715693427723 0.03735615626060227 0.04104317067154497
23 0.7080804725796399 0.8657031987587231 0.031778278855940555 0.03785453600413646