1 0.8669420958079502 0.9818118127187929 0.13126984736759512 0.03637637456241407
1 0.6963939828312589 0.9966231980426343 0.06767857332097763 0.006753603914731343
6 0.61411719617077 0.9892555933720437 0.01973214664195542 0.021488813255912474
6 0.7474604311098275 0.8528855727641318 0.09046628729346118 0.13068747334499947
6 0.4482838319281342 0.7611589600572701 0.0976339465492881 0.13467553934595386
6 0.47370543946253 0.6169822460614063 0.11912700063297202 0.1239925780155902
1 0.021760993546214066 0.6007903406667727 0.008328399089026123 0.19376818133354554
6 0.8284003739461007 0.5765963401097677 0.057971245823648945 0.11703350600731781
1 0.9568080499073328 0.5353093634627213 0.08638390018533429 0.6276533800127266
6 0.2376984736759482 0.45570674936345323 0.03918404028868592 0.09338692067154533
6 0.17317218220613592 0.44168006468808996 0.07642114546082901 0.10865793200986325
6 0.4723636503549705 0.4443805400620426 0.14163940689357446 0.16486302601845376
6 0.351383973042976 0.33442319004613424 0.0708432680561673 0.10546929734245411
6 0.2675174045313217 0.32563798870145294 0.05836062622353531 0.08345793734086335
1 0.7252654171451935 0.30675546009704097 0.2185243438242157 0.28680220802831685
6 0.4536334646054555 0.24346293006045178 0.09845240208425103 0.15811303934595394
6 0.17230161905195923 0.2378465400222717 0.0911309754052287 0.17208463267822677
6 0.2620163942797027 0.19047264803468023 0.05058533175849824 0.10679544000636336
6 0.3737252205959053 0.16912545404995225 0.092428091377145 0.11977724534531764