6 0.43892043931367797 0.8765703075540887 0.02900836216700924 0.1379470573269465
6 0.41079543931367796 0.8780442763464243 0.027191194182231725 0.13161517017181623
6 0.38173002182319193 0.8756529387163248 0.028258945665106516 0.13868736374938137
6 0.3549765208346088 0.8723575203535306 0.02972594517081486 0.1364255009045113
6 0.8542761838764704 0.8289661307120101 0.02284193380210837 0.08227358943912186
6 0.9152800094659023 0.7889718945068199 0.018600102775469196 0.0929654279737326
1 0.9481243429639994 0.7880335142490951 0.051534619581383015 0.17420878392119796
23 0.7808904220134723 0.7764419962704137 0.02539127224312132 0.1065742265942518
6 0.9807312545229863 0.7620541904138054 0.016623767300205827 0.08272729081860283
28 0.8159047505686537 0.7519023417024295 0.0563467949805343 0.21577880823145748
28 0.6666541670705565 0.7589413150173208 0.05462512749004844 0.21179067107632754
6 0.7046807490857789 0.7506850797166418 0.01831360129259423 0.0859341779737326
23 0.6286448311010013 0.7484066067404347 0.025009270265955053 0.0971992265942518
28 0.4737663301124181 0.7518259350982802 0.052903459999562585 0.20780253392119796
28 0.3049699091618911 0.7403163042747286 0.05880329152049333 0.199536332541717
23 0.26825115916189113 0.7422406524202778 0.023701438250732655 0.10336733943912187
23 0.9960509236970166 0.6506286895092943 0.007898152605966758 0.08507104081860284
23 0.9012918108350462 0.6378188302824687 0.018472768783080084 0.0898404279737326
23 0.8817605608350462 0.6388424197215906 0.019254018783080085 0.08988137155129756
23 0.9562193913673941 0.6216305862753625 0.017468684296400028 0.08433073439616781
28 0.11808272140545002 0.6498971014249095 0.030492607718384957 0.11697613805964088
23 0.861899046994882 0.5741181784280178 0.015842517300205826 0.08268634724103804
23 0.40839204501771553 0.5884904534156459 0.023111189239315877 0.10801389586155707
6 0.2652322940291323 0.5912956281100182 0.01934951927737192 0.09222512155129756
23 0.42696829007479964 0.5640293639765239 0.019907934790691684 0.08679731512886235
6 0.14146187159573045 0.5703800197877037 0.01981243429639994 0.08445356512886235
23 0.17794319965662017 0.5434147280645897 0.02009893577927473 0.09148481512886235
23 0.160723866158523 0.543534236771017 0.019907934790691507 0.08679731512886235
23 0.09490786516993983 0.5422859972864666 0.01668743429639994 0.08428979081860284
6 0.9985250073093915 0.4584854551131265 0.002949985381216891 0.09222512155129756
1 0.9345340978697344 0.4160766270939654 0.04027612600717347 0.2040224366801599
6 0.19268217889637354 0.4439945822030326 0.01915851828878874 0.08753762155129756
23 0.17471342889637353 0.4449362844870248 0.018377268288788738 0.08749667797373259
23 0.15671284539827635 0.445096736771017 0.017995266311622383 0.07812167797373278
23 0.09033842889637353 0.4493581908640314 0.019716933802108372 0.08210981512886235
6 0.10974234490398475 0.4452096014249095 0.018122600304011183 0.0812466779737326
23 0.9672046764249156 0.3916598032586758 0.019907934790691684 0.08679731512886235
6 0.6569529259306239 0.4055706535519315 0.10715456129215681 0.29562011646291475
6 0.7600142589344296 0.39860360131336786 0.11246414380167095 0.292000471505869
23 0.9917414725947026 0.3214358344663402 0.0165170548105948 0.08046542797373268
28 0.5070391561589604 0.3194771025565633 0.03130569121648215 0.11779833163720577
28 0.45534932216657176 0.31905437867584513 0.031800439733607355 0.11080802521477065
28 0.2877798201894054 0.31844130427472855 0.032055107718384955 0.11705802521477064
6 0.872333892318796 0.23456767752350674 0.02091201927737174 0.09230700870642732
23 0.988230806349241 0.21596708446634022 0.01909485129259423 0.08597512155129747
23 0.9506989728511439 0.21715112618945423 0.018903850304010917 0.08128762155129757
23 0.9693534723568522 0.21382473032789723 0.01824993429640003 0.0843716779737326
23 0.8246312213682689 0.21671179217739925 0.019190351786885884 0.08831887155129756
6 0.40018963688158865 0.2334754047951269 0.020943852775469195 0.09308825870642731
6 0.31653221988539426 0.23629386759456864 0.01981243429639994 0.08445356512886244
6 0.232906636387297 0.23989358039401038 0.01856826927737192 0.0921841779737326
23 0.8906554693911026 0.20385658808438484 0.019971601786885885 0.08835981512886235
23 0.8468418023949082 0.20458692842801787 0.02088018577927464 0.09152575870642732
23 0.525988132927256 0.208092545229617 0.019381352775469197 0.09300637155129757
23 0.3352039654367699 0.21417652815544672 0.020752851786885886 0.08840075870642732
23 0.43748404844057553 0.20725041949444795 0.01909485129259423 0.08597512155129756
23 0.41795279844057553 0.2082740089335699 0.01909485129259423 0.08597512155129756
23 0.3539221319386727 0.21241263229388974 0.02134310079830275 0.08375420228399211
23 0.2693561309500896 0.2121470386708963 0.020689184790691505 0.08683825870642732
23 0.2505424639538952 0.21156718453245332 0.017468684296399938 0.08433073439616781
6 0.9974599318249421 0.13381632575991292 0.005080136350115794 0.08494821008590829
6 0.5060138725471326 0.15981549751360916 0.019876101292594407 0.08601606512886244
23 0.985096536083286 0.11983239088877533 0.01818626730020547 0.08280917797373263
6 0.9475328690870913 0.12023518261188937 0.019126684790691684 0.08675637155129752
23 0.9654061185928 0.11694973032789721 0.02169326927737174 0.09234795228399215
6 0.9091879520908972 0.12067891791256828 0.02290560079830257 0.08383608943912187
23 0.6995264506080223 0.12462054669995506 0.01906301779449713 0.08519387155129751
23 0.718994033611828 0.12203445726083315 0.019190351786885884 0.08831887155129751
6 0.6173997001137307 0.126575872344267 0.02006710228117754 0.09070356512886239
23 0.5969916996194391 0.1252966553609538 0.017341350304011093 0.08120573439616777
23 0.8859268656270503 0.10702253166194971 0.01793159931542796 0.07655917797373264
23 0.8015518656270505 0.11144443803895629 0.020530017300205827 0.08293200870642728
23 0.8209876151327589 0.10807709859983441 0.020943852775469195 0.09308825870642723
6 0.8390200321289532 0.10869789631584226 0.020593684296400027 0.08449450870642727
6 0.7560801981365645 0.10991291553771909 0.01850460228117754 0.09062167797373263
23 0.7373301981365644 0.11089556139927612 0.01612901878308044 0.089717597241038
6 0.6818296146384671 0.1130213054063823 0.020657351292594228 0.08605700870642727
23 0.661326113649884 0.10939833842306909 0.020003435284983162 0.0891410651288624
23 0.521323196159398 0.11282098880718187 0.01896751730020547 0.08285012155129752
23 0.5776368631555924 0.11143555122251081 0.01909485129259423 0.08597512155129752
6 0.45247769566510654 0.11408027363289097 0.01890385030401127 0.08128762155129751
23 0.4126657791632036 0.11694964608869965 0.020657351292594228 0.08605700870642727
23 0.4328827786689121 0.11354136307201286 0.01824993429640003 0.08437167797373264
6 0.3671622781746205 0.11463687358746244 0.01896751730020556 0.08285012155129752
23 0.332882778668912 0.11878214100031699 0.018808349809719616 0.07894387155129752
23 0.3483804446765233 0.11483826944901947 0.01906301779449713 0.08519387155129751
6 0.2843816116727177 0.1197581428093393 0.01896751730020556 0.08285012155129752
23 0.24675427768032893 0.11859843453245333 0.021247600304011093 0.08141045228399216
23 0.26384627718603726 0.11535392582602606 0.021183933307816715 0.07984795228399215