6 0.9453935522833652 0.8916883848268627 0.028530859695551313 0.12609161910658778
6 0.8914873022833651 0.8941991087720149 0.030874609695551315 0.12620078101724666
6 0.9204572192795595 0.8912902785405563 0.02865819368794007 0.12921661910658813
28 0.258848557226281 0.9002717119534399 0.05075336958138301 0.17391268899896417
6 0.29269697521105853 0.8924570579006641 0.020657351292594318 0.08595677067816432
6 0.2273903101920305 0.88770109139911 0.019190351786885884 0.08822774607105828
6 0.13980939715016882 0.874625356700591 0.019844267794497127 0.08513913337461147
6 0.19475156513494638 0.8658282454518862 0.02088018577927473 0.09142552067816467
23 0.08406873311972393 0.864745242556402 0.01753235129259434 0.08581122146395259
23 0.010136484602598701 0.8611707863939302 0.019907934790691532 0.08670163337461148
28 0.1678853176064043 0.8553830510762385 0.04056794467652329 0.13444992865988184
28 0.06180907254932018 0.8369306116629897 0.02929752224312141 0.10663314371369381
23 0.03360315950745849 0.8210894418944481 0.020848352281177505 0.09064427067816468
28 0.8545841629674996 0.766476523163873 0.06062045950527093 0.20556294933804614
6 0.22739692186474816 0.7535808025239806 0.022856521254538187 0.10165454528527036
23 0.16373101129434442 0.7276946987188737 0.020035268783080352 0.08982663337461147
23 0.20204409479244162 0.7251304708447802 0.01853643577927473 0.09131635876750561
23 0.1841071782905388 0.7251861288264976 0.020943852775469108 0.0929880206781645
23 0.08892201228292759 0.7265003798599549 0.021693269277371897 0.09224315798171734
6 0.0010323233372338723 0.730194768196965 0.0020646466744677445 0.08819135876750561
23 0.014862429773413566 0.726050923697483 0.01915851828878873 0.08744649607105863
6 0.04808876524867711 0.71436640694826 0.018472768783080306 0.0897538587675056
6 0.30040068175057993 0.7033945579006641 0.018122600304011093 0.08116010876750561
6 0.1420934332334547 0.7037499305219086 0.017963432813525148 0.07725385876750561
23 0.06728443422203785 0.7025556116629897 0.02043451680591395 0.08048802067816449
23 0.12356626772013506 0.6991544758071789 0.017373183802108373 0.08190497146395259
23 0.9697701056668565 0.63790841336291 0.00927152372599629 0.11271832382131759
6 0.26495261308123036 0.6356462857747577 0.013053098326844825 0.07156678494618803
6 0.28558344806220226 0.6268877158823815 0.018345434790691506 0.08662885876750562
23 0.8265267830431743 0.5938952018237548 0.026794604752635464 0.10261773180303493
6 0.18829195399370133 0.6033475161300504 0.027926023231704587 0.11124786910658777
6 0.8447966219784788 0.5665321811455903 0.020721018288788785 0.08751927067816431
6 0.2199876229670621 0.5909545239879332 0.028067944676523293 0.13386773180303493
23 0.12327179045754806 0.5915602996284965 0.01906301779449713 0.08510274607105864
23 0.0877308798871443 0.5643642528954841 0.019126684790691552 0.08666524607105863
23 0.14361346536240785 0.5516245043432262 0.01896751730020556 0.08275899607105863
6 0.16402146585669944 0.5483346844508501 0.018090766805913948 0.08037885876750561
6 0.25783513285289383 0.5424057080244986 0.01665560079830275 0.08343108416039975
1 0.024118308156358088 0.5411129975188006 0.048236616312716175 0.21571919933804615
6 0.6122653062748789 0.49392739681857484 0.018536435779274642 0.09131635876750561
23 0.10545423216832181 0.4738655314315315 0.015683349809719572 0.0787071968568469
6 0.5453298156664189 0.4525982295312326 0.017341350304011273 0.08112372146395277
6 0.5056133996588078 0.4513289820124319 0.019126684790691507 0.08666524607105863
6 0.48858506714929373 0.4482232526905964 0.019716933802108372 0.08201413337461147
23 0.1436864026245573 0.45415019086099084 0.01899935079830275 0.08354024607105863
28 0.8547631654761385 0.36020940653848454 0.044601528668912135 0.1377568651776464
1 0.2068031679475965 0.3786921184874153 0.09941370406806342 0.18163745181924557
28 0.1114880093543591 0.3449228941279785 0.03580219022789901 0.11317424214211717
28 0.08446259433533107 0.338383949752331 0.03277269072219058 0.11537244292790536
6 0.15487059482962265 0.3327653424325674 0.014997600304011182 0.08101455955329388
23 0.1358486807991778 0.3211750250213906 0.017373183802108373 0.08190497146395277
23 0.042289681787760956 0.320854001447742 0.01931768577927471 0.09135274607105863
6 0.9746392667687328 0.26963144830909813 0.01844093528498334 0.08897260876750561
6 0.890423434259219 0.2696550270928144 0.02162960228117754 0.09068065798171734
23 0.9866591057040376 0.2425595260593571 0.006563017794497128 0.08452054921421173
23 0.9297551896964263 0.24209079921872095 0.01850460228117754 0.09053510876750562
23 0.9110688566926207 0.2414015945039912 0.020752851786885886 0.08830052067816441
23 0.845634857681204 0.2397706280024372 0.021406767794497482 0.08521190798171734
23 0.2809184416735927 0.2629536484712046 0.022746433307816716 0.0798159325888232
9 0.6540840276431478 0.23309690467645766 0.31342180733782427 0.2859568864749834
23 0.057380123992826305 0.19928721650155398 0.01821810079830275 0.08350385876750566
23 0.04038362498140948 0.1954002371797184 0.01990793479069153 0.08670163337461148
6 0.9513847919776038 0.15141014123700355 0.015587849315427959 0.07636344685684686
23 0.9913240424718955 0.14721063875580417 0.004873183802108372 0.08132277460710587
23 0.9327302924718953 0.14993968652227385 0.01896751730020583 0.08275899607105859
23 0.9140439594680899 0.14925048180754413 0.01906301779449713 0.08510274607105854
23 0.12826562695857585 0.1819498591817904 0.019653266805913994 0.08045163337461152
6 0.8688587934604787 0.148235945413614 0.019876101292594227 0.08592038337461147
23 0.16651504346047863 0.18094813130769688 0.016160852281177494 0.09042594685684686
23 0.02126621045667302 0.18615366976854164 0.015842517300205555 0.08261344685684686
23 0.8510492109509645 0.14516660339533136 0.017564184790691682 0.08659247146395273
23 0.0909247944490618 0.179790199752331 0.020752851786885927 0.08830052067816445
23 0.249550377947159 0.17162232713108644 0.01587435079830275 0.08339469685684686
6 0.26833221144525615 0.16996778184581618 0.02009893577927464 0.09138913337461152
23 0.28642829543764503 0.16600587386409882 0.01772335228117754 0.09049872146395269
23 0.18580621292813096 0.1667935860224266 0.016751101292594318 0.0857748341603998
6 0.22284329790910293 0.15727088275543893 0.01978060079830275 0.08357663337461148