9 0.8049236274528674 0.21431062521204503 0.13702774509426519 0.3761309687818068
9 0.03203125 0.19408730589778253 0.0640625 0.38817461179556506
9 0.20144845897379823 0.2018427861123347 0.13772808205240353 0.3933184687818067
9 0.6044461249814095 0.21904522131369547 0.14657650003718103 0.3998685691446264
9 0.40060354197760384 0.2103621581595188 0.1417616660447923 0.39657987803763384
23 0.5218458250951402 0.057341340280836706 0.03367200444862419 0.022239587748947985
23 0.4723087401141683 0.06343508365741475 0.025732170456235437 0.018841769237293703
23 0.7206507396198767 0.07445446232802082 0.03129642095052709 0.0213764921954517
23 0.9518370726236822 0.08409239027298748 0.031169086958138338 0.01825149219545168
6 0.9509775681750579 0.10518614027298749 0.03257241946765248 0.014399805897782513
23 0.9142269846769608 0.10468514326821236 0.033481003460041237 0.017552087748947988
6 0.9502135642207253 0.1239361402729875 0.034357753954332534 0.019923119600113372
23 0.9133674802283366 0.12577889326821237 0.03357650395433254 0.019895837748947987
6 0.9492585592778096 0.1473736402729875 0.03217317144481839 0.02374752404661713
6 0.31403864228161504 0.12675599527549458 0.022349843878220543 0.050709328130301136
23 0.9132255587835179 0.1484624251193778 0.03214133794672165 0.02296627404661713
23 0.9476814718253795 0.16687760842182206 0.03364017095052709 0.021458337748947988
23 0.9452594673767554 0.18791679471949121 0.03273158695813834 0.018306055897782513
23 0.9114428828900749 0.1922124251193778 0.03279525395433254 0.019868555897782515
6 0.9459306294300337 0.20984635842182206 0.03136008794672165 0.022938992195451657
6 0.9443535419776039 0.22935032657065663 0.029765754448624192 0.022103178493120802
23 0.9097238739928262 0.2343999251193778 0.032890754448624195 0.022212305897782513
6 0.942776454525174 0.24885429471949122 0.03198217045623579 0.01906002404661713
6 0.9427300335746469 0.26919407657065664 0.028793503460040882 0.017388396641955416
23 0.9065551116355366 0.2929663932682124 0.03107358646384668 0.015907742195451657
23 0.9049461906850095 0.31325161141704694 0.030387836958138337 0.018224210344286274
6 0.940788190190718 0.31685032657065665 0.031982170456235436 0.01906002404661713
23 0.9032908487839553 0.35387661141704696 0.03126458745242999 0.020595242195451745
6 0.08015709631249741 0.33686757213985136 0.058556599315428004 0.07771826143274536
23 0.4607730849437909 0.40414192921091097 0.012561008402957086 0.040225695916316084
6 0.5161781679475965 0.4076414406436564 0.013964340912470874 0.036374009618646855
23 0.5036781679475965 0.40720493102500954 0.010839340912470874 0.03626488221398514
23 0.4715832509514021 0.40764887512722703 0.012401840912470874 0.036319445916316084
6 0.4903650844494993 0.4075223895551973 0.011461423421985018 0.032385914065150526
23 0.4312646570731816 0.4563120644201211 0.013087590418179574 0.03400297776748147
23 0.47495099007698716 0.4594023480853851 0.012656508897248564 0.04256944591631608
23 0.41866915657889 0.45821930480147427 0.012592841901054187 0.04100694591631608
23 0.44370099007698727 0.458311074038768 0.01246550790866543 0.037881945916316086
23 0.3764498230807928 0.457527334838541 0.013437758897248565 0.04259672776748147
23 0.4061054895826956 0.4593452951828274 0.01249734140676253 0.03866319591631608
23 0.49207482308079287 0.46156504881102445 0.015032092395345842 0.043432541469812236
23 0.3928560730807928 0.4581002537130151 0.012592841901054187 0.04100694591631591
23 0.3607611560845984 0.4585441978152326 0.01402800790866543 0.03793650961864685
23 0.4576679895826956 0.4611458973597456 0.011747924904859808 0.03941716406515052
23 0.12008973513407133 0.4704811695074461 0.01584517589344294 0.04424107332097762
6 0.13258973513407132 0.470917679126093 0.013405925399151374 0.04181547776748147
23 0.14587098513407132 0.47138147059590524 0.013405925399151374 0.04181547776748147
23 0.31270831665500215 0.48581353674530686 0.029702087452429814 0.0205406784931208
6 0.5502892296968639 0.5113220013507623 0.0191293433839288 0.04825645072563951
23 0.45966422969686394 0.5081573066155727 0.012274506920082117 0.03319444591631608
23 0.5814755627006696 0.5139757753973795 0.01331042490485963 0.039471727767481465
6 0.4478818127006695 0.5093105788480913 0.014745590912470874 0.03640129146981223
23 0.48691247920257225 0.5114559214063628 0.01581334239534584 0.04345982332097762
6 0.37210056270066943 0.5066642392850448 0.011652424410568152 0.03707341406515052
6 0.5330062292025722 0.513065550625123 0.013342258402957085 0.04025297776748147
23 0.42050622920257225 0.5091369640573014 0.01402800790866543 0.03793650961864685
23 0.5689437292025723 0.5143205157787326 0.012592841901054187 0.04100694591631608
6 0.3837874792025723 0.5078547170525262 0.01480925790866543 0.037963791469812234
6 0.40956872920257226 0.5087550181409853 0.01090300790866543 0.03782738221398514
6 0.5001618957044751 0.512700962876175 0.010966674904859808 0.03938988221398496
6 0.39625564570447513 0.5090724766711731 0.012433674410568241 0.03710069591631608
6 0.4329425622063779 0.5111359736759482 0.013900673916276673 0.03481150961864685
6 0.4727544787082808 0.513308598085385 0.011493256920082118 0.03316716406515052
23 0.8469095617120864 0.5279391047936249 0.015654174904859985 0.03955357332097762
6 0.8617851452101835 0.5276762099657681 0.018938342395345843 0.04356895072563951
23 0.19917505726346202 0.5264434820286507 0.03364017095052709 0.021458337748947898
23 0.03713797228249007 0.528608638837407 0.032890754448624285 0.022212305897782513
1 0.7365331358186433 0.5678969274816306 0.20632954893486719 0.23890627649368773
23 0.19812455182625457 0.5522247320286506 0.03142375494291585 0.024501492195451745
6 0.8473114683281574 0.5756772003471212 0.01249734140676253 0.03866319591631608
23 0.19791896338524148 0.5764707638798161 0.030547004448624283 0.02213046034428636
23 0.03505420745374245 0.5989484206885726 0.03129642095052709 0.021376492195451745
6 0.006577333840930101 0.599201391832632 0.013154667681860202 0.022157742195451746
23 0.031850953005118164 0.6199603251350763 0.031169086958138303 0.018251492195451746
6 0.006083914620423567 0.623420141832632 0.012167829240847134 0.022157742195451746
23 0.20439711505839667 0.6478918960938012 0.013964340912471052 0.036374009618646855
23 0.18955336505839668 0.6473735409216581 0.01780692391627663 0.034947918874473946
6 0.005231703898014228 0.6444866099814666 0.010463407796028456 0.019032742195451747
1 0.46453877760596674 0.6765352843830541 0.25903805486636616 0.26883187867060626
23 0.20352302315734253 0.6885441779449666 0.015686008402956995 0.04033482332097762
23 0.18630368965924532 0.6887252272193273 0.02053267589344294 0.04440476442797028
23 0.6824345903438174 0.7819395801140356 0.014091674904859807 0.03949900961864685
23 0.6668095903438174 0.7813939430907271 0.01646725840295691 0.040362105172143184
23 0.738620923347623 0.7854663733979466 0.015781508897248563 0.0426785733209778
6 0.5316241654389575 0.815791246541439 0.02791675296574958 0.015017364790789856
6 0.3674024979484716 0.813968307796699 0.03057883794672147 0.02291171034428636