23 0.571875 0.3046875 0.04296875 0.01484375
6 0.059375 0.40234375 0.0828125 0.07578125
6 0.00078125 0.403125 0.0015625 0.08046875
23 0.775 0.428125 0.01640625 0.0296875
23 0.82265625 0.42890625 0.0109375 0.02578125
23 0.75546875 0.43125 0.01484375 0.02890625
1 0.65078125 0.4375 0.06953125 0.0515625
6 0.45546875 0.4375 0.0875 0.09765625
6 0.56328125 0.44921875 0.08984375 0.08125
23 0.7125 0.47578125 0.0375 0.01875
6 0.225 0.48203125 0.09765625 0.0875
23 0.6625 0.51796875 0.04375 0.01640625
23 0.6203125 0.521875 0.0375 0.0109375
6 0.4046875 0.55078125 0.06484375 0.0609375
6 0.27734375 0.6328125 0.01171875 0.02734375
1 0.46328125 0.63671875 0.0640625 0.04609375
1 0.05546875 0.6640625 0.0890625 0.22109375
23 0.2765625 0.6765625 0.03984375 0.02421875
6 0.978125 0.678125 0.04296875 0.09375
1 0.346875 0.77265625 0.078125 0.0734375
23 0.63359375 0.77578125 0.0515625 0.02109375
6 0.434375 0.7984375 0.0921875 0.09609375
23 0.63515625 0.80859375 0.0609375 0.021875
23 0.634375 0.84296875 0.05546875 0.02109375
6 0.4015625 0.8953125 0.08984375 0.1015625
6 0.278125 0.89765625 0.1171875 0.09375
6 0.16328125 0.89921875 0.09296875 0.109375
6 0.04765625 0.93203125 0.09453125 0.11328125
6 0.49609375 0.95234375 0.01875 0.04375