23 0.11953125 0.8443596220162266 0.04609375 0.02006759933959046
23 0.37421875 0.8301356793841339 0.01484375 0.05407897266868176
23 0.33203125 0.828863533378407 0.01875 0.047874426002545434
6 0.353125 0.8275464813812705 0.01875 0.045530676002545435
6 0.29453125 0.8268646813733163 0.0234375 0.0455852200031817
23 0.265625 0.8265283267027257 0.01875 0.04553067600254508
23 0.31484375 0.8271010387094071 0.0125 0.049364200668363625
6 0.7640625 0.7956094221037224 0.07734375 0.09464997601049951
6 0.87890625 0.7914770001193127 0.07109375 0.0812960006763177
23 0.01015625 0.7516806786680454 0.0203125 0.0471113573360908
6 0.85546875 0.732610530116131 0.02109375 0.04555794800286357
6 0.22734375 0.7198328840308623 0.01640625 0.0408159040022273
6 0.79453125 0.6615889581078587 0.11875 0.1193505313494537
23 0.296875 0.6487669533736344 0.02421875 0.0455943106699543
23 0.2296875 0.6479851560311805 0.01796875 0.04552158533577248
23 0.20703125 0.6477215266947715 0.01953125 0.042414766669318024
23 0.1859375 0.6474760786919079 0.01953125 0.05100851666931803
23 0.26640625 0.6476311673694983 0.01796875 0.04395908533577266
23 0.32890625 0.647577170711316 0.01640625 0.042378404002227296
6 0.36953125 0.6441436353834977 0.01484375 0.05251647266868176
9 0.0421875 0.638772146005727 0.08359375 0.12519145134468132
23 0.35 0.6415726187141797 0.021875 0.05416078866963616
6 0.35859375 0.5854226160486796 0.0953125 0.120640311346272
6 0.4859375 0.5837793947326333 0.0921875 0.10497894867918127
1 0.19609375 0.5100942573599533 0.12265625 0.12017723468331738
6 0.11796875 0.4826226906826811 0.01796875 0.047084085335772484
6 0.7453125 0.4750787461011772 0.12109375 0.12484655334977202
6 0.503125 0.4691356394016332 0.0984375 0.13630167401336307
6 0.38203125 0.4638203360518613 0.11328125 0.12319314668204484
23 0.83515625 0.4526866727800402 0.0171875 0.04941874466899989
23 0.8703125 0.4515332527848127 0.01484375 0.04236022266868176
23 0.25625 0.4256379887014529 0.0171875 0.04316874466899989
23 0.2796875 0.42512945870463464 0.0171875 0.042387494668999895
6 0.15703125 0.3908897240213172 0.021875 0.05416078866963625
23 0.1078125 0.3903170120146357 0.0203125 0.054142607336090796
23 0.13125 0.38902723201781736 0.01640625 0.05800340400222721
23 0.6640625 0.35460206675681405 0.01875 0.045530676002545345
23 0.640625 0.34964184675363236 0.01953125 0.04944601666931803
23 0.00078125 0.3296965906667727 0.0015625 0.03595568133354545
23 0.34296875 0.9297720527132253 0.0421875 0.021584646005727137
6 0.03046875 0.17926078600413614 0.01875 0.049436926002545345
6 0.071875 0.16880509134309046 0.01484375 0.033766472668681755
9 0.04765625 0.916960780673136 0.0953125 0.130796561346272
23 0.1203125 0.9099937126829992 0.0421875 0.021584646005727137
9 0.52734375 0.9147299500715876 0.3296875 0.07727376137808868
6 0.68515625 0.02750376475967754 0.01171875 0.03919886000159083
6 0.7546875 0.027531584102449835 0.01640625 0.03769090400222717
6 0.45859375 0.024086221395588046 0.01640625 0.037690904002227174
6 0.6546875 0.025586728755541365 0.01328125 0.036092041335136285
6 0.7203125 0.029475344764450045 0.01796875 0.042396585335772605
6 0.53515625 0.022633356739314842 0.01953125 0.03303976666931806
6 0.6015625 0.02496856341499624 0.01328125 0.036092041335136285
6 0.50390625 0.023050980068405943 0.01796875 0.03458408533577261
6 0.57265625 0.023850958744405515 0.01796875 0.03458408533577262
23 0.778125 0.025460554105631507 0.01953125 0.03303976666931806
6 0.4203125 0.010359528723724648 0.03671875 0.011364761338317953
23 0.7078125 0.9074548940960865 0.01640625 0.0494096540022273
6 0.7265625 0.9068918200986318 0.01875 0.04553067600254508
1 0.0578125 0.06864145934118146 0.1125 0.13724655601527203
1 0.81640625 0.8923122467774949 0.13515625 0.115635185351681
23 0.11953125 0.8732658720162265 0.04296875 0.02315623667249973