6 0.19134815422264084 0.2787227446425224 0.011537517856907487 0.03475694591631599
6 0.15379360714474016 0.2805382157865819 0.013140928165332966 0.03715525961864685
6 0.135029970375265 0.2806647013586116 0.010824451704283344 0.038635914065150524
6 0.17252997037526502 0.28197423021455215 0.011646612012708868 0.041006945916316
6 0.6494492061718055 0.4573190368301249 0.01582559740221221 0.056768355172143
6 0.6994492061718055 0.45906507530471236 0.018032979707460584 0.04903770072563951
6 0.6743537487854793 0.46366080606741855 0.014276734171687445 0.057495041469812234
6 0.5771105560096498 0.48137160652290556 0.0308233060063543 0.021376492195451745
6 0.929203115669452 0.5976365351008444 0.0355108060063543 0.021540183302444404
6 0.9231070742735943 0.6333830621426864 0.03866307954530477 0.02321181070710594
6 0.47230645901447454 0.7083209977225653 0.035565353084255055 0.024665183302444403
6 0.5465115722449994 0.7116940235832809 0.030082966314779823 0.023692960344286362
6 0.14781497362497115 0.7126240294889128 0.03862216923687924 0.02086806070710594
6 0.10068087500494294 0.725830868418987 0.010810814934808155 0.03785466406515052
6 0.5825075734628153 0.7543825205880561 0.015580135551659246 0.04270585517214318
6 0.6074939366933402 0.7560367898253497 0.01637502232113448 0.043514387023308565
6 0.1465564366933402 0.7399404976377473 0.03778637215897858 0.017715778855940556
6 0.14373539976170926 0.7672024020842511 0.03545625892845372 0.018415183302444228
6 0.10073937622275893 0.7672644002701524 0.012373314934808154 0.03790922776748147
6 0.6418592540637803 0.802576973127794 0.01396308847375849 0.039526291469812236
6 0.14717799959955347 0.7939013113400781 0.03233125892845372 0.018306055897782513
6 0.9307853863690287 0.8204837580590023 0.03781364569792913 0.019278278855940557
6 0.890573443593199 0.8401861336495656 0.0173744606327368 0.056041668874473774
6 0.4709876465152984 0.8286607795737307 0.014853432629559826 0.04580357332097762
6 0.5725365097458232 0.8329886702252363 0.01408581939903506 0.04655754146981224
6 0.5467279862068729 0.8336508691367772 0.014812522321134303 0.04345982332097762
6 0.14273991559002186 0.824233652084251 0.03544262215897857 0.017633933302444404
6 0.9278416185121212 0.854776912505506 0.037800008928454074 0.018497028855940557
6 0.06576831250576676 0.8449975306700391 0.04563978246740408 0.020332347367595104
6 0.9273097845025895 0.8852456625055062 0.03471591923687924 0.02073165145127902
6 0.6381518271162634 0.8806201275742979 0.015539225243233723 0.040362105172143004
6 0.6053120535773131 0.8810367898253497 0.017773881087432386 0.03419395072563951
6 0.06217966234361098 0.8714509032653772 0.04261023985373027 0.02569196996293286
6 0.1114841871003773 0.9130406917399647 0.02374719155801359 0.06329117368379755
6 0.9364472309318671 0.9872154654178752 0.015334673701106282 0.02556906916424957
6 0.53821823661391 0.9978571797590652 0.014471603084255057 0.004285640481869635
6 0.5889858498444348 0.9995114489963589 0.016006829545304767 0.0009771020072822268
6 0.56556198661391 0.9983209712288776 0.01603410308425506 0.003358057542244808
6 0.5139858498444349 0.9982019201404183 0.016006829545304767 0.003596159719163339
6 0.04507220861073276 0.9994605694187036 0.00786704707790068 0.0010788611625926591
6 0.10995686891915826 0.998139888837407 0.020448867694751717 0.0037202223251860287