6 0.268169150838398 0.7241656477560034 0.0459952527135334 0.07437525889724875
23 0.6808815920411136 0.5875303997703509 0.028442582541716988 0.051831755437207506
1 0.4766444713943273 0.5705962732688856 0.04344346279944169 0.08518542490485981
1 0.26318283695273104 0.49065281079786527 0.06477955223856365 0.1055443458553869
6 0.45224201492646365 0.4834809338392894 0.02251680913596843 0.07263900395433272
6 0.48427326492646366 0.4847861072612744 0.03707395409301455 0.06777509041817939
6 0.6277609933297377 0.4209530534206724 0.041355340343633175 0.04534167490485981
6 0.2791154534156459 0.395785979771226 0.039257251809022266 0.04993367441056815
23 0.3705560029406761 0.36897808205240346 0.14669461555840363 0.07691928015178684
23 0.7039417130265843 0.3716016522418089 0.02017970318850324 0.04291967045623544
23 0.7946862217330116 0.35807500452298635 0.019517961894930734 0.06004350346004106
6 0.8849394075086604 0.35392335680416387 0.021206614653892685 0.047639003954332716
6 0.5332507547496984 0.32706644916232863 0.05839675542706679 0.14738167737631774
23 0.7059479483272633 0.3333204022418089 0.01952460594746519 0.030419670456235438
23 0.8844347964728125 0.3037960228117751 0.02383696969684692 0.05320325444862428
6 0.717243974446545 0.282108070720878 0.04714831693788461 0.06662642589344295
23 0.7110216299190405 0.22156981874371168 0.016437227498762752 0.04588550296574949
6 0.21430708220303268 0.18332313045579798 0.020793856851976412 0.05463842045623553
23 0.17154305009085705 0.17766603806045222 0.05262038896415207 0.052037343878220545
6 0.00789993088550848 0.16613433596955512 0.01579986177101696 0.05554700444862428
23 0.7679234051338112 0.19648624710861257 0.025068599050060314 0.06182883794672147
23 0.8758996794440707 0.1977542698460256 0.015942582541716988 0.0513224194676523
6 0.7094325537089017 0.10250148376273971 0.0709543091359686 0.07461268083635883