6 0.3984375 0.08515625 0.33125 0.1703125
6 0.7859375 0.0015625 0.05 0.003125
6 0.9265625 0.04765625 0.146875 0.0953125
6 0.58671875 0.103125 0.0484375 0.06484375
23 0.58984375 0.18359375 0.0484375 0.0984375
23 0.3765625 0.2796875 0.03203125 0.08828125
23 0.321875 0.28359375 0.03671875 0.09609375
23 0.23203125 0.30859375 0.08984375 0.06484375
1 0.72265625 0.34609375 0.1078125 0.2609375
1 0.83203125 0.36484375 0.1109375 0.325
23 0.22734375 0.37890625 0.071875 0.05625
23 0.32734375 0.41171875 0.0703125 0.0609375
6 0.13828125 0.43203125 0.06171875 0.09296875
1 0.984375 0.503125 0.03046875 0.27109375
6 0.128125 0.575 0.10546875 0.15390625
6 0.69140625 0.57578125 0.0328125 0.02421875
23 0.1640625 0.7265625 0.040625 0.1125
6 0.71796875 0.7359375 0.084375 0.10703125
6 0.81328125 0.7640625 0.1015625 0.1578125
6 0.95859375 0.79453125 0.0828125 0.08984375
23 0.1515625 0.8328125 0.040625 0.09453125
23 0.20546875 0.85390625 0.07109375 0.0515625