6 0.3625364736862855 0.9275268448296228 0.3097588193385417 0.1296980647521977
23 0.6023625870059723 0.014361647205940378 0.04458645459715278 0.028723294411880755
23 0.5237842985369792 0.06076647327107324 0.02245818787965277 0.09301517095052707
23 0.5883195772223265 0.0784686264271032 0.02449281335461819 0.07982942144481867
23 0.3857400910900348 0.11018283593237407 0.1904275910900349 0.13342128954332697
6 0.6256942502843404 0.17234861901272938 0.05539732123840295 0.06625901136870649
6 0.7531295724726739 0.2046915923209837 0.05937630642076393 0.06954317885919252
23 0.37907447663298627 0.22697108790954043 0.19335256933854178 0.12495487353571573
1 0.6157581654625697 0.2830142049822845 0.06475544386357654 0.13298359634967846
23 0.38069348765090305 0.33012792140763764 0.19522354065319458 0.10473787403000738
23 0.6779873681598614 0.36962552562880047 0.017970056420763925 0.06785600346004114
6 0.6215379996187503 0.39694937098989574 0.061883710581076376 0.076669929353484
23 0.3867454255305559 0.42215625391715167 0.1906269596311459 0.10845312304142425
23 0.6066410046527435 0.4624616244499369 0.043333079122187534 0.05093775889724857
23 0.6413614967689588 0.4759047005336603 0.01964165919430556 0.07260717045623544
23 0.3907627379352435 0.5275613369209573 0.18782926795177088 0.1223882890490355
6 0.3589172451534381 0.7384325113315254 0.3153574687492016 0.2696373152464894