6 0.39921875 0.00390625 0.01796875 0.0078125
6 0.72421875 0.00859375 0.0328125 0.0171875
23 0.7671875 0.0109375 0.040625 0.021875
1 0.1953125 0.2234375 0.14140625 0.44609375
9 0.64140625 0.10390625 0.71640625 0.15390625
23 0.2953125 0.18671875 0.0390625 0.03359375
6 0.60390625 0.21953125 0.0359375 0.02265625
23 0.29609375 0.22578125 0.0296875 0.0328125
6 0.60390625 0.2578125 0.02890625 0.0328125
9 0.6453125 0.37109375 0.709375 0.128125
23 0.21640625 0.50078125 0.01796875 0.05390625
6 0.5125 0.5234375 0.03515625 0.0328125
23 0.68515625 0.52734375 0.02265625 0.05546875
6 0.41953125 0.528125 0.034375 0.03203125
23 0.54609375 0.52734375 0.01796875 0.05234375
23 0.75390625 0.55390625 0.02109375 0.0515625
6 0.7296875 0.55390625 0.021875 0.0609375
23 0.21875 0.57109375 0.015625 0.05390625
9 0.646875 0.6546875 0.70625 0.17265625
6 0.9890625 0.7546875 0.021875 0.028125
6 0.5375 0.796875 0.01484375 0.0546875
6 0.990625 0.7953125 0.01875 0.03125
6 0.7375 0.79765625 0.0171875 0.05234375
23 0.78125 0.79765625 0.0140625 0.053125
23 0.628125 0.7984375 0.015625 0.0578125
23 0.91171875 0.7984375 0.0171875 0.0578125
6 0.8671875 0.7984375 0.01484375 0.0421875
23 0.7140625 0.8 0.0203125 0.04765625
6 0.88828125 0.79921875 0.0171875 0.05546875
23 0.4640625 0.7984375 0.01484375 0.0515625
6 0.4 0.79921875 0.01640625 0.05703125
23 0.56015625 0.80078125 0.02109375 0.0484375
23 0.846875 0.8 0.01484375 0.0546875
23 0.64921875 0.8015625 0.0140625 0.0515625
6 0.80234375 0.8015625 0.01875 0.04765625
23 0.821875 0.80234375 0.0125 0.04609375
6 0.759375 0.80234375 0.01796875 0.05859375
23 0.446875 0.80234375 0.01953125 0.05859375
23 0.69140625 0.803125 0.02109375 0.05078125
23 0.66875 0.803125 0.01953125 0.04765625
6 0.42265625 0.803125 0.015625 0.0515625
23 0.3234375 0.8109375 0.02265625 0.05390625