23 0.43828125 0.05703125 0.01484375 0.0328125
23 0.42265625 0.115625 0.01015625 0.01953125
23 0.378125 0.11953125 0.01015625 0.01328125
6 0.39765625 0.11953125 0.015625 0.03046875
23 0.575 0.15390625 0.01171875 0.02109375
23 0.43125 0.15390625 0.01640625 0.0296875
23 0.38984375 0.15703125 0.009375 0.02109375
23 0.4546875 0.15625 0.01640625 0.028125
23 0.3734375 0.1578125 0.01171875 0.0234375
23 0.4453125 0.1578125 0.01328125 0.0234375
6 0.6875 0.15703125 0.01484375 0.021875
6 0.5015625 0.15859375 0.0125 0.02734375
6 0.6 0.1578125 0.01328125 0.028125
23 0.34765625 0.15859375 0.0078125 0.01953125
6 0.65859375 0.16015625 0.00703125 0.021875
6 0.5484375 0.16015625 0.0125 0.02890625
6 0.7359375 0.1671875 0.01015625 0.02265625
6 0.921875 0.25390625 0.090625 0.07890625
6 0.74140625 0.29609375 0.0234375 0.00703125
6 0.740625 0.30703125 0.021875 0.0078125
23 0.74296875 0.3171875 0.02734375 0.0125
23 0.2609375 0.328125 0.02265625 0.01484375
23 0.25859375 0.34375 0.02578125 0.009375
23 0.2578125 0.35703125 0.0328125 0.01328125
23 0.2578125 0.375 0.0265625 0.01328125
23 0.9125 0.38359375 0.0421875 0.0203125
23 0.99765625 0.384375 0.00390625 0.02421875
23 0.97109375 0.384375 0.01171875 0.02421875
23 0.98359375 0.38671875 0.009375 0.01953125
23 0.9609375 0.38828125 0.00859375 0.0265625
23 0.25859375 0.38828125 0.028125 0.009375
23 0.9453125 0.38828125 0.009375 0.0234375
6 0.790625 0.39140625 0.1171875 0.09609375
1 0.50390625 0.39296875 0.3171875 0.29765625
23 0.25703125 0.40078125 0.02578125 0.0125
23 0.22265625 0.40234375 0.01484375 0.00546875
23 0.2234375 0.43046875 0.01484375 0.0109375
23 0.2578125 0.43046875 0.025 0.0109375
23 0.25859375 0.44375 0.03203125 0.0109375
23 0.2609375 0.4609375 0.025 0.01328125
23 0.2234375 0.47109375 0.028125 0.0125
23 0.259375 0.47265625 0.0171875 0.0078125
6 0.2109375 0.50234375 0.03359375 0.01015625
23 0.2609375 0.515625 0.0109375 0.009375
23 0.2578125 0.534375 0.02734375 0.015625
6 0.2140625 0.54921875 0.03203125 0.015625
23 0.25625 0.55703125 0.025 0.015625
6 0.20703125 0.56171875 0.03671875 0.01328125
6 0.14453125 0.5640625 0.0390625 0.01015625
6 0.75703125 0.5703125 0.04296875 0.01953125
23 0.2578125 0.571875 0.025 0.009375
23 0.14453125 0.5765625 0.03046875 0.00859375
23 0.259375 0.58515625 0.02421875 0.0171875
6 0.14140625 0.59140625 0.03359375 0.01640625
23 0.1421875 0.603125 0.034375 0.01796875
23 0.1421875 0.61328125 0.03125 0.0140625
6 0.36875 0.62421875 0.01328125 0.02890625
23 0.5453125 0.62734375 0.0140625 0.02734375
23 0.69296875 0.62734375 0.01875 0.0328125
23 0.5328125 0.62890625 0.0140625 0.0265625
6 0.328125 0.628125 0.009375 0.02109375
23 0.56015625 0.62890625 0.0140625 0.0296875
6 0.64921875 0.6296875 0.01953125 0.0359375
6 0.3921875 0.6296875 0.0109375 0.0234375
6 0.29453125 0.6296875 0.00703125 0.0171875
23 0.603125 0.62890625 0.01640625 0.028125
23 0.7078125 0.63046875 0.01171875 0.025
23 0.45859375 0.6296875 0.0125 0.034375
6 0.44296875 0.63125 0.0125 0.03125
6 0.3125 0.63046875 0.0125 0.02578125
6 0.471875 0.63125 0.01171875 0.02890625
23 0.590625 0.63125 0.021875 0.03984375
6 0.34765625 0.63203125 0.01328125 0.03125
6 0.42109375 0.6328125 0.015625 0.0328125
6 0.40625 0.6328125 0.0140625 0.03828125
23 0.96015625 0.6640625 0.02578125 0.0140625
23 0.59765625 0.66875 0.01328125 0.02890625
23 0.5765625 0.6734375 0.0078125 0.021875
23 0.9625 0.6828125 0.028125 0.0171875
23 0.69453125 0.7796875 0.021875 0.015625
6 0.42109375 0.80234375 0.0203125 0.02578125
6 0.46875 0.80390625 0.00859375 0.03203125
6 0.90078125 0.803125 0.040625 0.01171875
6 0.484375 0.8046875 0.01171875 0.0390625
23 0.7046875 0.8046875 0.0203125 0.009375
6 0.4390625 0.80546875 0.01484375 0.034375
23 0.896875 0.82421875 0.0359375 0.01640625
23 0.65859375 0.828125 0.02421875 0.01484375
23 0.6640625 0.85390625 0.01640625 0.021875
23 0.70078125 0.8734375 0.025 0.01171875