23 0.41633743610798907 0.7713803211036264 0.021008166873057378 0.08273158695813834
23 0.4427158455374485 0.8077343151721272 0.02389772642635144 0.09454583745242999
23 0.7064123184491433 0.8383171758190808 0.02618366439185813 0.04317433844101295
23 0.528704695413614 0.8533558798871443 0.018829236765433598 0.10291675296574958
23 0.5583194208065081 0.8537087069594509 0.017012025640563165 0.09738433596955502
23 0.6472363715922965 0.8532046881763705 0.030361742142117266 0.03242783942959626
23 0.7598455335029553 0.8462769144503743 0.03179796360606986 0.04652217292769336
23 0.8781032278786027 0.8687501392415035 0.04233520326698752 0.03837409190105419
6 0.9317183794501792 0.872803627872797 0.046442660462916764 0.0595951758934433
23 0.7898925984329326 0.9043149075302921 0.03928297787409356 0.03980925790866543
23 0.3355497007902975 0.932185169924763 0.0432448858558109 0.05790534190105419
23 0.6183622007902975 0.920661443613578 0.030725615177646402 0.04024033942959626
23 0.668107489665427 0.9240928497353575 0.029216619106587773 0.02458350593149916
23 0.7353313769689799 0.9205739188989988 0.04053726282028158 0.04999734140676253
1 0.08334263477225892 0.8701122287454618 0.16668526954451784 0.25899429250907635
6 0.29968951509659314 0.29579668376492735 0.05093110731976358 0.07225434338392897