1 0.09453125 0.30703125 0.0640625 0.1171875
23 0.034375 0.32109375 0.0484375 0.0390625
23 0.9609375 0.36953125 0.0390625 0.04609375
6 0.89296875 0.3859375 0.0359375 0.0734375
6 0.9328125 0.43203125 0.05078125 0.05390625
23 0.8859375 0.446875 0.0328125 0.03359375
1 0.76484375 0.48359375 0.20859375 0.46484375
6 0.88828125 0.5125 0.0328125 0.10390625
6 0.6515625 0.51875 0.03203125 0.02109375
6 0.59375 0.53671875 0.04921875 0.1296875
23 0.98359375 0.553125 0.03203125 0.07265625
6 0.49375 0.55703125 0.0453125 0.0921875
6 0.921875 0.559375 0.0265625 0.0796875
6 0.6515625 0.57109375 0.0203125 0.03046875
6 0.54296875 0.575 0.03515625 0.04296875
6 0.5015625 0.62265625 0.02734375 0.05
6 0.92109375 0.62734375 0.0140625 0.04765625
6 0.959375 0.63046875 0.04453125 0.065625
6 0.5640625 0.6375 0.02734375 0.090625
6 0.65546875 0.64296875 0.04296875 0.0625
23 0.32890625 0.6671875 0.025 0.06015625
6 0.603125 0.67109375 0.0390625 0.15234375
23 0.50390625 0.684375 0.02890625 0.05625
6 0.3609375 0.6921875 0.0390625 0.09921875
6 0.39765625 0.69375 0.04140625 0.0796875
6 0.65078125 0.721875 0.040625 0.11484375
23 0.99375 0.73046875 0.0125 0.0421875
6 0.6515625 0.81328125 0.02109375 0.0296875
23 0.33671875 0.83125 0.03046875 0.03046875
6 0.3734375 0.83203125 0.0328125 0.0375
23 0.40625 0.8359375 0.0234375 0.03515625
23 0.028125 0.84375 0.05 0.05
23 0.65 0.85078125 0.025 0.053125
6 0.3390625 0.859375 0.0390625 0.0265625
23 0.37421875 0.8765625 0.0234375 0.0546875
6 0.6515625 0.9046875 0.02421875 0.05625
6 0.68671875 0.91796875 0.02734375 0.025
23 0.3375 0.93125 0.0359375 0.11875
23 0.4484375 0.953125 0.05078125 0.06875
23 0.40546875 0.9484375 0.02109375 0.103125
1 0.23046875 0.94140625 0.17109375 0.1171875
6 0.9265625 0.271875 0.13125 0.1078125