23 0.3637636861143331 0.2266759537361735 0.02474105042954129 0.05506932954530477
1 0.07659895804974334 0.3872994025977878 0.0835395183173657 0.0599983372559425
28 0.5957218515364511 0.5494883421305017 0.08785188206674696 0.08270913433384308
28 0.7339997795101839 0.5619320207028718 0.06350697930778501 0.09477275771063773
28 0.7941969730877487 0.5616632394532838 0.06983886646291496 0.09644435186643907
6 0.5468140400256334 0.6308843924548133 0.037858526119281775 0.0521761546263825
6 0.5896599592929388 0.6277906201336789 0.04007612336031983 0.06470342816533296
1 0.4589012822237173 0.6394565974055075 0.04661605042954129 0.055451159090609534
6 0.7318817588179689 0.6558047516281483 0.04270980042954129 0.055382975243233545
6 0.7772761459730987 0.6565763189985885 0.038022300429541286 0.05530115462638267
6 0.5942423179539376 0.7301480069031541 0.013397436680159913 0.032235801542127615
6 0.5622929551090673 0.7322696144516361 0.016686210990419427 0.035415348620028195
6 0.5413629794193268 0.7357628072274658 0.01853531603337366 0.040911372158978665
1 0.9665182420277268 0.7124603060129451 0.06696351594454626 0.15385743141174402
6 0.5183758587725403 0.7447656603117208 0.014878049525030334 0.03070057508107791
6 0.5138421670039979 0.7925446412369974 0.016809041723113972 0.0377590986200282
1 0.5871092486412037 0.8178525584452817 0.11954893939369349 0.10667846834337488
28 0.4895282417437986 0.8508344281686282 0.04143390547249552 0.06082445170428343
1 0.7486575802784093 0.8416195207028718 0.14416383706427283 0.1742341611192046
28 0.928256549070745 0.8666353372625331 0.0934025192218769 0.08436709172016918
6 0.9887614433504222 0.8647495089350443 0.022477113299155603 0.056686376623205345
28 0.9018378912234002 0.9593683080415399 0.07613977611928177 0.052844356330665934
28 0.9750071205043149 0.9570188295518953 0.049985758991370234 0.0545295872559425
28 0.6739585526887895 0.9680377447282895 0.09127345318850325 0.04374209172016954
28 0.5818938834214842 0.9719906335263595 0.09259029172311414 0.03908186525912001
6 0.8242418357054764 0.985745621758532 0.051644387155129576 0.0024625267853615185
1 0.12684686227904335 0.19718687134819968 0.06598352611928182 0.05266707832748878