6 0.8378192169113294 0.7468361256623964 0.012538541356328637 0.03462957313826394
6 0.8751736676971177 0.7445839478507299 0.01421020326698752 0.0370096907294446
6 0.8938872803935649 0.7442391089448965 0.011939227874093562 0.038517639342673604
6 0.8563872803935648 0.7433662867565631 0.01282963978475209 0.04087957313826394
6 0.3693131577723204 0.5736076862641323 0.0174636358558109 0.05659549211621524
6 0.3193131577723204 0.5724439233463544 0.019443512820281582 0.04883754350298623
6 0.34405844664744983 0.5675570548052433 0.015937523159363743 0.05734037452503475
6 0.4399509894515209 0.5487180954584379 0.031414819892376045 0.02102166802802081
6 0.0812052280789813 0.4365745860560418 0.03610231989237613 0.02113077080156245
6 0.08500016211554658 0.40076437262517367 0.039300094499482 0.022766005983923598
6 0.5299979849034069 0.32059505508958375 0.03624786910658777 0.024255770801562538
6 0.4557428475998539 0.3180863445085073 0.03074273180303493 0.02334723423243057
6 0.8534889888323482 0.31251633025954934 0.0391909325888232 0.0204222559839236
6 0.8996726300648425 0.29876360799496604 0.011902840570540718 0.03773638934267361
6 0.4170955705115487 0.2758254561157642 0.01680866439185813 0.04253299211621524
6 0.3920591832079957 0.2744623246568753 0.017626301695411063 0.04333242591180557
6 0.8529966832079957 0.2851907640551396 0.03826413337461147 0.017279072188333355
6 0.8540668775836433 0.25790156544191045 0.035956770678164676 0.018005770801562536
6 0.8969628529765373 0.25733917419937574 0.013465340570540718 0.03777275693385418
6 0.3547924696019259 0.22833155385531279 0.015100615177646404 0.03937162452503475
6 0.8489234592628436 0.23124814646395903 0.03283177067816432 0.017933035619201388
6 0.06536609656639661 0.21379104948690975 0.038336907981717364 0.018841572188333443
6 0.10422738937046754 0.19362467306201397 0.018989748552257924 0.05585060970739582
6 0.5236130901562558 0.2002643712939935 0.016172963606069856 0.045639808320624996
6 0.42201420285270286 0.19711922786725727 0.0154281009096227 0.046402874525034755
6 0.44772267824559703 0.19615679312173648 0.016063801695410974 0.04329605832062504
6 0.8514106044242794 0.20087031544191042 0.035920383374611474 0.01722452080156254
6 0.06610880521006775 0.1794706008736806 0.03830052067816443 0.018060322188333356
6 0.9268814853176917 0.17921482740975772 0.04618579528527036 0.019804660144236142
6 0.06468970037150353 0.14900185087368062 0.035284682588823224 0.02033133700597225
6 0.35349748924663305 0.15026110524208364 0.016699502481199335 0.04018924211621529
6 0.38623721463952715 0.1494623246568753 0.01875215405277597 0.03399379350298615
6 0.9287693169968921 0.15272506259211882 0.04331550641014061 0.025200674961875037
6 0.8769135645156926 0.11171754967434103 0.02556723428423453 0.06302733007211807
6 0.048949076302516936 0.0456222777354167 0.016153692927905427 0.028470492116215284
6 0.4450770595532939 0.02206532969086843 0.01515411910658777 0.023764808320625008
6 0.394259422249741 0.020102132977500332 0.016643844499481995 0.02223867591180557
6 0.4177333095532939 0.02142889684520868 0.016716619106587772 0.023801175911805566
6 0.46925942224974104 0.02184777735416706 0.016643844499482086 0.02223867591180557
6 0.9375727746071059 0.023383054708334117 0.007958049214211727 0.003306837955902786
6 0.8728381865177646 0.024217549674341008 0.02067637303552914 0.008285278685347236