23 0.4652245033196497 0.20041152781473412 0.08329428903121965 0.08329428903121974
28 0.7253625726014905 0.20202298302797775 0.03470679810640611 0.05723123789975162
6 0.29013814490839335 0.2162733980316513 0.07492325282867043 0.12152554205628183
6 0.7994904190106943 0.21721619097169592 0.048219852262936236 0.09715225595192836
28 0.6447211057789778 0.23217863652057807 0.042564749901804075 0.06508918969514968
28 0.04235462988127868 0.2395892199457707 0.045022129390299356 0.08463407523376905
28 0.012694921839364656 0.24132898194782326 0.02538984367872931 0.07984203610435348
23 0.6875262293155446 0.26005365164588856 0.025404520979043 0.06967669574527387
23 0.7304404371610669 0.2691786667711991 0.025372704722264317 0.06420794574527386
23 0.03343817213395225 0.2951079669207086 0.032190331283893314 0.02753010236113216
6 0.3404557865953328 0.2956654613615637 0.036310204722264317 0.06427157825883115
28 0.6497444281840765 0.3087093202637994 0.04484941256778665 0.05494657523376904
23 0.7051313649523598 0.32244911251647296 0.015897710772388506 0.0469659035907962
23 0.14025579869558125 0.33120402732375476 0.020122123340175158 0.10167612948849528
6 0.9706563710024841 0.33809125147293795 0.05523292154477701 0.09406816256778665
23 0.41168537110068 0.4061848048439013 0.05992042154477702 0.0940954336450254
1 0.8209512867917246 0.4225531307650415 0.05853063836728971 0.12377384328594587
1 0.984127997662309 0.43957193824122137 0.026453936571891747 0.11577499092481372
6 0.14428424766230896 0.44445800624651594 0.017519298106406022 0.05713124394987581
6 0.9528734524827691 0.44053499542281377 0.02685793667008767 0.050935786104353474
1 0.3057711935057787 0.48336090408177546 0.14066240319801276 0.275809041958086
23 0.41590926278761947 0.4858450337666625 0.06923178903121965 0.08321247579950324
23 0.9510291513513011 0.4889815857818934 0.03767726200205246 0.03068691861791084
6 0.15454451591087742 0.5608006237329587 0.03160452400410509 0.06111930718159222
23 0.19348884124284238 0.5808858647559682 0.05360678903121974 0.08312157220870695
6 0.2402229406771083 0.6048319039835797 0.04416361133812261 0.07134828005422929
1 0.9768507870863121 0.6161707996775398 0.03946247579950324 0.06897725897699054
23 0.5879040000981959 0.061421229806523925 0.06523009026088378 0.06678349990180414
23 0.9867116004162245 0.6668929623435224 0.01895907825883114 0.03604658430895533
23 0.9662218384141721 0.6974798870115574 0.04162441861791066 0.03774089451560982
23 0.8021093414392342 0.7070281247149173 0.03170451795398073 0.0783068071815924
23 0.833291163746137 0.7185650675333249 0.029855671642972936 0.029078966822512698
23 0.7238707119507388 0.727013892668898 0.05338862041330898 0.045621572208706954
23 0.8260053836919077 0.7623559741491832 0.019817596311008146 0.04933237948849527
23 0.8556883385123679 0.7629645073266704 0.01598861436318444 0.06259090359079629
23 0.7618383445624921 0.7806974288714474 0.11126929810640593 0.05767666549465282
28 0.6471971868664793 0.07513829616149845 0.04941873789975162 0.034661346311007965
6 0.5045480193287231 0.8267240429400445 0.032622123340175155 0.10174885236113199
23 0.5607662030719442 0.8318655400131784 0.02159371974937905 0.08606021984757498
23 0.9236429320929013 0.8992832815271672 0.0322266927202115 0.03378010236113198
28 0.40800884173382174 0.9038456000234412 0.05432440651766246 0.07218861738824671
23 0.8383457815271672 0.9239974560970066 0.05115849990180408 0.06513918667008767
28 0.8603784429166034 0.09108496214713063 0.038635774004104916 0.061160213797450624
23 0.9225480647046546 0.953194076706707 0.030636921642972936 0.029083512002052458
6 0.39047590808879623 0.9633205939733169 0.07696247579950324 0.06919542759490156
23 0.8606656882412214 0.9816781458903521 0.0665562409248139 0.0261675902608836
23 0.8290375393258074 0.10689176932872299 0.021743710674192583 0.11184146984757484
6 0.6477557230690287 0.11341500098195864 0.03060056020665449 0.022833512002052546
23 0.6903426779876847 0.17879001610726916 0.03377101200205246 0.03066419272021177