6 0.7048131836235216 0.10355533123809528 0.015957620612255675 0.03845397266868176
23 0.6628469924781526 0.05793429591027686 0.02961094365265158 0.024555104670590723
23 0.46792929757185975 0.046916621936684735 0.03177283722616089 0.018332376670908902
23 0.6631281373053032 0.04073770524350413 0.030923391066226814 0.015979536004136173
23 0.6602615500791422 0.022796227243822298 0.03335806927947225 0.019131808004454343
23 0.4274263180258309 0.024723995942093575 0.036505801332783604 0.019949420671545225
23 0.46761940901291543 0.009890978636228672 0.038091033386094965 0.019781957272457344
23 0.8706307487463587 0.005910361274684516 0.013136497492717326 0.011820722549369032
6 0.9394291229865243 0.9417349418762331 0.03168190901291581 0.015207376670908702
6 0.9387471613871841 0.918297441876233 0.026235891066226813 0.015924992003499838
23 0.9056164126408252 0.9077417498806873 0.017588316772189572 0.04081590400222694
6 0.06065560213684161 0.822228988661682 0.029170674452321667 0.03626476400381797
6 0.087090070004388 0.7906608153246367 0.03314512061225568 0.03865396733768165
23 0.9034675762725943 0.7264553872135965 0.01832410266556721 0.03926249466899989
23 0.9292511747815262 0.6456593732097784 0.018278638558944495 0.03769999466899989
6 0.09386760424841267 0.6475647959898186 0.026349551332783515 0.019831242003499838
23 0.06016489099971981 0.48305740066040936 0.03342626543940619 0.02147555800445424