9 0.29425217604231624 0.30833702196054724 0.21173057737904336 0.33913686736154414
9 0.8235311433799979 0.33421389055541423 0.1888294267186339 0.38495789735836256
23 0.9382481713876338 0.38913665320659674 0.014044866008908485 0.0657795413351363
23 0.9257754433879519 0.3916258538749603 0.0171516846753633 0.06425340400222712
23 0.7134481660566336 0.40894226523714083 0.01474430000795408 0.058757382001908984
23 0.7018112320575882 0.4161098752387316 0.010992591343090474 0.07199317866804548
23 0.7141754193984516 0.4714422652371407 0.016170440006363408 0.04705681333545435
23 0.6985413287316788 0.4708428285725953 0.013090893340226905 0.05092670066836362
23 0.9776930267345424 0.4886912105347333 0.023819308004454597 0.0330852200031817
23 0.437240749403224 0.5098257019414573 0.013090893340227084 0.05092670066836362
23 0.4529021120703149 0.5127688886060028 0.011601118674408894 0.05715851933481808
23 0.47722995007158764 0.5218620779360484 0.028579533338636054 0.039389764003817974
23 0.714784494072224 0.5237860152371407 0.01150112133990877 0.048564769334818084
23 0.995403186535237 0.5197048531986426 0.009193626929526032 0.024391472668681757
23 0.7875316507399511 0.5307530832272775 0.026117604670590745 0.02920624200349984
23 0.6984782414067239 0.5325706692393679 0.014617030673136 0.04781988200190899
6 0.6750407414067239 0.5328433892425496 0.025290901336727244 0.025290901336727244
23 0.5328714227402693 0.5360603905951852 0.01701532467377227 0.0525346540022273
23 0.5188452854073602 0.5393490225970942 0.015443734006999676 0.05173522266868176
23 0.7368322167409056 0.5383752265675046 0.021384651336727244 0.025245448002863567
23 0.9977266193706118 0.5540525811983243 0.0045467612587763995 0.032939769334818084
6 0.6394577774108601 0.5637303099140949 0.03323121801399935 0.10349771733768165
6 0.5989418654121328 0.5735780245862765 0.016279528007635945 0.05643181333545435
1 0.9372867500795419 0.5751105158736877 0.09124371268299925 0.12135792667886314
23 0.9955874093729982 0.5829861031986425 0.008825181254003667 0.020494313335454352
6 0.9926578587086116 0.6197412158657334 0.01468428258277683 0.02681703866963616
1 0.7065912807526779 0.6254576032384135 0.08741018801718106 0.12756247334499946
6 0.49027593742040504 0.6357882179344576 0.04600339067472703 0.059902258672817864
23 0.12573217942390494 0.6658148093173188 0.013863052673454224 0.050154541335136214
23 0.11091570142422309 0.6683312819860007 0.013999412675045075 0.061873291335136214
6 0.5036122787634956 0.707517767266094 0.028470445337363516 0.030014764003817973
6 0.6733344327657227 0.7219513425764132 0.034684082670272606 0.026962489337999784
23 0.28073840010340434 0.7585551979630927 0.02770737667090888 0.03156817333704538
6 0.332346353437268 0.761861463956093 0.014726118674408716 0.05719488200190899
23 0.30345828477081344 0.7637603186266837 0.015534640674726851 0.05954772266868176
1 0.5815832847708134 0.7605240412555945 0.12976241470399827 0.27647268801718106
23 0.8960639554423586 0.7928070932129601 0.023001695337363515 0.029951129336408932
23 0.8695014554423587 0.7931161758832326 0.022928970003181705 0.02370112933640911
23 0.9249702054423586 0.7924707385423694 0.027634651336727246 0.025318173337045204
23 0.842993499442995 0.7981127585535053 0.016215893340227085 0.05096306333545435
23 0.8683025821132675 0.8243843572167782 0.026163058004454242 0.03311249200349984
23 0.8972361041135857 0.8263917525461875 0.022102266669318027 0.01978578866963616
23 0.9222633761139039 0.8284446012094602 0.028397720003181703 0.023764764003817974
23 0.6567111014480856 0.8377854279121859 0.028552261338317918 0.037046014003817976
23 0.9733082554503127 0.8505099578692332 0.011682934675363299 0.06418976933481808
23 0.9986407787237248 0.8524991718650972 0.002718442552550471 0.04702045066836362
23 0.9592912087841764 0.8545798398711423 0.013045440006363406 0.04702045066836362
23 0.9889787087841764 0.8542343945337787 0.01475339067472703 0.05953863200190881
23 0.7881974587841765 0.8565706958943686 0.024555104670590567 0.029188060669954295
23 0.9460190494509491 0.8555156312062785 0.012282371339908593 0.048573860001590675
23 0.8273054121180401 0.8600224125557323 0.01157384667409076 0.05481476933481808
23 0.3633610907860854 0.8755785186187295 0.026108514003817973 0.02842499200349984
23 0.9032048407860855 0.8692968678787782 0.01694259933959046 0.04628465400222694
23 0.891531544119949 0.8733394778803693 0.012981805338954188 0.041551700668363625
23 0.9313571127864035 0.8713133538749602 0.012954533338636054 0.03920795066836362
23 0.8743531347867218 0.8743207225493691 0.016915327339272323 0.043940904002226944
23 0.9173400661202672 0.8753832358768694 0.013826690006363407 0.04702954133513657
1 0.314351426121858 0.894119980625411 0.05527039735836246 0.18499316534054522
23 0.7855542641231307 0.8980133085614593 0.021430104670590745 0.029151698002863213
23 0.3644968767902216 0.9060381779519566 0.030023854670590745 0.029251695337363513
1 0.7215644894573124 0.9050087432368226 0.07680904268777163 0.15634145401018137
23 0.4811031214592215 0.9218711686028211 0.025390898671227013 0.033884651336727245
23 0.5084468714592215 0.9215529952657759 0.026181239337999783 0.03467499200349984
6 0.9980187522278609 0.9165798531986425 0.003962495544278255 0.05327954133513622
23 0.6475457341263123 0.9230598565802314 0.012246008672817865 0.04544886000159067
6 0.9912957341263123 0.9190599632002335 0.012400550007954082 0.058730110001590674
6 0.9600730061266305 0.9217673398711422 0.012309643340226727 0.050917610001590674
23 0.6624258467934032 0.9260121339115497 0.01232782467377227 0.052480110001590675
6 0.9460377781269488 0.9242747218730513 0.013935778007635947 0.05640454133513621
6 0.9741718687937215 0.9247287078692332 0.01073805267345449 0.050118178668045486
6 0.5976457314608123 0.9322354092536855 0.014017594008590529 0.06343579133513622
23 0.6328019814608122 0.931826329248913 0.014717028007635946 0.056413632001909166
23 0.6156326627943578 0.9335888239179129 0.013990322008272216 0.06109204133513622
6 0.8898968661282215 0.9343042498806874 0.015498278007635946 0.05642272266868176
6 0.9321207287953122 0.9369383538749603 0.014653393340226728 0.05094488200190881
6 0.9180855007956303 0.9394457358768694 0.01230055267345449 0.05013636000159068
6 0.9040502727959485 0.9419531178787782 0.01610680533895419 0.04158806333545471
6 0.8751258414624031 0.9407269725493691 0.014717028007635946 0.05641363200190881
6 0.790005954129494 0.9448428552275958 0.03007839867122719 0.03393919533736352
23 0.3651423141310849 0.9615069279519567 0.02920624200349984 0.026117604670590565
23 0.534700836131403 0.9618780032622759 0.02693521733768165 0.032340332670272434
6 0.18783492679817576 0.9666955093093648 0.015571003341817801 0.06267272266868176
23 0.5113542427991302 0.9699632232654576 0.012264190006363408 0.047011360001590674
23 0.48324742413267574 0.9718529872692756 0.013799418006045273 0.044685791335136574
23 0.49809117413267573 0.971680264600594 0.013799418006045273 0.04468579133513621
23 0.366214465467812 0.986497837285184 0.028343176002545344 0.019077264003817974
6 0.4253803801320394 0.967838196610457 0.028761346674090582 0.05501476400381833
6 0.45584913013203937 0.967483660606321 0.02719884667409058 0.05499658267027243
23 0.25210651213394836 0.9839188246340015 0.01515283267027261 0.02673522266868176
23 0.26773151213394836 0.9837370112985472 0.016715332670272608 0.026753404002226942
23 0.5326752594684483 0.9892490252625942 0.012599997334499947 0.008739200668363622
9 0.5539357113701346 0.26468482992523074 0.2063618247135434 0.3476669826941351
9 0.9761289680040566 0.27223950720086976 0.04774206399188685 0.44821987133990876