6 0.8885997721304157 0.9828125 0.03833690798171716 0.01796875
6 0.7159371757689069 0.7984375 0.08409036372990428 0.09453125
6 0.28405147498311856 0.7953125 0.12233522642635145 0.09375
6 0.5020566122866714 0.79453125 0.11183437406898662 0.103125
6 0.39907716150088324 0.79140625 0.10525688833701023 0.09609375
6 0.6217697988044362 0.790625 0.09653685980096291 0.11015625
6 0.8164465980186477 0.7875 0.09975175103345749 0.0953125
6 0.9206075591435183 0.78203125 0.09048591294411601 0.09765625
1 0.023096493539764566 0.76015625 0.04619298707952913 0.08203125
1 0.5390921935515871 0.6703125 0.09782537799792798 0.0875
1 0.6361705548002922 0.615625 0.12140842721213971 0.090625
23 0.00606259150268129 0.615625 0.01212518300536258 0.02421875
6 0.22985208829873818 0.55 0.007705492142117088 0.03125
6 0.19086236290584405 0.5484375 0.018007291356328902 0.034375
6 0.21902375020939696 0.54765625 0.015627154052775972 0.03359375
6 0.24647666212005576 0.5453125 0.012938801695411062 0.04296875
6 0.20428916212005577 0.5453125 0.011720904052775972 0.03359375
6 0.9706954121200557 0.5453125 0.008540246071058277 0.015625
6 0.7191543368509962 0.49453125 0.08892125889134021 0.0640625
23 0.3189916710113959 0.48125 0.045258996071058634 0.015625
23 0.1452181848651348 0.3375 0.023383996071058587 0.015625
23 0.42921219520421705 0.32890625 0.041607457195929065 0.02109375
23 0.0122083051599731 0.32265625 0.0244166103199462 0.01640625