23 0.27085806927947215 0.020322632120773867 0.019841138558944316 0.03760908430895542
6 0.25440635517284954 0.01866468335043788 0.0244149782923877 0.03373010538619427
6 0.38344899749271755 0.024102137974506343 0.05830424498543509 0.04408179810640604
23 0.976713264185765 0.03770817924522127 0.0396679052519918 0.04787896379745064
6 0.3838043501582845 0.06316009279496652 0.0658212282923877 0.03397099990180412
23 0.31256584765100215 0.08461693627730411 0.09327629005001245 0.11849144564707803
28 0.9564749720241814 0.09383091421810663 0.03401729882550129 0.041597147540671967
28 0.9902409738057155 0.10341044729739801 0.019518052388568918 0.06027896984757484
6 0.06898098370266399 0.14256474990180415 0.052630906505633 0.03701873184962738
1 0.12784751834240007 0.1522806383672898 0.08470292359439187 0.19967781313352068
6 0.9962027132486929 0.17061158283601746 0.0016306961599340752 0.002352840359079611
23 0.07083064020829699 0.17928804508134394 0.035397942399010326 0.03535623789975162
6 0.9967676800770804 0.24406271837463683 0.006464639845839315 0.061791472872636886
6 0.9523738083924125 0.2750263720636289 0.03767349623907634 0.03302612343837099
23 0.06776913935036717 0.3425238432859459 0.056549179862598 0.1448357770291672
23 0.2843632574553404 0.4039300176593933 0.022889582211595892 0.06184146984757479
23 0.25315872156196306 0.40531071047780093 0.015858332211595893 0.061800563231716586
6 0.9611985420950765 0.4172411431408678 0.03870479882550093 0.041624418617910844
6 0.963889284573229 0.4828706883204076 0.04490933471887857 0.04009828005422929
1 0.16472172954602887 0.02361073770335986 0.09506845909205777 0.04585792154477707