6 0.38203125 0.66953125 0.11875 0.11875
6 0.17578125 0.89140625 0.0703125 0.11640625
6 0.415625 0.92109375 0.078125 0.096875
6 0.12578125 0.93671875 0.0609375 0.1140625
1 0.865625 0.0171875 0.26875 0.034375
6 0.54296875 0.06328125 0.0765625 0.1265625
9 0.0640625 0.128125 0.0671875 0.19296875
6 0.61796875 0.15859375 0.0734375 0.0796875
6 0.94453125 0.190625 0.090625 0.109375
6 0.6015625 0.24453125 0.09296875 0.15546875
6 0.15 0.28359375 0.11484375 0.11328125
6 0.65625 0.41484375 0.06796875 0.103125
6 0.75546875 0.42578125 0.09765625 0.12109375
6 0.08203125 0.44609375 0.09921875 0.13515625
6 0.171875 0.45546875 0.0875 0.1515625
6 0.98828125 0.46640625 0.02265625 0.171875
6 0.27265625 0.478125 0.14375 0.1140625
23 0.89921875 0.48203125 0.11953125 0.05078125
6 0.815625 0.55625 0.0703125 0.10390625
1 0.22734375 0.63671875 0.2421875 0.1625
6 0.99296875 0.63671875 0.0140625 0.15234375
6 0.7375 0.64921875 0.08046875 0.0953125