6 0.98984375 0.07538261901288276 0.0203125 0.09031652868534726
6 0.65078125 0.07452210172670193 0.0390625 0.05950293977951393
23 0.60859375 0.0758839267648269 0.04375 0.05648704255305559
23 0.0546875 0.09189786569131948 0.03125 0.047602351823611146
6 0.9453125 0.17356489266423689 0.021875 0.09504039627652779
23 0.98984375 0.17616386901288278 0.0203125 0.0973477786853472
23 0.896875 0.17634374733763963 0.0265625 0.10296199905006942
23 0.9234375 0.17852449638770912 0.01796875 0.1051057272985764
23 0.6 0.1819339050133338 0.02109375 0.08955346248093754
23 0.575 0.23369577355444493 0.0265625 0.09749324905006942
23 0.05625 0.24584048328250002 0.03125 0.042133601823611144
23 0.9890625 0.2730206852172925 0.021875 0.08254039627652779
23 0.96640625 0.27874335514517445 0.0171875 0.08711879350298615
23 0.946875 0.2798512602554174 0.0203125 0.09109777868534721
23 0.59921875 0.28504072121774354 0.0203125 0.08797277868534721
23 0.57578125 0.3305889573500352 0.0203125 0.0895352786853472
1 0.31953125 0.4441559223964239 0.47734375 0.8845477991056601
23 0.60078125 0.37492083880892413 0.0203125 0.08797277868534721
23 0.059375 0.36856946846486116 0.03203125 0.033558035619201475
6 0.946875 0.3892262602554175 0.01796875 0.0933869772985764
23 0.57578125 0.4282452073500352 0.0171875 0.09180629350298623
23 0.6015625 0.46868902260451434 0.01875 0.08168641109416655
23 0.06015625 0.4904626522604515 0.03046875 0.04602166802802081
23 0.578125 0.529081008736806 0.01796875 0.08401197729857657
23 0.6015625 0.5663452726045144 0.015625 0.08942617591180557
23 0.578125 0.621268508736806 0.01875 0.08168641109416655
23 0.06875 0.6453501740119445 0.0296875 0.042097234232430655
23 0.06796875 0.6906444902163542 0.0296875 0.03506598423243048
23 0.94296875 0.7727290912774661 0.02890625 0.12098530043684015
23 0.0203125 0.8192227786853472 0.040625 0.049383057370694414
6 0.0625 0.8248922036472223 0.0375 0.050872822188333444
6 0.6078125 0.8664907429692367 0.021875 0.10050914627652788
6 0.584375 0.8682889791015282 0.02421875 0.09821994766329852
6 0.0609375 0.8764183360560416 0.03515625 0.04222452080156245
23 0.01953125 0.8762358448897569 0.0390625 0.05090918977951375
6 0.2015625 0.9891233936642188 0.0234375 0.021753212671562494
23 0.1765625 0.9925615742303646 0.0203125 0.014876851539270675
23 0.15234375 0.9940284460009202 0.021875 0.011943107998159518
6 0.0828125 0.9985290721883334 0.015625 0.002941855623333112