23 0.26171875 0.5828125 0.1046875 0.04453125
23 0.26953125 0.62109375 0.11171875 0.0640625
1 0.0203125 0.6421875 0.040625 0.11015625
9 0.01484375 0.79140625 0.0296875 0.1078125
6 0.9453125 0.79765625 0.040625 0.10234375
23 0.90859375 0.8171875 0.0453125 0.1203125
6 0.84609375 0.94921875 0.0390625 0.10078125
6 0.14765625 0.953125 0.0453125 0.09375
23 0.9078125 0.96875 0.059375 0.0625
1 0.0125 0.053125 0.02421875 0.10546875
6 0.1078125 0.140625 0.10859375 0.05859375
1 0.6140625 0.2078125 0.45390625 0.415625
6 0.9046875 0.19375 0.03828125 0.09375
6 0.33671875 0.21171875 0.0609375 0.1140625
1 0.0109375 0.32578125 0.021875 0.13203125
23 0.33359375 0.44609375 0.0375 0.10703125
23 0.29609375 0.4484375 0.0375 0.1125
23 0.4703125 0.459375 0.0875 0.04921875
9 0.01640625 0.509375 0.0328125 0.115625
6 0.6296875 0.5359375 0.075 0.05078125
23 0.253125 0.53671875 0.10078125 0.0625