6 0.6402301000701724 0.9793240722449994 0.12355700870642732 0.019328472807601572
28 0.6352936165785158 0.9692632796313255 0.05040279172311415 0.038345479707460585
6 0.6960573761894542 0.9268342719206878 0.044565549525030154 0.03121877232113448
6 0.4775120940772787 0.9267463173737355 0.077241930687266 0.08876821956119088
23 0.5407700898934071 0.8218309464325728 0.01935750961093845 0.04170625892845372
23 0.5605060577812315 0.8175837771956935 0.023673195386587232 0.049586942775829715
23 0.6077495499793153 0.8097343210271835 0.020507251809022263 0.04875114569792878
23 0.5846805421773993 0.8031121741114384 0.02572701831736559 0.058989216314779824
6 0.7711879302370401 0.7740990097458231 0.14203144900463177 0.1484392743497292
6 0.391330011874246 0.7541912532497062 0.023181872455808696 0.04021194277582953
6 0.5664118990293756 0.749574116887268 0.019766945386587055 0.04951875892845372
6 0.5883278426069406 0.7484110373419633 0.023796026119281777 0.05193069277582953
6 0.4344625361845054 0.7503162309285718 0.021288501809022264 0.04876478246740419
6 0.4126694233396352 0.7491355604738766 0.020097816033373662 0.04093864569792878
6 0.6118472297620704 0.7464394342577082 0.027988881162236013 0.05746762662320535
6 0.5447006733396351 0.7468309464325729 0.02634449400710608 0.05587785308425506
6 0.4596672540723299 0.7459736043053663 0.023836969696846566 0.05271194277582971
6 0.7388844425615121 0.6607047114501066 0.06495329262762528 0.06279605478853831
6 0.8367387663968018 0.6254336388046606 0.06906093848918218 0.08160060186643925
6 0.7580682117833889 0.5776331128300783 0.07707483435073925 0.10047333279171564
6 0.8575669227738084 0.540772266645682 0.06893478573022023 0.09408696509696383
1 0.5246692135924113 0.5333139172115796 0.1703512008136542 0.19732678774240994
6 0.9472236442796774 0.4385182455423637 0.061862592152655084 0.09318298417168744
6 0.7756761929001963 0.4352683348269011 0.03612892978275504 0.06385399431795716
1 0.7713948066495778 0.41270754221322725 0.08409611827193722 0.14508640340856668
1 0.8800671217784402 0.39441941802565383 0.07583656094499105 0.12152617248329012
6 0.9516422286304167 0.3393131323118389 0.06240150271353358 0.07367900771063773
6 0.5002811244919736 0.3284588218379623 0.023014776119281776 0.051917056006354476
6 0.3948942616471034 0.32873728571711025 0.03090916327441153 0.05361592370110611
6 0.4222789552246683 0.3274787487854793 0.030660179782755037 0.06375853693163096
6 0.5926323988022331 0.3237246830398922 0.027903671980838853 0.07073523985373029
6 0.4474017859573628 0.32469862216227385 0.038145131162236015 0.05764490462638268
6 0.523142092379798 0.32415710552318233 0.02955470318850324 0.04266478693163096
6 0.36849553595736284 0.3260759358792661 0.03242739767057934 0.06769206047058134
6 0.4747864795349278 0.3234400852306429 0.032389776119281774 0.052080697240056394
6 0.5529114795349278 0.3220764082831259 0.02864397840327406 0.06996762662320544
6 0.6474836731124926 0.31964510917663036 0.029138623360319825 0.06451251339268058
6 0.6733468102676223 0.31763259578394976 0.02182076831736559 0.0589210324674041
6 0.6202218102676224 0.3185598961082613 0.02889296189493056 0.05982501339268058
23 0.8285532886708964 0.24545581250576679 0.026634421076327897 0.04651648985373029
23 0.8670802001362855 0.24010011080148344 0.021455598145549003 0.03705966923687924
6 0.3943354189286211 0.22025262987291158 0.08454317559888339 0.16851026663909147
6 0.504724042288941 0.15432189245481331 0.14222952283992144 0.1820057508107789
9 0.6597733904344901 0.11493033563768 0.16844014077317446 0.10128758482031053