23 0.43906645413991524 0.04453125 0.01468979139585791 0.0359375
23 0.46560168060096496 0.04609375 0.009302862012708957 0.040625
23 0.006427822950723729 0.0765625 0.012855645901447457 0.01484375
1 0.6817936964292775 0.103125 0.07938135714144501 0.20625
23 0.5779829038156038 0.09765625 0.03388012215897866 0.01640625
23 0.5295454038156038 0.09765625 0.029192622158978665 0.01640625
6 0.5727090227281714 0.13125 0.029960235389503254 0.015625
6 0.7858129947249942 0.14140625 0.028411372158978664 0.01640625
23 0.5293038961049661 0.15625 0.02515000446422704 0.00859375
23 0.5736851416407391 0.16484375 0.03313978246740419 0.01875
23 0.785308434254413 0.1703125 0.03386648538950343 0.015625
6 0.7879288737838317 0.19921875 0.028425008928453722 0.0171875
6 0.5721265957806544 0.209375 0.042487508928453724 0.0171875
23 0.7451316732973643 0.27890625 0.018214211850553143 0.0140625
6 0.7452992686709816 0.3140625 0.022833528003177152 0.01015625
23 0.7448219817393508 0.34140625 0.019722164772652383 0.0109375
1 0.19962253003506736 0.3796875 0.1321051623370204 0.09375
23 0.752474794645564 0.3953125 0.009057400162155815 0.0265625
23 0.8048049078760888 0.39609375 0.015348310470581338 0.02890625
23 0.8266662711066136 0.396875 0.009071036931631226 0.02734375
6 0.3000764975676633 0.3984375 0.03863580600635439 0.0203125
23 0.7774202475676633 0.3984375 0.014580697240056395 0.0296875
23 0.6988861444834082 0.421875 0.009234678165332966 0.03671875
23 0.7222827341749827 0.42421875 0.015566498782184014 0.04140625
23 0.6698980738665572 0.4265625 0.009261951704283433 0.03828125
23 0.2995446635581317 0.42890625 0.02679432508107791 0.01328125
23 0.7998759001654511 0.4546875 0.010029564934808022 0.0375
6 0.7764520369349263 0.45390625 0.01648411647693564 0.04921875
6 0.9006571501654511 0.4546875 0.020980701704283435 0.03828125
23 0.30300090016545106 0.4546875 0.027534664772652383 0.0109375
23 0.7490673766265008 0.45625 0.019418201704283433 0.03828125
6 0.8513974898570256 0.45703125 0.013236385551659069 0.0421875
6 0.8756026030875503 0.4578125 0.0178966120127086 0.040625
6 0.8263293060096497 0.4609375 0.010070475243233545 0.03984375
6 0.20662473214638782 0.515625 0.012509682629559826 0.0453125
23 0.1870525718379623 0.51796875 0.011496607548482007 0.03203125