1 0.8692757896557136 0.008263773039178668 0.10754217068857272 0.016527546078357335
1 0.5822296574417287 0.02487471986720365 0.10191965326537726 0.0497494397344073
6 0.9645882896557136 0.004875691995685183 0.039573420688572725 0.009751383991370367
6 0.6714012848463903 0.018679782056404793 0.0306349303072194 0.037359564112809586
23 0.763315966334736 0.01572769193889953 0.06354663402808355 0.03145538387779906
23 0.4670312433765781 0.025779070415487427 0.05958582032575279 0.051558140830974854
23 0.7585540552648103 0.05070501187424596 0.05311756551642936 0.04723352611928182
6 0.9598983004554869 0.04639156886250797 0.07480159255827132 0.04291119629109834
6 0.6699181411996598 0.06548788613907694 0.0828596292187603 0.0503518820667471
23 0.46450395490199065 0.07469354703863931 0.06168403366526398 0.04690265547249543
23 0.5299652637949981 0.07594178652318972 0.06489087921876031 0.04941017978275495
23 0.8252232000926671 0.06202761420366663 0.061875006623422026 0.052371405472495434
23 0.5993402571715761 0.12143467096478602 0.05268105589778251 0.03473352611928182
23 0.887676070873907 0.10476399084334682 0.05669643330244441 0.038063244007106166
23 0.8266567253204107 0.11030133989340714 0.05195436960011328 0.0362550825417169
23 0.5344692253204106 0.12561423790267073 0.05273561960011328 0.03629602611928182
23 0.9484845961016504 0.14992600463815672 0.032824912884024116 0.09139960594746528
23 0.9820783461016503 0.14816543080286707 0.024575903265377265 0.07849017017181655
23 0.660176064250485 0.16581543475959598 0.029563503628197197 0.08732958163720576
23 0.6913442186969887 0.16652144165700092 0.02691965326537744 0.07861300090451118
6 0.5257440113479274 0.24148489936805997 0.07857641170289789 0.17333900271353347
6 0.5967286339432656 0.24088403380965628 0.07586063947037935 0.18489397840327398
23 0.959570885124392 0.30140993950929434 0.04013890507947586 0.1221959045679843
23 0.6704811032732266 0.3173403132082984 0.04207342731199439 0.11059998530067894
23 0.7344617577197303 0.31632668984797857 0.04289188284695733 0.13403748530067894
23 0.4436730666127377 0.33624520070211245 0.04412700063297219 0.12474437245580869
6 0.5996676062684514 0.3577030416115724 0.0776463395630465 0.07971183344622812
6 0.39306045300307413 0.44573306535600493 0.05170883293962456 0.02922383254171699
6 0.7016715280533323 0.6970377792871005 0.042524805897782514 0.03420125961093845
23 0.9096377954765276 0.7040745940772786 0.050337305897782514 0.03461069538658723
6 0.702060908453219 0.7305496421319708 0.04704861479078985 0.029759421076327543
23 0.9082464210670906 0.7439183440772786 0.04492311960011364 0.03588659034363299
6 0.6965995929367896 0.7752856100197951 0.06639881551642937 0.04792956693788462
1 0.8020683429367896 0.7697582270485369 0.12392611723786047 0.19911028663473135
6 0.6963887726110368 0.8259849728646653 0.05705109736759475 0.04821949400710608
6 0.5946352996528788 0.8367763879480993 0.11643602105139231 0.07394651232447202
23 0.9140301403970514 0.8239367147240649 0.05607887440943671 0.04270980042954129
28 0.4359125748806222 0.8934435470386394 0.06322174101432534 0.11326796189493038
6 0.49604154302945674 0.8910721415661438 0.04671628729346118 0.13189845318850324
28 0.2100221974759605 0.9084012409548883 0.05093999582364876 0.11886286465389233
28 0.2872841019224642 0.9066915767759657 0.06297620435383652 0.10623671189493038
28 0.3615028519224642 0.9028019369073025 0.06906251324684387 0.1018767605154494
6 0.5968302275130274 0.9302397829051451 0.12977183475372306 0.0762050531430745
23 0.20519579901990656 0.979617821687583 0.055987105172143184 0.01775074400710608
1 0.9481645490199065 0.9406804794233861 0.034112105172143005 0.01660432383528985