23 0.5533285546314888 0.2864995088419956 0.014190532132453627 0.031636444906292735
23 0.30151600204506407 0.2852254800082473 0.019849498746358753 0.011505801332783516
23 0.3015925583924125 0.26098399795493593 0.01989496285298138 0.013068301332783517
23 0.30003841857982694 0.2344442300082473 0.019963159012915455 0.015412051332783516
1 0.31702001543940617 0.017041761497253543 0.07700878087881238 0.034083522994507086
23 0.3172646179719592 0.9877056223281153 0.03616482053311341 0.008858174452321777
6 0.31477010378619424 0.955719836434738 0.03234949874635875 0.011869514185764984
23 0.311744392186854 0.9323505325946719 0.028534176959604095 0.014880853919208192
23 0.3146276997878437 0.8970806223281154 0.033108016693047394 0.011110996239076344
23 0.31217864970870146 0.8666573364347379 0.022170516693047482 0.010792747492717325
23 0.31446256373618187 0.8376601582214926 0.031477320533113404 0.008721782132453625
23 0.3128174957103509 0.8079953902748039 0.029360891066226812 0.01646608597251955
23 0.3063712674179632 0.7745607646479834 0.02458246285298147 0.013204693652651579
6 0.31483698528550963 0.7430379800082474 0.028556909012915455 0.015662103919208192
23 0.30930839931299003 0.7142681223281153 0.02550010517284953 0.017914925705962936
23 0.25593334672656526 0.7072201519532865 0.03492056927947225 0.01975021034569906
23 0.07659518771364979 0.6975820421615835 0.03634667695960414 0.015108174452321776
23 0.30842184923384774 0.6837993723281153 0.034116587226160885 0.0189462282923877
23 0.8320268337944416 0.647452414556206 0.01991769490629274 0.013849551332783604
23 0.30751256710139413 0.6525493723281153 0.024787051332783517 0.020235943652651578
6 0.5605011747815261 0.6404966870552411 0.013613870612255673 0.03864496285298138
23 0.30818851702225186 0.6220351582214926 0.026235891066226813 0.016375157759274117
28 0.20137021568946833 0.605595467471835 0.12419968111623927 0.13709448620994635
23 0.31132187720966625 0.595358997954936 0.024650659012915455 0.0155484436526514
6 0.6008246464099962 0.5752066561764286 0.03871315901291546 0.015957620612255675
6 0.5226087181967507 0.5743548615075627 0.03400292695960409 0.015039978292387702
23 0.30969954123714666 0.5664754800082473 0.029269962852981467 0.01334108597251955
23 0.5864522578510518 0.5380931010827215 0.025454641066226812 0.016352425705962938
6 0.305665259104693 0.5353164082214926 0.02920176669304748 0.010997335972519551
23 0.5892219051854848 0.4989169408161647 0.026235891066226813 0.016375157759274117
6 0.3031791051063425 0.47674539027480395 0.031704641066226814 0.016534282132453625
23 0.3069800550272002 0.446140247954936 0.022329641066226813 0.01626149749271768
28 0.12417591521461462 0.4248743163764782 0.10781616316955059 0.13739836309040818
23 0.30230091521461466 0.4196914082214926 0.023110891066226814 0.01628422954602904
23 0.30152802540202905 0.3931289082214927 0.022102320533113406 0.008448997492717502
6 0.8221671343358021 0.36234162866282854 0.04000287437317951 0.006628084718878391
6 0.8226839598834805 0.3263586645562058 0.028397784639735947 0.010193353919208281
6 0.3092890496169239 0.3373873735817566 0.04112510517284953 0.01836956677218975
23 0.3030019456977156 0.309421497954936 0.022329641066226813 0.016261497492717502