1 0.08337565054802162 0.93046875 0.12667421561506956 0.1390625
1 0.7451671357303827 0.9447415332912328 0.23864688554295146 0.11051693341753435
1 0.47883296770236183 0.9137807042159032 0.10523432028847228 0.09302526101791671
6 0.29741866033166736 0.868955247434549 0.029197843939826384 0.04674836664124982
1 0.4993980812094798 0.8244642842880211 0.08106881525447918 0.027654180945798856
6 0.9659443860647745 0.7887177671892717 0.06811122787045107 0.30503429853697916
6 0.799796818291702 0.7814832293858687 0.05539732123840295 0.06531718189572917
6 0.76736356515757 0.6628234951534381 0.10147223423243065 0.032033209631146066
1 0.08460365691319491 0.5485479091943055 0.14851415444465293 0.2080333183886111
6 0.4583859958190282 0.538507947282049 0.05577787452503476 0.014572299486909657
6 0.46120187129399354 0.5252994324644101 0.054179006933854267 0.01297343189572917
6 0.46160126158659764 0.5089113662600004 0.05893924211621524 0.016207534669270985
6 0.45883928428802123 0.49088806487322956 0.06449891109416672 0.020241071238402776
6 0.9716418767092362 0.47956097273635495 0.05671624658152759 0.28430357123840294
6 0.32577025151861144 0.37613262100965306 0.09598530043684032 0.03112467306201392
1 0.09582491232843766 0.19197125408406257 0.18503157627239591 0.1331430743725349
1 0.6484589498475002 0.1837516313619797 0.08824553561920148 0.03406783510611118
1 0.276183906344514 0.15790864466100718 0.08025185087368066 0.0596490633546181
23 0.6621207531341321 0.133315873478195 0.04642105832062491 0.01513534393982643
23 0.36015820963114586 0.10910942838034754 0.055069359707395904 0.017679115691319504
6 0.010049106857604248 0.09627558795590278 0.016461454597152807 0.036301175911805574
23 0.19591387167524316 0.09747833130638905 0.02512793977951393 0.03962619766329865
6 0.2943513716752431 0.09976948955076412 0.028143837005972294 0.03501143284565975
6 0.13108830547083342 0.09675032627239594 0.025891005983923642 0.03886313145888891
6 0.27322125408406256 0.09771602706982661 0.028997822188333355 0.038154616641250014
6 0.24509625408406258 0.09706141042857659 0.02669043977951393 0.03966256525447918
23 0.17242182028847228 0.0945890674386807 0.02583645459715278 0.03651938145888893
6 0.31926045269729175 0.09644512100965305 0.019750108757465322 0.04340516109416668
6 0.3606121513105209 0.0950651121759378 0.06051992591180557 0.017025152260451426
6 0.35590646751493066 0.09417475940239614 0.06368129350298606 0.018660387442812554