1 0.93828125 0.06953125 0.1234375 0.1390625
1 0.2765625 0.06640625 0.2359375 0.11640625
1 0.5421875 0.096875 0.103125 0.090625
6 0.72265625 0.1375 0.028125 0.04609375
1 0.51953125 0.18671875 0.08046875 0.02578125
6 0.04140625 0.23359375 0.08203125 0.303125
6 0.21796875 0.23671875 0.05390625 0.0640625
6 0.24765625 0.3546875 0.10078125 0.0296875
1 0.928125 0.453125 0.14375 0.2046875
6 0.55390625 0.471875 0.05546875 0.01328125
6 0.55078125 0.48515625 0.05390625 0.01171875
6 0.55 0.5015625 0.05859375 0.01484375
6 0.55234375 0.51953125 0.0640625 0.01875
6 0.03203125 0.54296875 0.0640625 0.2828125
6 0.6828125 0.63125 0.0953125 0.02890625
1 0.90859375 0.81015625 0.18203125 0.12890625
1 0.35546875 0.83125 0.0875 0.03203125
1 0.72734375 0.8484375 0.07890625 0.0578125
23 0.340625 0.88203125 0.04609375 0.0140625
23 0.6421875 0.89921875 0.0546875 0.01640625
6 0.9921875 0.90390625 0.015625 0.0359375
23 0.80625 0.90703125 0.02421875 0.0390625
6 0.7078125 0.90703125 0.02734375 0.034375
6 0.87109375 0.90625 0.025 0.03828125
6 0.72890625 0.90859375 0.028125 0.0375
6 0.75703125 0.90859375 0.02578125 0.0390625
23 0.8296875 0.909375 0.025 0.0359375
6 0.6828125 0.9109375 0.01875 0.04296875
6 0.64140625 0.91328125 0.06015625 0.015625
6 0.64609375 0.9140625 0.06328125 0.0171875