6 0.22734375 0.64296875 0.02265625 0.053125
23 0.99453125 0.71640625 0.0109375 0.040625
6 0.6609375 0.7171875 0.04609375 0.0296875
23 0.675 0.7546875 0.0203125 0.03984375
6 0.6484375 0.75625 0.0234375 0.0453125
6 0.303125 0.76484375 0.04296875 0.02734375
6 0.546875 0.771875 0.04296875 0.03203125
23 0.02578125 0.91015625 0.02109375 0.04609375
6 0.0515625 0.91171875 0.021875 0.0421875
1 0.89765625 0.95 0.20390625 0.1
6 0.0265625 0.003125 0.04609375 0.00625
23 0.7125 0.0109375 0.05546875 0.021875
23 0.77265625 0.01015625 0.05546875 0.0203125
23 0.8625 0.0109375 0.05859375 0.021875
6 0.02734375 0.01640625 0.0453125 0.0265625
23 0.4171875 0.01796875 0.04609375 0.03203125
23 0.24453125 0.0734375 0.02890625 0.05234375
6 0.6140625 0.2078125 0.046875 0.0265625
23 0.971875 0.215625 0.025 0.05546875
1 0.10234375 0.22109375 0.20390625 0.34765625
23 0.6125 0.234375 0.04375 0.02421875
23 0.7875 0.25390625 0.05390625 0.059375
23 0.6109375 0.26484375 0.04453125 0.021875
6 0.2390625 0.26953125 0.03046875 0.05625
6 0.61640625 0.29140625 0.04296875 0.02421875
23 0.20078125 0.4 0.0734375 0.0234375
6 0.22109375 0.43046875 0.04296875 0.02734375