9 0.04966427784280451 0.846928824294037 0.05886550079142282 0.30614235141192586
23 0.7936008312871591 0.6704640172217728 0.009639424452321776 0.03618755258642477
23 0.5792882787007343 0.6680988498290802 0.032599551332783604 0.020463264185764985
23 0.5151348504874889 0.6668378782006101 0.02690348079967002 0.012491639812585475
23 0.9445041017411302 0.6433977488793727 0.035383570533113584 0.008835442399010417
1 0.16190455040834667 0.6466212842440247 0.0833042449854351 0.046136865597690854
23 0.7966970875553653 0.6156401249019048 0.012005906505633135 0.037036998746358664
23 0.9420095875553652 0.6114119629859955 0.023733016693047303 0.01083821159934022
23 0.881171375956025 0.5897248310909686 0.029292694906292736 0.01412233597251955
6 0.01892978872986419 0.5968295358933773 0.004352530878812389 0.042278428213245435
6 0.06109455667655285 0.5948207550145649 0.010647994985435071 0.04402278463973612
23 0.08218830667655284 0.5942069895751587 0.011065532132453626 0.0315455166930473
23 0.039932610516618824 0.5930907704539712 0.007204746239076298 0.03299435642649069
23 0.5140377002500621 0.5753861640939875 0.02458246285298138 0.013204693652651579
23 0.8850859861434394 0.5630259387711006 0.0229290346397363 0.010034229546028861
23 0.5163443463308539 0.5471702358807421 0.03179556927947225 0.019659282132453625
23 0.8857619360642971 0.5325117246644779 0.0244915346397363 0.010079693652651578
23 0.5729436873179384 0.5306670459890142 0.02219324874635866 0.011573997492717503
23 0.23932720526462706 0.5395923827529566 0.026144962852981467 0.013250157759274118
23 0.29070784883813633 0.5318420672344082 0.040852320533113405 0.008994566772189749
23 0.5140089565182683 0.5206531999873647 0.027775659012915455 0.015639371865896833
23 0.8842759924116457 0.5083157067177893 0.023755748746359016 0.01161946159934022
23 0.24156565518548473 0.5090327045397112 0.021366534639736125 0.009988765439406322
23 0.8873411564391261 0.47929579645123255 0.019735838479802224 0.007599551332783605
1 0.774841156439126 0.4825692121280657 0.08579039898378546 0.10475334765100222
6 0.6324945320659466 0.4812376958307296 0.031704641066226814 0.016534282132453625
23 0.5105968000126353 0.48400264614729877 0.026167694906292737 0.014031407759274117
23 0.24447169483978576 0.4745440442731546 0.03469324874635884 0.01193771034569906
23 0.5129943743066724 0.45891171793405333 0.021389266693047304 0.010770015439406321
6 0.23981528708051156 0.4488764545397112 0.027593802586424764 0.009389371865896834
23 0.28894310886726615 0.4443193351810968 0.02453699874635875 0.011642193652651577
23 0.5709516268139548 0.43533181393570286 0.02536371285298138 0.013227425705962758
6 0.2382156831613033 0.42077418659302257 0.023733016693047483 0.01083821159934022
23 0.5746389164682558 0.4008204216158348 0.029497283386094964 0.02115358597251955
23 0.28923261388183114 0.40052387107447407 0.026008570533113406 0.008562657759274294
6 0.8053517073761981 0.34875650178236667 0.009480300079142268 0.030718802586424766
6 0.9193914753228867 0.34465637199891097 0.011065532132453626 0.03154551669304748
6 0.832627261216264 0.34561712991646976 0.01115646034569906 0.034670516693047396
6 0.859053368896396 0.34015674010388414 0.015039978292387702 0.03400292695960409
6 0.11291415478977336 0.3603033510162144 0.027730194906292784 0.014076871865896923
6 0.4351839598834806 0.3376337629986307 0.026167694906292737 0.014031407759274295
6 0.28745951372354656 0.3395863710744741 0.025227320533113405 0.008539925705962936
23 0.5005816393503671 0.3279117705204781 0.02614496285298138 0.013250157759274295
23 0.4375360700708949 0.31098033478538534 0.02143473079967002 0.012332515439406144
23 0.12023490980433829 0.31630329842978966 0.009548496239076299 0.033062552586424765
23 0.1389849098043383 0.3157577291503174 0.010929139812585564 0.026858016693047482
23 0.2873996777510269 0.31065738902116274 0.02221598079967011 0.012355247492717502
6 0.8081297148980455 0.2829951094624986 0.01384119114536908 0.04645746285298147
6 0.7689762866848001 0.2810067121280656 0.008258780878812466 0.04239208847980205
6 0.4985273943649321 0.28418450257378947 0.016034176959604095 0.014517141066226813
6 0.4374080379384414 0.279707602732074 0.025409176959604096 0.014789925705962936
6 0.2778511815119506 0.27809494160758746 0.026076766693047482 0.010906407759274294
23 0.24249034303214856 0.2720866340065978 0.013568406505632957 0.03708246285298138
23 0.13831130839241249 0.2657349970970061 0.00941210391920828 0.028375052586424764
23 0.1171038981258558 0.2624425125364123 0.008767246239076298 0.033039820533113405
6 0.4927260237526764 0.24603964489365754 0.04179269490629274 0.014486048825501108
23 0.4380385237526764 0.24763088862545138 0.021502926959604096 0.014676265439406144
23 0.2831691673261857 0.2458818351810968 0.022906302586424766 0.00925297954602886
9 0.794065147201419 0.8745293915949522 0.060688762074193825 0.20784124373179366
9 0.2819144881885035 0.8745751365138803 0.12249008010002482 0.23930184389007855
9 0.5591673099752581 0.8633802575883545 0.09686795447320425 0.2440204361308041