23 0.63203125 0.3234375 0.05859375 0.03203125
23 0.809375 0.3703125 0.03984375 0.0296875
6 0.61484375 0.37421875 0.06640625 0.04375
23 0.9328125 0.39296875 0.02421875 0.08125
23 0.8046875 0.4078125 0.0453125 0.021875
1 0.4625 0.4296875 0.1359375 0.203125
23 0.8046875 0.43984375 0.0453125 0.02578125
1 0.72109375 0.44140625 0.1328125 0.196875
6 0.34296875 0.60703125 0.01875 0.05625
23 0.3421875 0.67578125 0.01796875 0.06171875
6 0.378125 0.6921875 0.04609375 0.03515625
6 0.28203125 0.71640625 0.0484375 0.02421875
23 0.28203125 0.753125 0.0484375 0.02578125
23 0.8046875 0.7640625 0.053125 0.0359375
23 0.36484375 0.803125 0.0390625 0.0296875
23 0.80546875 0.80703125 0.04765625 0.02578125
23 0.80546875 0.8328125 0.04375 0.02421875
23 0.35078125 0.859375 0.02265625 0.059375
23 0.37734375 0.859375 0.01640625 0.065625
23 0.80546875 0.86953125 0.04765625 0.02578125
23 0.80390625 0.9015625 0.0515625 0.0296875
23 0.99609375 0.91953125 0.0078125 0.04765625
23 0.80078125 0.93359375 0.04296875 0.021875
23 0.796875 0.96484375 0.046875 0.02578125
23 0.79375 0.99375 0.03984375 0.01171875
1 0.58828125 0.8703125 0.3515625 0.259375
1 0.10703125 0.8625 0.2140625 0.275
23 0.09921875 0.14765625 0.01640625 0.05625
23 0.07578125 0.1515625 0.01640625 0.0578125
23 0.54375 0.1734375 0.04375 0.02421875
23 0.1828125 0.184375 0.02734375 0.0765625
23 0.39765625 0.1984375 0.025 0.0859375
23 0.29765625 0.203125 0.01640625 0.08359375
23 0.621875 0.2046875 0.04921875 0.0390625
23 0.85234375 0.2046875 0.046875 0.03359375
23 0.32265625 0.20859375 0.01796875 0.065625
6 0.98984375 0.20859375 0.01953125 0.07734375
23 0.0984375 0.21796875 0.02265625 0.065625
23 0.0734375 0.22109375 0.01640625 0.065625
23 0.54296875 0.2296875 0.05 0.03515625