6 0.58203125 0.0015625 0.03359375 0.003125
6 0.99375 0.00625 0.01171875 0.01171875
6 0.6140625 0.02421875 0.01796875 0.04765625
23 0.94140625 0.034375 0.05 0.03359375
23 0.884375 0.03515625 0.0421875 0.028125
23 0.815625 0.0359375 0.04453125 0.0296875
6 0.56015625 0.0375 0.08046875 0.05625
23 0.66015625 0.046875 0.02265625 0.0640625
23 0.740625 0.05 0.02109375 0.0703125
23 0.68828125 0.05 0.01640625 0.0640625
23 0.7125 0.053125 0.0203125 0.0640625
6 0.36328125 0.0640625 0.13203125 0.06875
23 0.81328125 0.065625 0.04765625 0.0234375
23 0.85625 0.10234375 0.0421875 0.025
6 0.80859375 0.13828125 0.0453125 0.025
23 0.85703125 0.1421875 0.04296875 0.028125
6 0.36484375 0.15625 0.1265625 0.08046875
6 0.728125 0.15703125 0.0203125 0.06875
6 0.49296875 0.16015625 0.0421875 0.12890625
6 0.5578125 0.16171875 0.0765625 0.065625
6 0.32109375 0.24921875 0.034375 0.10390625
6 0.359375 0.25 0.03671875 0.10546875
23 0.98125 0.25078125 0.0265625 0.059375
23 0.9828125 0.25 0.025 0.07109375
23 0.809375 0.2640625 0.0234375 0.08046875
23 0.88125 0.2640625 0.0234375 0.06875
23 0.85625 0.2640625 0.0171875 0.06875
23 0.83515625 0.26796875 0.01640625 0.07109375
6 0.93125 0.33671875 0.01796875 0.07109375
6 0.47890625 0.359375 0.01796875 0.0671875
23 0.45703125 0.3609375 0.0171875 0.0703125
23 0.42890625 0.3625 0.0203125 0.0671875
6 0.86953125 0.37265625 0.02109375 0.065625
23 0.84765625 0.37421875 0.02109375 0.0671875
6 0.7921875 0.3796875 0.05234375 0.03125
6 0.98359375 0.3796875 0.0328125 0.04375
23 0.55078125 0.41328125 0.0421875 0.0265625
23 0.65703125 0.41171875 0.0359375 0.0296875
23 0.50390625 0.4125 0.04453125 0.01875
6 0.32734375 0.52421875 0.04296875 0.13515625
9 0.90234375 0.7203125 0.1953125 0.553125
9 0.65546875 0.73984375 0.27109375 0.51875
9 0.24609375 0.80234375 0.1625 0.39296875