1 0.03359375 0.01796875 0.0671875 0.0359375
23 0.1734375 0.012072783485816415 0.07421875 0.02414556697163283
1 0.33984375 0.06872022066933033 0.16171875 0.13744044133866065
23 0.17734375 0.049275769785447864 0.071875 0.024384930307219378
23 0.17734375 0.08443201978544787 0.065625 0.02651042549789595
23 0.02265625 0.10233382631620258 0.03046875 0.0713764921954517
23 0.09375 0.09985117786014866 0.025 0.060248019237293705
23 0.05390625 0.10124255226958548 0.03125 0.06124752404661713
23 0.003125 0.10692212259533829 0.00546875 0.068159722958158
23 0.50625 0.12607136044480272 0.07109375 0.036076398456053926
23 0.12890625 0.1376859945577044 0.025 0.0657167692372937
23 0.1609375 0.13812993865992185 0.034375 0.06995040145127884
23 0.5015625 0.1574850515517953 0.06328125 0.030334829944399642
23 0.0234375 0.18433779446503715 0.034375 0.06760665145127884
23 0.09453125 0.18732389600898322 0.0296875 0.06666171034428628
23 0.0625 0.18922370190676577 0.03125 0.06827877404661709
6 0.003125 0.1912971225953383 0.00546875 0.06815972295815804
23 0.19296875 0.2182613827621393 0.02890625 0.0572594284931208
23 0.23984375 0.23068697169221367 0.03359375 0.06836061960011346
1 0.80078125 0.21878654183851892 0.39765625 0.43757308367703784
1 0.359375 0.3554190984639031 0.134375 0.19375497840045358
6 0.01484375 0.3815128948278569 0.0296875 0.08072421034428627
6 0.25078125 0.40530502577589766 0.03515625 0.06919643330244422
6 0.49375 0.4804141200634495 0.1015625 0.05276539065150558
23 0.48359375 0.5221750341286 0.09921875 0.03315229509800943
9 0.1515625 0.724394820873907 0.30234375 0.2136830764010206