6 0.3515625 0.4010044169755574 0.24140625 0.09671134201011711
6 0.5046875 0.5230009241471336 0.05703125 0.12542907513507623
6 0.23359375 0.5434052265015371 0.05078125 0.1189608203257528
6 0.40390625 0.5405827829474739 0.0515625 0.12523810217691816
6 0.31953125 0.63649797287334 0.115625 0.04935021397248338
23 0.4875 0.680632374872773 0.0328125 0.07770833774894789
23 0.52734375 0.6862722504633362 0.034375 0.06916915145127885
23 0.4328125 0.9231671044543528 0.0796875 0.036376498818873414
1 0.8125 0.805220624787955 0.375 0.34512653855940556
23 0.43359375 0.9536085726031874 0.07265625 0.03534971215838496
9 0.090625 0.20933530526481037 0.18125 0.21179813947037926
9 0.89609375 0.2069889667132542 0.2078125 0.19631947241000383