23 0.5879575511997694 0.9391698677757688 0.015108174452321776 0.0363466769596041
23 0.5613495870931468 0.9383802575883543 0.009775816772189572 0.040875052586424945
1 0.34250264720141893 0.8876685184089071 0.08178251207419382 0.2084550091712
23 0.44656802157459835 0.8901139053184988 0.03407112311953817 0.017383728292387702
23 0.4950055215745984 0.8887045180131956 0.029383623119538172 0.01724733597251955
6 0.45027804328221066 0.8563837629986308 0.030142141066226813 0.01648881802583091
6 0.23670127658916326 0.8524333635526267 0.02860237311953817 0.017224603919208194
23 0.4925193675762478 0.830133500066507 0.025250052586424765 0.009321175705962758
23 0.44773806498982316 0.8228354771052533 0.03335806927947225 0.019704746239076344
23 0.23586019061664368 0.8235271135526266 0.03404839106622681 0.0166024782923877
6 0.23189410464412408 0.7947117917658721 0.02862510517284953 0.01800585391920819
6 0.4472235879510766 0.7782814950519421 0.04268760517284953 0.01841503087881229
23 0.27098168520636734 0.713819492940371 0.018377926959604097 0.014585337226160889
6 0.26917749280735703 0.6786859749936823 0.022951766693047392 0.01081547954602886
23 0.2683818709414601 0.6513422249936823 0.019849498746358753 0.011505801332783606
1 0.8117992503292044 0.597216733835678 0.13319659639736087 0.09754625290299383
23 0.2582196092629776 0.5976860275801071 0.009366639812585564 0.026812552586424766
23 0.20585312720966625 0.5984278251519669 0.01568483597251964 0.029338159012915456
23 0.1839553951563549 0.5982830726446845 0.009389371865896922 0.027593802586424764
6 0.7104724310497323 0.5813991687128409 0.03887228338609496 0.021426370612255673
23 0.23312868104973222 0.59528845328607 0.01492631802583091 0.030096676959604097
23 0.31057171945039197 0.569577747954936 0.009662156505632957 0.036968802586424584
23 0.287066023290458 0.5679159595542762 0.016048548825501108 0.04183815901291545
23 0.339341577130524 0.5640491619824164 0.009707620612255673 0.038531302586424766
23 0.7095858809705899 0.5509304187128409 0.026948944906292738 0.014054139812585475
23 0.20805447321131573 0.5397204148854102 0.010466138558944316 0.03777278463973595
6 0.23151470526462706 0.53981970328607 0.017057119358614425 0.04967339106622681
6 0.10727322321131572 0.5426528497625732 0.021426370612255673 0.03887228338609496
23 0.7049294732113157 0.5252628289793977 0.027661998746358663 0.011733121865896834
23 0.258790259104693 0.536680331420173 0.019863870612255675 0.03882681927947225
6 0.15642377705138172 0.5388769804039587 0.013727530878812377 0.04255121285298138
6 0.13218229499807035 0.5388004240566102 0.018369566772189705 0.04112510517284953
6 0.181310116784825 0.5342433046979957 0.01053433471887839 0.04011653463973595
6 0.7984688730530312 0.4615520184754141 0.013037209092057722 0.04565348079967002
23 0.8179319268930971 0.4586399671426305 0.011869514185764984 0.03234949874635866