6 0.91328125 0.003125 0.04609375 0.00625
6 0.91328125 0.0171875 0.04609375 0.025
6 0.9140625 0.04375 0.04140625 0.025
6 0.91171875 0.06640625 0.04375 0.0265625
1 0.05859375 0.1296875 0.1171875 0.25859375
6 0.00078125 0.35 0.0015625 0.0453125
23 0.059375 0.41015625 0.02578125 0.04296875
23 0.10546875 0.4125 0.02265625 0.04453125
23 0.0359375 0.4125 0.01875 0.0375
23 0.13046875 0.4140625 0.0234375 0.040625
23 0.08203125 0.4140625 0.02421875 0.040625
23 0.0140625 0.41484375 0.021875 0.03984375
23 0.01015625 0.4796875 0.0203125 0.046875
9 0.321875 0.63203125 0.16484375 0.66171875
9 0.6234375 0.6703125 0.14921875 0.6125
23 0.771875 0.8046875 0.02265625 0.0421875
23 0.79609375 0.8078125 0.02265625 0.0546875
6 0.76484375 0.9265625 0.02734375 0.05625
6 0.79609375 0.92734375 0.015625 0.0421875