6 0.6484375 0.41328125 0.24140625 0.08828125
6 0.4953125 0.540625 0.05703125 0.1234375
6 0.76640625 0.5515625 0.05078125 0.1171875
6 0.59609375 0.5546875 0.0515625 0.1234375
6 0.68046875 0.64765625 0.115625 0.0453125
23 0.5125 0.69765625 0.0328125 0.0765625
23 0.47265625 0.7046875 0.034375 0.06796875
23 0.5671875 0.93828125 0.0796875 0.03359375
1 0.1875 0.83359375 0.375 0.33203125
23 0.56640625 0.96875 0.07265625 0.0328125
9 0.909375 0.2125 0.18125 0.20546875
9 0.10390625 0.23828125 0.2078125 0.1890625