23 0.80625 0.1625 0.0421875 0.02421875
23 0.6453125 0.184375 0.0234375 0.03984375
23 0.44296875 0.1890625 0.03515625 0.01796875
23 0.39765625 0.1921875 0.046875 0.02421875
23 0.95390625 0.19765625 0.05234375 0.04453125
6 0.1828125 0.2078125 0.053125 0.01796875
23 0.78125 0.39296875 0.04140625 0.021875
23 0.78125 0.41796875 0.04453125 0.01796875
23 0.61015625 0.45625 0.0421875 0.021875
23 0.7828125 0.4609375 0.04765625 0.05078125
23 0.659375 0.46484375 0.04921875 0.06484375
23 0.375 0.52421875 0.04921875 0.03046875
23 0.41953125 0.528125 0.04140625 0.015625
23 0.746875 0.54375 0.040625 0.02734375
23 0.590625 0.56015625 0.02109375 0.04453125
6 0.6171875 0.56171875 0.02265625 0.0421875
23 0.56640625 0.565625 0.0203125 0.03984375
23 0.5484375 0.63125 0.02421875 0.04375
23 0.57109375 0.63125 0.01953125 0.04375
23 0.375 0.64609375 0.04609375 0.02265625
6 0.803125 0.65625 0.02421875 0.0375
23 0.3765625 0.67734375 0.05078125 0.01953125
1 0.91640625 0.71015625 0.1671875 0.4453125
9 0.11796875 0.07734375 0.18984375 0.1015625
23 0.4546875 0.79375 0.021875 0.04609375
9 0.89921875 0.08046875 0.1984375 0.1609375
6 0.68046875 0.81015625 0.021875 0.03359375
23 0.725 0.8265625 0.021875 0.04453125
9 0.48125 0.08515625 0.45234375 0.0953125
23 0.2609375 0.0859375 0.01796875 0.053125
23 0.23671875 0.0890625 0.01875 0.04609375
23 0.6765625 0.09453125 0.03984375 0.025
6 0.59765625 0.94296875 0.01796875 0.04921875
23 0.7359375 0.9703125 0.015625 0.04453125
23 0.71015625 0.971875 0.02265625 0.046875
6 0.7609375 0.9703125 0.02265625 0.03515625
23 0.82890625 0.99375 0.03828125 0.0125
23 0.8703125 0.9953125 0.03984375 0.009375
23 0.903125 0.99375 0.0203125 0.0125
23 0.80703125 0.13828125 0.04453125 0.025
23 0.08359375 0.15078125 0.028125 0.05078125