23 0.36157324445670963 0.8175235029695009 0.034207515439406144 0.022071228292387703
23 0.3076442624033983 0.8183107646479832 0.027912051332783516 0.020326871865896833
28 0.8508941572305488 0.7853017555432904 0.03785535266556721 0.04013090650563296
23 0.09444792893816119 0.7736899010953566 0.03248589106622681 0.016557014185764985
23 0.04415241224511375 0.7649885025072825 0.02371028463973609 0.01005696159934022
6 0.8533910199252457 0.7367505952767337 0.029338159012915456 0.015684835972519552
6 0.8029363788590189 0.7225804466886594 0.013554034639736302 0.009761444906292738
23 0.043402254485839516 0.7392072525072825 0.02775292695960413 0.014858121865896834
23 0.09491929037921683 0.736144436988734 0.01746028463973608 0.00987510517284953
23 0.8570783095795467 0.7022392029568656 0.03085519490629309 0.014167800079142267
23 0.7934560787798766 0.6923617492750842 0.02203412437317951 0.0061052474927175025
23 0.09887936467325394 0.7110080446688659 0.030855194906292783 0.014167800079142267
23 0.03925431208682919 0.7041419307205279 0.023224551332783516 0.020190479546028862
23 0.8532031518202725 0.6765488811701109 0.022306909012915453 0.015480247492717503
23 0.09275138512722506 0.6885109190420453 0.016724498746358774 0.011414873119538172
23 0.47604961843417765 0.6671932308661772 0.019841138558944316 0.038045569279472245
23 0.09822849531463948 0.6617665626155546 0.022951766693047417 0.01081547954602886
23 0.3675718772096662 0.5937222901165194 0.019886602665567032 0.03960806927947225
28 0.4339781272096662 0.5917900655850554 0.02439224623907634 0.03349446159934022
23 0.3956968772096663 0.5929039361973112 0.010420674452321598 0.03621028463973612
23 0.4737536810497322 0.5882869808661771 0.01211956677218975 0.040943248746358664
23 0.3431712707831755 0.588176983769171 0.01584396034569906 0.03480690901291546
23 0.33979020651826825 0.5257224478757936 0.016443353919208193 0.02857964106622681
23 0.4686737244649569 0.5211904090794224 0.010034229546029038 0.022929034639735946
23 0.3686282603583343 0.5225376119032741 0.008767246239076343 0.033039820533113405
23 0.42327029625171153 0.5193838681714802 0.013432014185764984 0.03239496285298138
23 0.44744358214508895 0.5171166745188287 0.010997335972519551 0.02920176669304748
23 0.29045779625171153 0.523248317234408 0.011201924452321599 0.03623301669304731
23 0.849787332145089 0.5054096670634883 0.02446880258642494 0.009298443652651579
23 0.2724208500917776 0.5214274044605689 0.011133728292387613 0.03388926669304748
23 0.3943185821450889 0.5186624541439998 0.016761602665567032 0.039517141066226814
23 0.8542104076927671 0.4693130426903089 0.02685801669304766 0.010929139812585652
23 0.5433494640401157 0.4541189178549111 0.01584396034569906 0.03480690901291546
23 0.41511080377355897 0.453940724597971 0.010997335972519551 0.029201766693047304
23 0.37057955377355895 0.4552364516367174 0.014994514185764984 0.0324404269596041
23 0.394730107613625 0.4521880079840658 0.012764424452321598 0.03627848079967002
23 0.3181903396669363 0.45519699920857715 0.007940532132453626 0.03145458847980205
23 0.5181676076136249 0.448596343560874 0.011179192399010418 0.03545176669304748
23 0.8540596435070021 0.43725906063699754 0.023687552586424944 0.009275711599340219
23 0.4712244114536909 0.44761651675955444 0.014190532132453627 0.031636444906292735
23 0.5634346435070022 0.4457153844688163 0.013659334718878391 0.04020746285298138
23 0.4454204294003796 0.44758542451882866 0.015684835972519552 0.029338159012915456
28 0.11219875244077546 0.4432067792294598 0.039349656505633004 0.037832620612255854
23 0.16027253958779403 0.4292973919241566 0.022974498746358752 0.011596729546028861
23 0.5534315062016992 0.397527937055241 0.02219324874635866 0.011573997492717503
23 0.851596221561963 0.3794692926903089 0.023619356426490868 0.006931961599340219
23 0.17101381129540635 0.39536266112448654 0.02768473079967011 0.012514371865896833
28 0.1229256522824909 0.3819055663764783 0.031559888558944316 0.03838655007914227
23 0.17148517273646202 0.35781719701786385 0.01909098079967011 0.012264319279472158
23 0.8482833534569899 0.3193585067969316 0.012727320533113585 0.008176212852981379
23 0.17553617524374449 0.3358058046979958 0.03547449874635875 0.01196044239901033
23 0.14332306881725376 0.3304878188837608 0.013363818025830953 0.030051212852981467
6 0.21713264185764966 0.3142657738191834 0.03489783722616089 0.01896896034569897
23 0.5561042136444042 0.3012750626820616 0.023778480799670022 0.01240071159934022
23 0.8513030533778476 0.2887760965303749 0.0283977846397363 0.010193353919208193
23 0.5544818776718847 0.27239154473537297 0.026213159012915453 0.015593907759274207
23 0.8503710391920827 0.2567448465303749 0.03551996285298138 0.01352294239901033
23 0.5497345416993651 0.24359895500192966 0.03239496285298138 0.013432014185764984
1 0.38602974287386405 0.20692097209068847 0.21781460345698989 0.34979672618081664
6 0.5562513146606187 0.19884038446881624 0.02782112311953817 0.017201871865896924
6 0.22160353002088257 0.19919470328607 0.03655126543940614 0.02213942445232169
6 0.7131879732778227 0.056657581486680084 0.02460519490629274 0.013985943652651555
23 0.7686112591712 0.0534811057015749 0.019849498746358663 0.011505801332783516
23 0.8285174565847754 0.043136987596601686 0.033911998746359015 0.011914978292387635
6 0.7700457270387464 0.022162909541640886 0.024491534639735947 0.010079693652651555
6 0.7145542449854351 0.022995635326746068 0.029315426959604096 0.014903585972519595
6 0.7153893192794721 0.0014836429965689123 0.022929034639736123 0.0029672859931378246
28 0.3661758279219468 0.8682138247562555 0.03243206677218975 0.04153428213245362
23 0.1003917035487674 0.8704739728821114 0.029914820533113406 0.00867631802583091