23 0.38491939111185863 0.3105877481010834 0.06027243668015991 0.034077388837407165
23 0.21003225576575119 0.3636557283156356 0.04139960594746528 0.031078874409436796
6 0.4047682236535756 0.36076879737544404 0.06869909034363317 0.04606895734906136
23 0.0877821195151326 0.39062251079977317 0.0284768820667471 0.08209573738612833
23 0.21668504748886525 0.400992037208643 0.0464589201718165 0.02345734736759475
1 0.5600189676606817 0.41091758639818565 0.1465828301668676 0.20787204210278443
23 0.21836373416902516 0.433023287208643 0.04666363805964089 0.02736359736759475
1 0.30203937132415487 0.43166662913394227 0.14313028154634874 0.2015129146981227
6 0.6888444097679086 0.5840872131698751 0.021697937584671045 0.05690476442797028
23 0.6932286945936177 0.6528099313187097 0.021203292627625103 0.0623462325768049
6 0.6581510097224801 0.6704711464723194 0.04793621099041943 0.03676587921876031
6 0.7555140106269913 0.6913342287789718 0.049706750904511134 0.025910224772256463
23 0.7574383587725404 0.7280529787789718 0.049788638059640886 0.027472724772256464
23 0.23535531885844865 0.757242037208643 0.0550084045679843 0.03779266587924912
23 0.6772462477366925 0.7809448550025071 0.040618355947465365 0.031051592558271324
23 0.23682596562451685 0.8002380690598084 0.04900738805964089 0.027445442921091256
23 0.23817710368415773 0.8260193190598084 0.04501925090451113 0.02574653366526398
23 0.6942566853213635 0.8367037816815295 0.02576796189493056 0.06016617368379755
23 0.6676941853213635 0.837631364621154 0.019845510515449583 0.06619791887447377
23 0.24010145182970694 0.8627380690598084 0.04900738805964089 0.027445442921091256
23 0.24334263850986684 0.8947147553574777 0.05311835594746528 0.03148810217691818
23 0.05209684079385898 0.9193948407441729 0.01031005823145743 0.047929068511654196
23 0.24814632519002675 0.9266368779528159 0.044115170171816584 0.023375501814098597
23 0.2536903182926218 0.9577504686969889 0.04822613805964089 0.027418161069925874
23 0.2583302306625222 0.9865475912923269 0.04045790366347317 0.013110124409436708
1 0.4573298954072718 0.8559349644358194 0.3651557677515388 0.2716518330244426
1 0.9119665699901024 0.8313168441179158 0.17606686001979527 0.2824752272193273
23 0.9085195861597615 0.1162002756062616 0.019354187584671223 0.05682291887447399
23 0.932161804047586 0.11928807007129878 0.0194360747398008 0.058385418874473995
23 0.4653394742194024 0.15750489891939007 0.04501925090451131 0.02574653366526398
23 0.8268501843053107 0.15583818368096242 0.03135622060135788 0.07751736479078994
23 0.6127434187014785 0.17740319275145508 0.02950379353213641 0.0868105192372937
23 0.7129890801668678 0.1785986158022803 0.02078721279944169 0.08416666887447395
23 0.3888522173219975 0.1914830840359329 0.05126592887824381 0.040781256623421934
23 0.15838346732199748 0.19953123012973412 0.04863557383528967 0.035230661069925694
23 0.6882756852098219 0.184940385039574 0.021408010515449404 0.06625248257680486
6 0.021088185209821874 0.20823908593484944 0.023584664178922722 0.07802579627913575
23 0.9129857581406003 0.1864854937550962 0.026095510515449404 0.06641617368379737
23 0.9381495324508599 0.18873747451780248 0.019845510515449406 0.06619791887447395
23 0.46906866180407353 0.21372761706822466 0.05184246099041943 0.03690228847458741