23 0.8468339520989359 0.7029118229424596 0.018551423198680438 0.04747520072563951
23 0.29413484943336876 0.7227133360196675 0.028889529625171127 0.054079864790790036
23 0.19569734943336875 0.7192758227728235 0.023147994985435093 0.04451389183263199
23 0.22147859943336873 0.7201761238612827 0.024733227038746364 0.04534970553496294
23 0.09882234943336873 0.7158928732283105 0.026295727038746407 0.0454042692372937
23 0.12143313532674607 0.7182465469121079 0.02948892319868044 0.047857146641955416
23 0.2432626712201234 0.7240650156939147 0.031764477038746367 0.045595242195451746
23 0.026052439166812047 0.7172619110699257 0.023974709092057744 0.04610367368379738
23 0.00866833435642046 0.7157167692372937 0.01733666871284092 0.044623019237293705
23 0.07766040327343474 0.7175000132468439 0.02799461935861447 0.05014633293962447
23 0.14480243916681204 0.7214087524470707 0.030497493731793845 0.0556969284931208
23 0.05105243916681205 0.7181349303072194 0.020599656505633 0.03740079627913566
23 0.26116322506018935 0.7270362482707196 0.022108332211595895 0.062428078130301046
23 0.17281377890025534 0.7262971490890261 0.017679244985435095 0.04432291887447395
23 0.6118080827403214 0.7439732994439966 0.02154003087881229 0.042896828130301046
23 0.764705762207208 0.7571330422724205 0.027880959092057723 0.04624008293962447
23 0.817830762207208 0.7589882081516696 0.02301160266556721 0.039826391832631994
6 0.8459557622072079 0.759970354793625 0.026409387305303157 0.0493105192372937
1 0.045500087292667836 0.95 0.09100017458533567 0.1
1 0.7599683818950268 0.0867560548862922 0.3066257362099464 0.13089785825218603
23 0.4724743935735093 0.022755519955083892 0.04958246285298138 0.014218756623421957
6 0.3420738397334433 0.015855700810457427 0.023664820533113407 0.008630955534962837
23 0.19035221536026392 0.01603177168436441 0.05445181927947216 0.020632447730414526
23 0.2981874474135752 0.019015417145193465 0.05284385517284953 0.01901538402808367
23 0.11075564357350927 0.010124022865490764 0.025363712852981467 0.013373019237293693
23 0.3880539294668866 0.021371580029217675 0.052798391066226816 0.01745288402808367
23 0.6533342854976659 0.1768775686812903 0.022457673198680438 0.04761160998146656
23 0.011869443982688617 0.21700645072563943 0.023738887965377233 0.05162698738612823
23 0.14473687232811533 0.29362849282842385 0.02225308471887839 0.040580359981466606
23 0.551090857746639 0.49238102839260434 0.021744619358614513 0.04992807813030105
23 0.21949987694696885 0.4925322734984629 0.026363923198680438 0.0477480192372937
23 0.2991646448936575 0.4960962723173366 0.02147183471887839 0.04055307813030105
23 0.2709487166804122 0.49823912567538126 0.021721887305303157 0.049146828130301044
23 0.6394342922280905 0.5470809412766287 0.024551370612255673 0.039099705534962934
23 0.6097467922280905 0.5460442309323423 0.025006011678482487 0.05472470553496276
23 0.06972118580159976 0.5334424717770316 0.025469012932123735 0.04381448738612832
23 0.09152798964166572 0.5365501136096636 0.023838316772189706 0.04141617368379737
23 0.14074673964166573 0.5382688702330856 0.020713316772189704 0.04130704627913566
23 0.18605923964166574 0.5398512176006804 0.023906512932123737 0.04375992368379737
23 0.1618177575883544 0.539786730214552 0.019196280878812377 0.0428149825768049
23 0.27353650758835435 0.5436880349312083 0.027008780878812467 0.04308780108845909
23 0.2398972934817317 0.5440774153310949 0.030497493731793845 0.0556969284931208
23 0.21255354348173175 0.5431225505403049 0.024755959092057724 0.046130955534962936
23 0.3008575255350431 0.5454241497219983 0.028548548825501018 0.042361114790790036
23 0.11719557937510902 0.5413566646981227 0.025741797571859813 0.05318948738612832
23 0.04215011526848635 0.5403001069862416 0.024642298825501043 0.042224705534962936