6 0.49757292893816113 0.7619601615867049 0.019713106426490868 0.006818301332783605
6 0.16756718019180242 0.7606155880840907 0.02540917695960414 0.01478992570596276
23 0.22299046608517972 0.7574391122989855 0.03859949874635875 0.012051370612255674
1 0.34218073528550963 0.7422423581423503 0.08175978002088255 0.20767375917119998
23 0.731197771178887 0.7293592955933027 0.021480194906292736 0.013895015439406322
23 0.44356137885901886 0.733037191211876 0.03786371285298138 0.013591138558944494
6 0.5334816852063673 0.7061815230277606 0.012809888558944493 0.03784098079967002
23 0.731115203153056 0.6996490635399913 0.019781302586424764 0.009162051332783605
23 0.7311235633404705 0.6730638314866801 0.021321070533113405 0.008426265439406144
23 0.2206263325408003 0.6761891122989855 0.029201766693047394 0.010997335972519551
6 0.1721206363808663 0.6752547496042886 0.03002848079967011 0.01258256802583091
23 0.7279387273679508 0.644225777646614 0.016633570533113408 0.00828987311953817
6 0.531867709421262 0.6507127730277606 0.015039978292387702 0.03400292695960409
6 0.4909926568348374 0.6433010897999504 0.027548338479802047 0.007826871865896834
23 0.43869437094146 0.6463866373718101 0.027661998746358663 0.011733121865896834
23 0.22442728246165805 0.6455839699791175 0.03000574874635875 0.011801318025830908
6 0.16585626451496938 0.648070123977468 0.03933528463973608 0.010511602665567032
6 0.4886118029156291 0.615221553906573 0.028375052586424764 0.009412103919208192
6 0.336708322115959 0.607912822248973 0.02380121285298138 0.013181961599340219
23 0.2842736439027137 0.6063108698208328 0.03384380258642476 0.009571228292387702
6 0.391259429796091 0.6016340785171792 0.035565426959604185 0.015085442399010418
6 0.27894964640999614 0.584572262140701 0.026235891066226813 0.016375157759274117
23 0.5256966142775426 0.5461162012410059 0.01102006802583091 0.029983016693047482
23 0.5897591142775426 0.544252172869476 0.005460389812585476 0.02669889231986815
23 0.5452051322242312 0.5447666499082224 0.011755853919208192 0.02844324874635884
23 0.7083954540109858 0.5368906507661523 0.009389371865896834 0.027593802586424764
23 0.5716994360642971 0.5416500100956368 0.007917800079142268 0.030673338479802047
23 0.7482164719576745 0.5349500660472739 0.007781407759274295 0.02598583847980205
23 0.5060289719576745 0.5419970025737895 0.011110996239076344 0.033108016693047485
23 0.6638187399043631 0.5366238778048986 0.010352478292387701 0.03386653463973595
23 0.6864522578510518 0.5351833982588697 0.007895068025830908 0.029892088479802226
23 0.7278130437444291 0.5324160994333688 0.010193353919208193 0.028397784639736124
23 0.05948894107886209 0.5127667729612536 0.0204859962390763 0.03338080133278361
23 0.05792042940037959 0.4588605229612536 0.009434835972519595 0.029156302586424588
23 0.2186245971887837 0.39241350587249474 0.024514266693047394 0.010860943652651578
23 0.8301207236735341 0.20572791580984706 0.03165917695960445 0.014971782132453626
23 0.7863025275136002 0.20465716079528212 0.03275867570596276 0.025932014185764983
23 0.22777255746797564 0.8949163802456741 0.026258623119538173 0.017156407759274118
6 0.17074130746797567 0.8965758201374019 0.03395746285298147 0.013477478292387702
23 0.2847128792547303 0.8901319403539464 0.02534098079967011 0.012446175705962759
6 0.17238036381532412 0.872288873977468 0.034184783386094875 0.021289978292387702
23 0.2253689714954561 0.8660555943522968 0.019804034639736123 0.00994330133278325
6 0.2253773316828705 0.8394703622989855 0.02690348079967011 0.012491639812585475