23 0.44329111485867323 0.69765625 0.013826720779006863 0.03125
23 0.6947036103944464 0.70625 0.019722164772652383 0.0109375
23 0.693499620540716 0.73046875 0.019749438311602675 0.0125
23 0.6938172203785603 0.75703125 0.019790348620028198 0.01484375
1 0.6665068778476121 0.97890625 0.07651763555165907 0.0421875
23 0.7116505661526242 0.00390625 0.03607386769475163 0.0078125
6 0.7126539586041422 0.0359375 0.032222164772652384 0.0109375
23 0.714588605519887 0.059375 0.02837046185055314 0.0140625
23 0.7100687008935045 0.09453125 0.03298977800317715 0.01015625
23 0.7110993668839727 0.125 0.02205227800317715 0.01015625
23 0.7074698064133915 0.15390625 0.03138636769475163 0.0078125
23 0.707732859173335 0.18359375 0.029178985389503254 0.015625
23 0.7126152280859028 0.2171875 0.024436938311602673 0.0125
6 0.7026947573068959 0.2484375 0.0283840986200282 0.01484375
23 0.7068776968363146 0.27734375 0.025300008928453722 0.0171875
23 0.7598526923720877 0.2859375 0.034702282467404186 0.01875
23 0.9384998437520595 0.30078125 0.03618296185055314 0.0140625
23 0.706345862826783 0.3078125 0.03390739569792896 0.01796875
23 0.18175892005095343 0.32890625 0.019763075081077906 0.01328125
23 0.7058003920477762 0.3390625 0.024559669236879245 0.01953125
6 0.4525935714309252 0.34375 0.013168201704283433 0.03828125
23 0.7037060580382446 0.36953125 0.026053985389503254 0.015625
28 0.8096151388013654 0.3890625 0.12264438758025413 0.13359375
23 0.6993361578760888 0.39609375 0.0244778486200282 0.01484375
6 0.4092878563339613 0.4078125 0.0385403486200282 0.01484375
6 0.4873583092560606 0.4109375 0.03383921185055314 0.0140625
23 0.6996128474055074 0.425 0.029124438311602673 0.0125
23 0.4219145413991531 0.4453125 0.02527273538950343 0.015625
6 0.7021923766265007 0.45625 0.02908352800317715 0.01015625
23 0.4173264529253946 0.484375 0.02605398538950343 0.015625
6 0.701950868915863 0.51484375 0.03152273538950343 0.015625
23 0.6967315349063313 0.5453125 0.02214773538950343 0.015625
28 0.8782991347441756 0.571875 0.10625177434972918 0.134375
23 0.7001741347441757 0.571875 0.022928985389503255 0.015625
23 0.6997104845820198 0.5984375 0.022011367694751628 0.0078125
6 0.17834399919251637 0.6140625 0.03993920738632619 0.00546875
6 0.17615420779665855 0.65 0.028288641233702005 0.009375
6 0.6893672739492828 0.65390625 0.04092500892845372 0.0171875
23 0.6943451002481765 0.68203125 0.022147735389503254 0.015625