9 0.11640625 0.0747569442604605 0.22734375 0.149513888520921
1 0.8328125 0.0063466814035277085 0.334375 0.012693362807055417
23 0.61953125 0.009014096375727539 0.034375 0.018028192751455077
6 0.36875 0.042591716249918025 0.02890625 0.07757192849312083
6 0.43828125 0.04953863149619494 0.034375 0.06916915145127882
23 0.609375 0.07090765609096623 0.03125 0.06671627404661713
23 0.8046875 0.07033719329960925 0.03984375 0.07404762440943682
23 0.87890625 0.06774541743889359 0.03515625 0.06919643330244427
23 0.95 0.06995026898283965 0.03125 0.0714037740466171
23 0.9140625 0.07511148413644933 0.05078125 0.07442957032575281
23 0.83828125 0.07619532369949585 0.03515625 0.07700893330244427
23 0.984375 0.07187486753156083 0.03125 0.06984127404661714
23 0.77265625 0.09333074919739179 0.034375 0.07307540145127885
23 0.7015625 0.09659464765344573 0.03125 0.0628100240466171
23 0.73359375 0.09860109175566319 0.025 0.0625917692372937
23 0.83828125 0.15510157369949584 0.0234375 0.07034970553496285
23 0.9125 0.1571972978387802 0.03125 0.06906002404661712
6 0.87890625 0.1575891674388936 0.0296875 0.07369296034428627
23 0.94921875 0.15747755083400508 0.03203125 0.07221230589778252
23 0.80390625 0.16255197515077469 0.0359375 0.0668799651536097
6 0.9859375 0.15619530382923 0.028125 0.06973214664195541
23 0.76953125 0.16922112660205352 0.02890625 0.08382192849312084
23 0.7 0.1747742113557766 0.034375 0.06682540145127884
23 0.7359375 0.1735192462021669 0.03203125 0.06674355589778255
6 0.73515625 0.32823402805333235 0.0453125 0.08361359736759484
1 0.6078125 0.33502471979329707 0.17265625 0.1888417891075596
1 0.88125 0.3270385718853973 0.16796875 0.19805309800056703
9 0.171875 0.3564979927436059 0.22109375 0.3670957638798161
6 0.9953125 0.34805542161524483 0.00859375 0.07920635036281976
9 0.94921875 0.696540050834005 0.10078125 0.2066443588003402
6 0.575 0.7299205575422449 0.0484375 0.07044147477225664
6 0.525 0.7379165960168323 0.0390625 0.07714534255827132
1 0.7265625 0.737909128416152 0.20703125 0.11972969055883845