1 0.04919338862545135 0.9283134837579311 0.0983867772509027 0.14337303248413774
1 0.696272696292948 0.9083307558208137 0.2393245759433899 0.12464536905195941
1 0.43153424637209026 0.8871378352170591 0.10576191818411544 0.09422620435383636
6 0.25224756314428004 0.8528149428362731 0.02946619114536908 0.04707589664195524
1 0.4568046825028945 0.7965029115332618 0.08121890775927412 0.028591280670039153
6 0.9362936057015748 0.73293141862002 0.09085128668479996 0.30598959437236994
6 0.7598220339148203 0.7359721169834066 0.055770278371529966 0.06594494773041451
6 0.7335670739648327 0.619040077327693 0.10164506802583091 0.0332068588003402
1 0.0654077308329236 0.5443650696927806 0.1308154616658472 0.2097073606144388
6 0.4307268819615338 0.5125470629845406 0.05585519490629274 0.015218261432745451
6 0.43423832686782654 0.49915668557987897 0.05424723079967002 0.013601197730414506
6 0.4354969499873647 0.4827231537287135 0.059025659012915455 0.016889888837406986
6 0.4336760372135256 0.46483624928220985 0.06460806927947224 0.020987111795565026
6 0.9546704988128658 0.4232290364060349 0.07229150329870535 0.28504961179556504
6 0.3064579708370473 0.3576735684268363 0.09615358597251955 0.032234635842182155
1 0.08938669022176492 0.18665177341364494 0.17877338044352983 0.13526292132154474
1 0.6396211264847504 0.14624247278852195 0.08843201418576499 0.035086817330527965
1 0.2682462316575999 0.14204113394326567 0.0805884219450392 0.060567966967708206
23 0.6559424599499876 0.09494286761637884 0.0465029269596041 0.015672129218760246
23 0.3548800651228371 0.08828616216623401 0.055164873119538174 0.018315979581579954
6 0.006675897334432972 0.09582093148834572 0.013351794668865944 0.03648313702330856
23 0.19104488565595049 0.08620285091097388 0.025355352665567033 0.039908237386128254
6 0.28948238565595047 0.08276533766412995 0.02834396034569897 0.035329864790789964
6 0.12617840360263913 0.0892484945577044 0.026113870612255674 0.03915426923729368
6 0.26843409976257315 0.0819394476455965 0.029216138558944317 0.038482146641955414
6 0.24030909976257314 0.08292159428755191 0.02691785266556703 0.03996280108845911
23 0.16767558181588452 0.0846775564459367 0.02604567445232169 0.036810519237293705
6 0.3145960459225072 0.07798606842683627 0.020000262932123737 0.04362351442797028
6 0.35607049208244124 0.07419638031506859 0.060610891066226816 0.01772570253973795
6 0.35140572413575255 0.07357882142206115 0.06378135517284952 0.019397329944399643