6 0.475 0.22421875 0.01953125 0.00625
6 0.1453125 0.23515625 0.025 0.0140625
23 0.20078125 0.23671875 0.03828125 0.0109375
1 0.3203125 0.2484375 0.07578125 0.20546875
23 0.709375 0.25 0.02109375 0.01328125
23 0.421875 0.2546875 0.0375 0.0125
6 0.5125 0.27890625 0.01171875 0.0375
23 0.71015625 0.2796875 0.01953125 0.00859375
23 0.7109375 0.30625 0.02109375 0.0078125
23 0.20078125 0.31796875 0.02890625 0.01015625
6 0.15234375 0.3203125 0.0296875 0.01171875
23 0.70859375 0.33515625 0.01640625 0.0078125
6 0.5125 0.334375 0.0140625 0.03359375
6 0.471875 0.34296875 0.02734375 0.00703125
23 0.41953125 0.34140625 0.02734375 0.0109375
23 0.20546875 0.3484375 0.0296875 0.0109375
6 0.146875 0.34765625 0.0390625 0.009375
6 0.4703125 0.37109375 0.028125 0.00859375
6 0.31875 0.3828125 0.0234375 0.0125
23 0.26640625 0.3859375 0.03359375 0.00859375
6 0.3734375 0.3875 0.03515625 0.0140625
6 0.26171875 0.4078125 0.02578125 0.015625
23 0.509375 0.4390625 0.01015625 0.0296875
23 0.5734375 0.4390625 0.0046875 0.0265625
23 0.52890625 0.43984375 0.0109375 0.028125
23 0.6921875 0.44296875 0.00859375 0.02734375
23 0.55546875 0.4421875 0.00703125 0.03046875
23 0.73203125 0.44375 0.00703125 0.02578125
23 0.48984375 0.44375 0.01015625 0.0328125
23 0.64765625 0.44453125 0.009375 0.03359375
23 0.6703125 0.4453125 0.00703125 0.0296875
23 0.71171875 0.446875 0.009375 0.028125
23 0.04453125 0.4859375 0.01953125 0.0328125
23 0.04453125 0.53984375 0.00859375 0.02890625
23 0.20703125 0.6015625 0.02421875 0.01015625
23 0.8234375 0.7703125 0.03125 0.0140625
23 0.7796875 0.77265625 0.03203125 0.025
23 0.2015625 0.09921875 0.02578125 0.01640625
6 0.14453125 0.09921875 0.03359375 0.0125
23 0.2890625 0.9984375 0.03515625 0.003125
23 0.25859375 0.10234375 0.025 0.01171875
6 0.146875 0.1234375 0.03359375 0.0203125
23 0.2 0.128125 0.01953125 0.009375
6 0.20078125 0.1546875 0.0265625 0.01171875