23 0.71875 0.31015625 0.0484375 0.0296875
23 0.63828125 0.3359375 0.0140625 0.06875
23 0.66171875 0.36015625 0.0140625 0.06875
23 0.5859375 0.36328125 0.06484375 0.0390625
23 0.74765625 0.36875 0.0265625 0.08046875
6 0.7828125 0.375 0.03359375 0.08203125
6 0.47265625 0.40703125 0.0328125 0.09765625
23 0.4046875 0.409375 0.02421875 0.07890625
23 0.4359375 0.41796875 0.0265625 0.07734375
1 0.65078125 0.46328125 0.11484375 0.13203125
6 0.925 0.465625 0.028125 0.07265625
1 0.9671875 0.46484375 0.04140625 0.0765625
6 0.18046875 0.46796875 0.075 0.0515625
1 0.3125 0.46796875 0.1171875 0.16640625
23 0.7375 0.46953125 0.0265625 0.07421875
23 0.82109375 0.47109375 0.0234375 0.08359375
6 0.4140625 0.47265625 0.0421875 0.025
23 0.7640625 0.4734375 0.0203125 0.07578125
23 0.79140625 0.4734375 0.01875 0.08203125
23 0.8859375 0.475 0.021875 0.07265625
6 0.41953125 0.52890625 0.02109375 0.065625
23 0.45078125 0.53203125 0.0203125 0.0671875
23 0.48359375 0.53203125 0.0265625 0.07890625
23 0.57578125 0.55546875 0.02421875 0.07265625
6 0.4671875 0.6125 0.08046875 0.0421875
6 0.47421875 0.66484375 0.08671875 0.0515625
23 0.94296875 0.6953125 0.04453125 0.0296875
6 0.28203125 0.97265625 0.08046875 0.053125
23 0.38671875 0.98203125 0.0234375 0.0359375
23 0.45859375 0.98515625 0.01953125 0.0296875
23 0.478125 0.98515625 0.015625 0.0296875
23 0.4125 0.98203125 0.01953125 0.0359375
1 0.8484375 0.8609375 0.21640625 0.27734375
1 0.99765625 0.8625 0.00390625 0.275
1 0.17265625 0.97421875 0.0953125 0.0515625
23 0.40625 0.125 0.05 0.0296875
23 0.6359375 0.1359375 0.04921875 0.0328125
23 0.27578125 0.16796875 0.0125 0.0671875
23 0.25390625 0.16953125 0.01953125 0.0640625
23 0.478125 0.17578125 0.0203125 0.059375
23 0.41640625 0.1765625 0.01875 0.07265625
23 0.85234375 0.17578125 0.01796875 0.059375
23 0.49921875 0.17734375 0.01796875 0.0671875
6 0.946875 0.19296875 0.01640625 0.06875
23 0.72109375 0.19609375 0.025 0.07578125
23 0.2609375 0.21953125 0.0453125 0.0265625
23 0.49140625 0.22578125 0.0421875 0.021875
23 0.85 0.25 0.02109375 0.0640625
6 0.33046875 0.26328125 0.0421875 0.025
6 0.61171875 0.2921875 0.03359375 0.08984375