23 0.9372816012789118 0.959500121998911 0.03402565901291545 0.0158212282923877
23 0.9371081050398355 0.9266648899455994 0.0237102846397363 0.010056961599340043
9 0.9952549646835631 0.8182098807743996 0.009490070632873682 0.3063325680258309
23 0.09885794728056124 0.9252524010953568 0.03712792695960412 0.015130906505633136
23 0.9362442870140046 0.8969773899455996 0.022860838479802227 0.007690479546029039
23 0.030017019067315888 0.9241278217867546 0.00665917695960413 0.014244356426490867
23 0.938323612561683 0.8609489617323544 0.013531302586424942 0.008980194906293093
23 0.239226883015654 0.8586151673926927 0.024627926959604095 0.0147671936526514
6 0.23813574445670965 0.8211151673926927 0.04183815901291545 0.016048548825501285
23 0.23416965848419005 0.792299845605938 0.02922449874635875 0.01177858597251955
23 0.23410982251167045 0.7633708635526266 0.03080973079967011 0.012605300079142267
23 0.6719136993921323 0.7342119316449647 0.022974498746358662 0.011596729546028861
23 0.611666521178887 0.7328372997499379 0.028716033386094787 0.021130853919208194
23 0.5498113788590189 0.7299456319615338 0.02851144490629274 0.014099603919208193
23 0.5067517006457736 0.7280708948936574 0.02067621285298138 0.013091033386094963
23 0.7934022544858396 0.7173844813283956 0.023846676959604095 0.01474446159934022
23 0.16904711216597149 0.7308598919241567 0.020698944906292826 0.013872283386094785
1 0.8397998813663013 0.699614308129715 0.03943222453146404 0.0674973885589445
6 0.7840583467265653 0.6918532839148203 0.034670516693047305 0.01115646034569906
23 0.16970033003351787 0.6995644278175339 0.02221598079967011 0.01235524749271768
1 0.07652699155371578 0.6952382921615834 0.11324179757185981 0.05559443362352177
23 0.9959449578051629 0.5715167372008902 0.0081100843896742 0.039289820533113404
23 0.7045801322242312 0.540129311032709 0.015753032132453625 0.031681909012915455
6 0.8397136501709198 0.5354154158098471 0.014349656505633135 0.037105194906292736
6 0.7959181860642971 0.535125910795282 0.011247388558944494 0.0377955166930473
6 0.8185517040109858 0.5336854312492532 0.009889477038746364 0.044781302586424584
6 0.7763869360642971 0.5356942121280657 0.008789978292387701 0.03382107053311341
23 0.615957901424561 0.5309792830568905 0.02690348079967002 0.012491639812585475
28 0.48694635134541875 0.5042385897999504 0.03482128087881229 0.043164978292387704
28 0.42984690518548485 0.5035542796916781 0.027031512932123646 0.04371890775927412
23 0.33527019107886213 0.5047423581423504 0.01657974623907634 0.033267141066226816
6 0.3126139410788621 0.5054015876883792 0.014213264185764985 0.03241769490629274
28 0.3788610667056827 0.49800061315691535 0.020622388558944316 0.038068301332783605
23 0.5894348538527012 0.47936295876285334 0.004633675705962759 0.025113660266556793
23 0.5714206397460785 0.47832329598901424 0.013522942399010418 0.03551996285298138
23 0.7136081397460785 0.4741860622863502 0.010397942399010419 0.03542903463973612
6 0.3609090370805116 0.4453529862764535 0.01586669239901033 0.035588159012915455
23 0.38970162681395487 0.44060565030393384 0.014349656505632958 0.037105194906292736
23 0.42007944860070945 0.4365941002247916 0.016670674452321777 0.03639214106622681
6 0.30525241897553834 0.38676524795493594 0.012301423198680439 0.04719324874635875
6 0.33018422281560433 0.38369407224897306 0.013613870612255673 0.03864496285298138
6 0.35672399076229294 0.3821399324363875 0.01055706677218975 0.040897784639736125
6 0.41527227665567035 0.3788725284380369 0.012787156505633135 0.03705973079967011
23 0.9482606214036785 0.31566755397308 0.02773019490629274 0.014076871865896923
23 0.3265531059642723 0.31264578635559576 0.007091085972519551 0.02908810642649069
23 0.3007491239109609 0.31261469411487 0.015593907759274295 0.026213159012915453
23 0.36791389185764967 0.30987848753009467 0.014903585972519551 0.029315426959604096
6 0.4084706956977156 0.306352670757905 0.009343907759274118 0.026031302586424766
6 0.3928229636444043 0.30602606182413183 0.014372388558944404 0.03788644490629274
23 0.34516671364440427 0.30741271707612355 0.011733121865896923 0.027661998746358753
6 0.9464193250854599 0.25238630397307993 0.025318248746358664 0.011664925705962937
6 0.9424077750063177 0.22200848218632538 0.022306909012915453 0.015480247492717503