23 0.03344987946587451 0.23203125 0.023682961850553054 0.0140625
23 0.8425930543847967 0.2453125 0.03233125892845372 0.0171875
23 0.030615205764768394 0.26015625 0.025245461850553062 0.0140625
23 0.02856178206366227 0.28828125 0.011101141233702039 0.009375
23 0.061890704953989496 0.39296875 0.011442060470581295 0.02890625
23 0.10872479464556399 0.3953125 0.01068808400953163 0.03046875
23 0.08450604464556398 0.3953125 0.008344334009531629 0.03046875
23 0.6688537711066136 0.396875 0.010633536931630872 0.02734375
23 0.3985139975676633 0.3984375 0.015416494317957153 0.0328125
23 0.719594110798188 0.39921875 0.009139220779006862 0.03125
23 0.1329026343371385 0.39765625 0.014512513392680582 0.02578125
23 0.5453889975676633 0.3984375 0.008398881087432386 0.03359375
23 0.492236724028713 0.4 0.013072744317956974 0.0328125
23 0.517236724028713 0.4 0.010015928165332966 0.03671875
23 0.6422230872592378 0.40078125 0.012264220779006862 0.03125
23 0.5914282004897625 0.4015625 0.01156479139585791 0.0359375
23 0.46799070048976266 0.4015625 0.011442060470581338 0.02890625
23 0.5711293372592378 0.40078125 0.013100017856907443 0.034375
23 0.6953480872592378 0.40078125 0.013881267856907442 0.034375
23 0.6164418372592377 0.40078125 0.013881267856907442 0.034375
23 0.41796342695081223 0.403125 0.007481263392680582 0.02578125
23 0.4429497901813371 0.40390625 0.010674447240056395 0.0296875
23 0.8871810312528833 0.42109375 0.02610853246740419 0.01875
23 0.8882526075517774 0.44921875 0.02908352800317715 0.01015625
23 0.6517427686742769 0.7953125 0.010865362012708957 0.040625
6 0.810254698057426 0.8 0.01726536647693564 0.04921875
23 0.7699648888046606 0.8703125 0.010810814934808021 0.0375
23 0.5298835852339382 0.9734375 0.026876145697928778 0.01796875
6 0.05175858523393819 0.9734375 0.027589211850553054 0.0140625
23 0.4829676749255126 0.97578125 0.0244778486200282 0.01484375
23 0.1677966424581086 0.99453125 0.026753414772652383 0.0109375
23 0.2700722086107327 0.9984375 0.02114829707790076 0.003125