6 0.20863527012476674 0.6509077686891395 0.02420202962517113 0.05391617368379755
23 0.9736859571135007 0.7511360465335898 0.012119566772189927 0.04100694591631608
6 0.6400694750601893 0.740267946085952 0.04695756802583091 0.031297129218760135
23 0.653040836501245 0.7782590194069297 0.02147183471887839 0.04055307813030105
6 0.6264328723946223 0.7788939364673052 0.024755959092057724 0.046130955534962936
6 0.2808703198081976 0.775429108252186 0.04376437186589692 0.0288442518140986
6 0.5244157313283955 0.7909722958157995 0.04390076418576498 0.03353175181409842
23 0.005257939232486396 0.9110565510884591 0.010515878464972792 0.046830359981466785
6 0.025034193785665564 0.9135193521769182 0.023102530878812387 0.04295139183263217
1 0.8700140731734098 0.9638932827059943 0.20681595282385173 0.07221343458801144
6 0.02647157178675464 0.004052582939624549 0.04627560642649072 0.007859629218760246
23 0.7121817512536412 0.03581854826287026 0.0561052474927175 0.023812011432745382
23 0.7723607333069525 0.037138000802608206 0.056059783386094963 0.022249511432745384
23 0.8621817512536414 0.041056663686632425 0.059230247492717325 0.023921138837407097
6 0.02686637688046185 0.01736111479078998 0.04608538981258559 0.028144847367594816
23 0.4166646627738392 0.032537258522338505 0.047025764185764984 0.033640879218760245
23 0.242394436988734 0.08197671941477894 0.03042929757185977 0.053353178493120844
6 0.6080157738191835 0.22925603501602634 0.04764788981258548 0.028199411069925694
23 0.9656009532860701 0.2495636228497923 0.026613975785105028 0.056341769237293705
1 0.10146079288733194 0.22466767250267106 0.20292158577466388 0.35477681315417675
23 0.6056803840065978 0.2557639713136955 0.044454693652651575 0.02574653366526398
23 0.7801120826738144 0.28140635597475133 0.05563388605166182 0.061257447730414506
23 0.6032313339274555 0.2861781576113646 0.0451677474927175 0.023430065516429364
6 0.23121994160758746 0.27787949645662097 0.03210545783841656 0.057313992195451746
6 0.60792719411487 0.3129316305695226 0.04367344365265158 0.02571925181409851
23 0.18914243870459363 0.40701143574951504 0.07411946159934021 0.026001994009550344
6 0.20856838862545132 0.4381895138798161 0.04376437186589692 0.0288442518140986