1 0.0484375 0.98203125 0.096875 0.0359375
23 0.609375 0.19765625 0.071875 0.01875
23 0.61015625 0.21875 0.0734375 0.01484375
23 0.61328125 0.23828125 0.08046875 0.0171875
23 0.6125 0.25703125 0.08359375 0.01796875
23 0.6078125 0.2765625 0.0859375 0.01953125
23 0.61328125 0.29765625 0.084375 0.021875
23 0.61015625 0.33671875 0.03203125 0.05
23 0.44375 0.3375 0.02265625 0.0484375
23 0.58515625 0.33984375 0.0234375 0.05234375
23 0.55546875 0.3390625 0.02890625 0.05078125
23 0.52578125 0.34140625 0.028125 0.04765625
23 0.34453125 0.340625 0.025 0.05078125
23 0.5015625 0.340625 0.0203125 0.05078125
23 0.37265625 0.33984375 0.028125 0.053125
23 0.171875 0.3421875 0.02578125 0.04453125
23 0.2 0.34375 0.02421875 0.0484375
23 0.28984375 0.34375 0.0265625 0.0515625
23 0.23203125 0.34375 0.02890625 0.04765625
23 0.259375 0.34375 0.025 0.0484375
23 0.025 0.346875 0.0265625 0.04140625
23 0.7640625 0.34765625 0.06875 0.02265625
6 0.05625 0.35 0.03046875 0.04375
23 0.68125 0.36484375 0.0453125 0.01328125
23 0.50859375 0.421875 0.0296875 0.0453125
23 0.63515625 0.421875 0.0234375 0.040625
23 0.278125 0.4234375 0.03359375 0.0390625
23 0.5734375 0.4234375 0.0296875 0.03984375
23 0.24375 0.4234375 0.02265625 0.04296875
23 0.54609375 0.42265625 0.021875 0.0421875
23 0.45625 0.4234375 0.0234375 0.0484375
23 0.3125 0.42265625 0.03046875 0.03828125
23 0.37421875 0.42421875 0.0359375 0.040625
23 0.34296875 0.42578125 0.0328125 0.04375
23 0.478125 0.428125 0.0265625 0.04453125
23 0.57890625 0.47265625 0.02265625 0.0390625
6 0.01640625 0.546875 0.03203125 0.171875
6 0.65859375 0.5859375 0.04140625 0.05703125
1 0.33046875 0.66796875 0.584375 0.22109375
6 0.43359375 0.8078125 0.0734375 0.0296875
6 0.23984375 0.8140625 0.0671875 0.02109375
6 0.31015625 0.815625 0.0265625 0.04609375
23 0.73671875 0.81640625 0.03828125 0.0515625
23 0.53046875 0.8421875 0.0375 0.05
6 0.41640625 0.90078125 0.0734375 0.02734375
1 0.3875 0.95859375 0.5125 0.0828125