23 0.8015217329112412 0.1906548704027216 0.0428921936526514 0.025691969962933124
23 0.6399477354185237 0.20690980906264347 0.024596834718878212 0.040662205534962845
23 0.4374675930986555 0.20453130961079763 0.03567908722616089 0.019196433302444228
23 0.3920641648854102 0.2060739622432028 0.04757969365265158 0.025855661069925696
23 0.948155040512231 0.2309673902729875 0.05363947703874672 0.04635913402808374
6 0.1767657738191834 0.21419645317271013 0.0536478372261608 0.019823915879249122
23 0.7698157771843956 0.4202506011654279 0.042042747492717504 0.023320938111767654
23 0.7690883514784328 0.4452506011654279 0.04505408722616089 0.019523815516429364
23 0.5968807308661772 0.47755712576019926 0.04282399749271768 0.023348219962933216
23 0.769400588546309 0.48827391486775873 0.04913383346523723 0.05244544292109108
23 0.6458494282797524 0.4878696323836211 0.05110551042484133 0.06656250662342203
23 0.3597467922280905 0.5373140385594054 0.05010530007914227 0.03218750662342203
23 0.4041643819615338 0.5427753540758348 0.04186089106622681 0.017070938111767832
23 0.731053490895307 0.569831449714149 0.04142062186589683 0.028762406260602093
23 0.5743261177757688 0.5807813294810635 0.022389477038746365 0.04526785998146661
6 0.6008431536691461 0.583271412420688 0.023883780878812287 0.042978673683797375
23 0.5499482434025895 0.5854043420949353 0.021471834718878213 0.04055307813030105
23 0.5300700009244368 0.6504018595181303 0.025491744985435005 0.04459573738612832
23 0.5527262509244368 0.6511930332019278 0.020804244985435004 0.04443204627913566
23 0.3562005919115213 0.6591890385594054 0.04675297954602886 0.024265879218760132
6 0.7840300752184739 0.6842957429980598 0.025309888558944317 0.03834573738612832
23 0.3568538097790677 0.6904936022617363 0.051349551332783426 0.02130457032575279
1 0.8957428135399915 0.742157861417047 0.18014477038746435 0.4511508161494017
9 0.1157182767221773 0.08146330952597962 0.1927989169304743 0.10819198983319897
23 0.43159173383567795 0.8096280373782789 0.023216191145369082 0.04685764183263217
9 0.8968773485089319 0.11187016069140754 0.2031203029821363 0.1678670901960187
6 0.6568956107161398 0.8339187423650877 0.0228524782923877 0.034357641832632166
23 0.7009494875966016 0.8518800578815171 0.023170727038746362 0.04529514183263217
9 0.4787722061890639 0.10196187031790357 0.4551170605039836 0.11110869182478274
23 0.2584369741357525 0.09504963828925292 0.01951452962517113 0.05375248257680485
23 0.2341272959225072 0.09732890090312465 0.02009119114536908 0.046748514427970275
23 0.6738119215493278 0.11815733310926058 0.04057117570596276 0.02639137440943684
6 0.5702186616532119 0.9638393661415524 0.019400869358614514 0.04984623257680489
23 0.707704289787315 0.9867367801430895 0.016920727038746364 0.02652643971382105
23 0.6818775756806923 0.9864205579337376 0.02402017319868044 0.027158884132524718
6 0.732704289787315 0.9894556555966141 0.023679192399010417 0.02108868880677193
23 0.8030076765638927 0.16646340225388703 0.04525867570596276 0.026555065516429367
23 0.07920646371091127 0.15370040807470078 0.029602583465237142 0.051763396641955416