1 0.9206674094339686 0.9539117000538717 0.06886131596343467 0.0378924565847754
23 0.7777157760593572 0.9744551837565357 0.06967679921421173 0.005148152744709478
23 0.7807872721304158 0.9587619875966016 0.07531036910658777 0.025597045064577627
1 0.6170009079862266 0.9073539149519172 0.1685231757643976 0.15079928503544765
23 0.7786640000045091 0.9205943978631584 0.07289384449948208 0.023966348904643553
23 0.780301428664391 0.8854381478631584 0.06675300641014097 0.026128242478152687
23 0.9355711255212379 0.868437201307513 0.03374360731976367 0.07119905007914226
23 0.8644773755212378 0.8705058181588449 0.027765435070022448 0.06010242570596276
23 0.9043211255212379 0.8693464834399667 0.034051822373575645 0.06106553213245362
23 0.9552843120390024 0.8639626499747294 0.008634445409104786 0.0681278743731795
23 0.4538695153059901 0.8418833423072328 0.07265840405277597 0.03566236685133219
23 0.8311404906988843 0.8324662605578552 0.02802014619489306 0.06557117570596276
23 0.7991820153059901 0.8318357747436202 0.037577082712657625 0.06975021034569906
23 0.46001250744810723 0.8104969499873647 0.06459119292790554 0.02996629631821861
23 0.9386105423942954 0.7864286833608243 0.0374679208019991 0.06740646034569889
23 0.8677715035191659 0.7830285502121563 0.0327440334984459 0.06648881802583091
23 0.8998391408227189 0.7813152860263914 0.034379308105551586 0.06809678213245363
6 0.9592141408227188 0.7795876499747294 0.008634445409104786 0.0681278743731795
23 0.7709350448754948 0.7515177889293853 0.0315261358558109 0.05709108597251955
23 0.7247150163394475 0.7388192121280657 0.036723058105551945 0.0681649782923877
1 0.1864152368189102 0.7551408264056081 0.3728304736378204 0.4506331151354724
1 0.6111876714256808 0.6133909662847008 0.14318072745980875 0.19297241316955063
6 0.9563738928896335 0.5893036307743996 0.03339900496239849 0.0805513180258309
6 0.7219282723353035 0.5641374608744243 0.03832194540910479 0.06899169239901042
6 0.48285296381546683 0.4876133794542513 0.10385490012383443 0.05217391693047428
23 0.4949377409037721 0.4459116127612039 0.10060146753501123 0.03257447077054021
9 0.8358474929706867 0.24562549010388418 0.3118044489237615 0.21192230463148878