6 0.950329710478713 0.9356648139567849 0.04383256802583091 0.031188001814098597
6 0.948806662906853 0.9869612496737024 0.04686663981258547 0.026077500652595377
23 0.8287471256268205 0.03441479408651902 0.03859949874635902 0.012274310707105962
23 0.8701988397334433 0.03429823219828669 0.04007107053311358 0.009203874409436819
23 0.9026248948271505 0.04872531994723467 0.021312710345699058 0.035084328130301115
6 0.9697896627738392 0.05185280914746147 0.046085389812585476 0.028144847367594816
6 0.8705983418450144 0.20870795515644466 0.02477869114536908 0.04691220553496285
6 0.314106649446004 0.22446680897782545 0.05171326418576498 0.03380457032575279
6 0.26323447123275867 0.2258184886520726 0.0462899782923877 0.03517609736759475
1 0.9498395609662019 0.2537054858264837 0.09759303167023532 0.34993056733052796
23 0.47279367616818124 0.30743062031790364 0.0572274782923877 0.03555804328391084
6 0.3230975530486432 0.3186260367453069 0.05316210391920828 0.02995288402808365
6 0.3808873209953318 0.32142614373154854 0.05396608597251955 0.03076141587924912
6 0.2635861607287751 0.3212401160567343 0.048383675705962935 0.026664192921091078
6 0.47654916198241637 0.3396255614248962 0.053670569279472245 0.02060516587924912
6 0.5405661978757937 0.34342517322046123 0.0561734436526514 0.02615576143274545
6 0.3214297529695009 0.34906750489414146 0.05380696159934022 0.02529266587924912
6 0.3846655388628782 0.3528398348385411 0.04128422954602886 0.02407490626060227
6 0.2635717888628782 0.3486111479078998 0.045903533386094784 0.02189484736759475
6 0.5423189144896987 0.3638195187739576 0.053920621865896835 0.02919891587924912
6 0.47092964779665136 0.3714931203179036 0.04443196159934022 0.02496528366526398
6 0.38000913110360396 0.3784846755827139 0.04923312186589683 0.029035224772256552
6 0.26670514905029263 0.3753100571637269 0.04431830133278351 0.02105903366526398
6 0.32047500673042456 0.3818800048941414 0.04753422954602886 0.024293161069925694
6 0.47176472209068854 0.3965476840202345 0.041974551332783605 0.02097718811176765
6 0.31977031307777304 0.4060987548941414 0.04121603338609488 0.02173115626060227
6 0.2634975810244617 0.40491571161023054 0.049991639812585656 0.028281256623422023
6 0.47195493870459365 0.41688746587139996 0.05302571159934022 0.025265384028083558
6 0.2641962629986307 0.4346577753125615 0.049968907759274296 0.027500006623422023
6 0.4703098706787626 0.4465476840202345 0.04519047954602904 0.024211315516429365
6 0.5492161206787627 0.4493031509879427 0.04516774749271768 0.023430065516429364
6 0.47034096291948846 0.4723562158714 0.04914219365265158 0.02591022477225664
6 0.5460994808661772 0.4757838054344464 0.04918765775927412 0.02747272477225664
6 0.26480401675955445 0.4675248390148923 0.06177858597251955 0.03103423439090349
23 0.30822975633471317 0.5339509363824873 0.056332568025830906 0.03162451143274545
6 0.2571984537482884 0.5407713660567344 0.04877012061225568 0.039945442921091076
6 0.5222096883088823 0.5711409454529799 0.044500157759274295 0.027309033665263983
23 0.37133751009563687 0.5690005481780522 0.05155413981258557 0.02833582032575279
23 0.47101926134927813 0.583430125127227 0.053784229546028864 0.024511415879248943