23 0.79375 0.0078125 0.03984375 0.01484375
1 0.58828125 0.1390625 0.3515625 0.27734375
1 0.10703125 0.15546875 0.2140625 0.31015625
23 0.8015625 0.040625 0.04765625 0.021875
23 0.796875 0.0734375 0.046875 0.028125
6 0.99296875 0.096875 0.0140625 0.0390625
23 0.996875 0.2 0.00625 0.07734375
6 0.23046875 0.221875 0.02421875 0.08046875
23 0.7140625 0.31953125 0.03984375 0.0296875
23 0.42890625 0.32421875 0.0171875 0.06328125
23 0.01875 0.34921875 0.025 0.07109375
23 0.28515625 0.3625 0.02265625 0.08046875
23 0.04453125 0.5 0.04609375 0.03359375
1 0.13828125 0.52734375 0.13046875 0.06875
23 0.22890625 0.53359375 0.0453125 0.03359375
23 0.04453125 0.5453125 0.0453125 0.0390625
23 0.56328125 0.54765625 0.03984375 0.03203125
23 0.56328125 0.58046875 0.03984375 0.02578125
23 0.2765625 0.58359375 0.01796875 0.06328125
23 0.25234375 0.5890625 0.0203125 0.0671875
6 0.03984375 0.5921875 0.03984375 0.03203125
23 0.21640625 0.6 0.03984375 0.0484375
23 0.5140625 0.6109375 0.0515625 0.03359375
23 0.5625 0.6109375 0.0375 0.021875
23 0.18203125 0.61484375 0.01875 0.05390625
23 0.14296875 0.61796875 0.0203125 0.059375
6 0.16328125 0.61953125 0.0125 0.05
6 0.0421875 0.63203125 0.04140625 0.028125
6 0.62421875 0.66796875 0.046875 0.03359375
6 0.165625 0.70078125 0.0859375 0.05234375
6 0.178125 0.7515625 0.0390625 0.02265625
23 0.884375 0.7859375 0.01484375 0.0734375
23 0.91796875 0.78984375 0.03046875 0.06328125
23 0.1765625 0.846875 0.03984375 0.028125
23 0.140625 0.8578125 0.01875 0.05625
23 0.1734375 0.87421875 0.0453125 0.02265625
28 0.9015625 0.878125 0.06484375 0.09140625
1 0.42578125 0.8296875 0.3984375 0.340625
23 0.1390625 0.92265625 0.0203125 0.059375
23 0.02265625 0.94296875 0.01796875 0.07109375
23 0.678125 0.9453125 0.05078125 0.03359375
6 0.740625 0.9859375 0.04140625 0.02578125
23 0.6828125 0.98671875 0.04375 0.0265625
23 0.1484375 0.98671875 0.03984375 0.0265625
6 0.01171875 0.990625 0.0234375 0.01875
1 0.89375 0.99375 0.0890625 0.01171875
1 0.9703125 0.9921875 0.059375 0.01484375