1 0.89609375 0.11796875 0.2078125 0.2359375
1 0.390625 0.13671875 0.33125 0.2734375
23 0.25390625 0.4359375 0.02890625 0.07265625
6 0.209375 0.4375 0.03203125 0.06953125
6 0.46796875 0.43984375 0.04296875 0.0734375
6 0.42265625 0.4390625 0.04375 0.0671875
23 0.38359375 0.44140625 0.03984375 0.0765625
23 0.30078125 0.44140625 0.03671875 0.06015625
6 0.34921875 0.44375 0.03515625 0.0828125
23 0.20859375 0.525 0.02421875 0.06875
6 0.21015625 0.59453125 0.03359375 0.06796875
1 0.365625 0.6078125 0.2421875 0.20078125
6 0.20625 0.66796875 0.0328125 0.06875
6 0.48359375 0.7515625 0.0328125 0.078125
23 0.31328125 0.75546875 0.03828125 0.0625
23 0.35 0.75625 0.025 0.0703125
6 0.275 0.7578125 0.03203125 0.0734375
6 0.38671875 0.75859375 0.02421875 0.075
6 0.153125 0.7609375 0.04140625 0.090625
6 0.23359375 0.7609375 0.040625 0.0796875
23 0.1984375 0.76015625 0.03359375 0.06640625
6 0.43515625 0.7625 0.03515625 0.071875
23 0.9359375 0.81796875 0.03359375 0.0703125
6 0.4 0.90546875 0.04453125 0.0703125
23 0.9125 0.921875 0.07265625 0.0234375
23 0.47890625 0.9234375 0.08203125 0.04453125
6 0.36484375 0.98125 0.2421875 0.0375