23 0.35667406361751286 0.30415307496694344 0.059712305897782515 0.03510201831736568
23 0.17769340254758717 0.36032226707417025 0.040880460344286274 0.03177562245580869
6 0.37208824329176 0.3540335662605162 0.06793403366526399 0.04723020409301446
23 0.053464728863789765 0.38944760232942066 0.027056062521204495 0.08251925090451113
23 0.18107137369164664 0.397576605608781 0.04607639183263199 0.024249727498762752
1 0.5224949818590148 0.40151831863536536 0.14303078130301117 0.21024918249628843
23 0.1799528177938641 0.429607855608781 0.046212801088459134 0.028155977498762752
1 0.2634920040915332 0.4267893928093393 0.13968752649368782 0.2038354081860289
6 0.6358332516444625 0.5725977012679394 0.020714293283910834 0.057232645861557074
23 0.6342136987419048 0.6413067576903744 0.020124016242068877 0.06266045228399228
6 0.5977032798674309 0.6595964122583589 0.047321433302444406 0.03757192107632754
6 0.6929512924813026 0.6787791022178791 0.04928323738612832 0.026757251809022265
23 0.6916690454765275 0.7154978522178791 0.04933780108845909 0.028319751809022263
23 0.1686308495602115 0.753826605608781 0.0543799651536097 0.03872166327441153
23 0.6071105070019401 0.7698378714397558 0.04009921034428636 0.03173467887824373
23 0.16634909774611298 0.7968362991863458 0.04855655108845909 0.028278808231457474
23 0.16544879665765383 0.8226175491863458 0.04459573738612828 0.026511590343633172
23 0.6192087137180293 0.8253508870435882 0.02472967068857255 0.06056236374938138
23 0.5926462137180293 0.8267429686807939 0.01869792549789597 0.06648481512886235
23 0.16416654965287875 0.8593362991863458 0.04855655108845913 0.028278808231457474
23 0.1646104937550962 0.8912856620312162 0.052599210344286274 0.032389776119281774
23 0.16661693785731363 0.9231531377209568 0.043732641832631994 0.02412689676606803
23 0.1694319138106965 0.9541984198331324 0.047775301088459086 0.02823786465389233
23 0.1715474853175757 0.9829408955228729 0.04025297776748142 0.013806872455808871
1 0.3813267678017133 0.8487352346233104 0.3606200745869221 0.2777996099041943
1 0.8628495863133676 0.8157014908433468 0.22366571161023074 0.28621854025277604
23 0.8956249801297341 0.10044830506769804 0.018370543283910835 0.057109815128862394
23 0.918926070873907 0.10312624774075177 0.018425106986241602 0.058672315128862396
23 0.450193429041275 0.14952645070211246 0.04459573738612832 0.02651159034363304
23 0.8107489831249591 0.14154801786713977 0.03001737141421188 0.07799552521477064
23 0.5954141598039813 0.16687000169748067 0.02800100362819702 0.087247694482076
23 0.6952504686969887 0.16631672376917653 0.019325408074700866 0.0844535651288624
23 0.3709771549946579 0.18487080845860004 0.05058284255827141 0.041641945386587186
23 0.1405084049946579 0.19694916384023844 0.04804811960011342 0.036050364653892594
23 0.6700594957388308 0.17309566825125258 0.020260425497895796 0.06656670228399215
6 0.0069940361857597135 0.2080614834916566 0.013988072371519427 0.07836733943912186
23 0.8939508635248454 0.17071986149013316 0.024947925497895797 0.06681236374938138
23 0.9188417361201839 0.17253466700805714 0.018697925497895795 0.0664848151288624
23 0.4490103857573642 0.20573550712454755 0.051227683302444225 0.03777663896415202