1 0.8938827291503175 0.16103434698907668 0.2114305596460536 0.2657143131541767
23 0.8664240042231419 0.37904773700761013 0.01993206677218993 0.04127976442797028
23 0.8867137721698308 0.38053831513791125 0.02089517319868044 0.047557046279135665
23 0.8413785401165195 0.37973721777031644 0.023284387305303154 0.04920139183263199
23 0.9343472901165194 0.38298375805900237 0.023170727038746362 0.04529514183263199
23 0.9124268260098967 0.38378236622637035 0.022503137305303157 0.04917410998146661
6 0.9812222901165194 0.384620669128928 0.01850595909205772 0.045912700725639424
6 0.9561313619032742 0.38687264989163433 0.01993206677218993 0.04127976442797028
6 0.7374040939565853 0.3784524815653145 0.027994619358614515 0.05014633293962447
6 0.7576711298499628 0.38072430969561566 0.01990933471887839 0.04049851442797028
23 0.7857052016367174 0.3848314563375711 0.023147994985435006 0.04451389183263199
23 0.7854946014784329 0.44582352003990194 0.023307119358614514 0.04998264183263199
6 0.7346906194251215 0.44483144971414906 0.020940637305303156 0.04911954627913566
23 0.7565428873718101 0.44637659154678105 0.018460494985435005 0.04435020072563951
6 0.8541703936400162 0.5045288866447905 0.019219012932123646 0.043596232576804894
6 0.9033209474800824 0.5085913932682123 0.021517298825501286 0.04211557813030105
23 0.9493919654267708 0.5109822724869726 0.02944345909205772 0.046294646641955414
23 0.9728294654267708 0.5118007280219354 0.027880959092057723 0.04624008293962447
23 0.8782527513201484 0.5100621240309187 0.020758780878812645 0.04286954627913566
6 0.9258862692668369 0.5125075669520098 0.02714517319868044 0.047775301088459086
23 0.9844800192668369 0.5145537057894168 0.004488923198680439 0.046984127404661714
6 0.7084941807870349 0.5119544623280208 0.024551370612255673 0.03909970553496276
6 0.7553919128403461 0.5128101233979464 0.0279491552519918 0.04858383293962447
6 0.7794970025737895 0.5175621107840748 0.025514477038746364 0.04537698738612832
6 0.7637750626820615 0.574102287463097 0.05419340650563313 0.03857391587924912
6 0.7035960806287502 0.5727828349233591 0.05467913981258547 0.028444947730414505
6 0.7606273306287502 0.5747744100584353 0.04764788981258548 0.028199411069925694
6 0.7989085806287504 0.5761112207655413 0.05398881802583091 0.03154266587924894
6 0.7043318665221275 0.5743726167745246 0.05304844365265158 0.02604663402808356
23 0.4696840818823915 0.5755630614248961 0.024665030878812288 0.043005955534962934
6 0.5470278318823916 0.5782639646902735 0.02477869114536908 0.046912205534962934
23 0.3719823677757688 0.5737153300292177 0.019863870612255675 0.038936014427970275
6 0.39700509982908017 0.5738070992665113 0.01836956677218975 0.04122520072563951
23 0.3243033857224574 0.5728323871081266 0.04920202962517113 0.05478919292109126
23 0.4946386177757688 0.5779985806621898 0.024846887305303156 0.04925595553496294
23 0.2711329216158348 0.5725397212288775 0.019932066772189748 0.04127976442797028