1 0.8125 0.10705600953382884 0.375 0.21411201906765767
23 0.01328125 0.05187995853018772 0.02578125 0.025900301088459133
6 0.01015625 0.08714533593484944 0.0203125 0.03430307813030113
23 0.49296875 0.117941401914615 0.06953125 0.04149058475372307
23 0.49140625 0.16252721561694586 0.07734375 0.034732153265377354
23 0.4875 0.19625737487277298 0.06875 0.028963302902557643
1 0.1328125 0.3219245853018773 0.26484375 0.30768604754508005
23 0.4484375 0.3546527174310444 0.065625 0.027291675497895972
23 0.453125 0.38730152632405185 0.0734375 0.03147074400955026
23 0.5859375 0.549851111625929 0.0671875 0.03359623920022692
23 0.43125 0.5779091681566838 0.03671875 0.06612599700477517
23 0.46796875 0.5820956711519087 0.03203125 0.08861855589778252
6 0.05 0.6029414615254126 0.07890625 0.02853671696770821
23 0.58828125 0.5841442660724327 0.06875 0.034432052902557686
6 0.63359375 0.655218168704838 0.08125 0.033306062521204535
23 0.1953125 0.699429537208643 0.0765625 0.03470487141421188
6 0.62109375 0.7103421783234849 0.1234375 0.059779282484137754
23 0.19921875 0.7352306279528159 0.06875 0.028182052902557687
23 0.896875 0.7218054348620887 0.0328125 0.0769270877489479
1 0.3734375 0.7588342751429255 0.19296875 0.17548861723786063
23 0.18203125 0.8014558286784552 0.028125 0.06738839664195559
1 0.03359375 0.8410143803998865 0.0671875 0.3179712392002269
23 0.58203125 0.8554562708817564 0.02890625 0.08538442849312063
23 0.728125 0.8503545647138211 0.0359375 0.08016121515360979
23 0.76640625 0.8529240040067151 0.034375 0.08791915145127902
23 0.621875 0.8564086464723193 0.0296875 0.077599210344286
23 0.69453125 0.8577776843139346 0.02890625 0.06897817849312063
23 0.6546875 0.8622940587233714 0.02265625 0.06954117368379756
6 0.17890625 0.903127456083117 0.06875 0.029744552902557685
6 0.4359375 0.8964954770496913 0.07890625 0.03947421696770803
23 0.17421875 0.9431348971901095 0.06640625 0.03044395734906118
6 0.5578125 0.9391145082678845 0.0375 0.07630952885594056
6 0.61875 0.9479240238769812 0.07578125 0.0432713395630465
23 0.17578125 0.9797990834877787 0.06953125 0.03055308475372307
1 0.33984375 0.9584448947430388 0.16171875 0.0650223431912437