6 0.006047867037208643 0.006044451605608781 0.012095734074417285 0.012088903211217562
6 0.3850917626138718 0.01414579941247368 0.01963294292109108 0.02829159882494736
23 0.057393348548721176 0.03130423168263431 0.05117311960011341 0.036214138964152064
23 0.11439731669755573 0.029096600520398364 0.04316964664195542 0.030335953188503306
23 0.1831200348463903 0.02627481569468928 0.04556796034428627 0.03202128392119793
6 0.43853422114405943 0.02234118003778298 0.08243304328391084 0.04468236007556596
23 0.3382068389300743 0.030844737816984834 0.024893361795565026 0.06168947563396967
23 0.2576289615254126 0.036406732248461186 0.023549116604888454 0.07141797659425166
23 0.3099727115254126 0.033663512551614504 0.018643361795565028 0.0649223151288624
23 0.28564483412075087 0.03805776345612565 0.022549611795565028 0.06512703301668678
6 0.6344816382044349 0.034264108294429066 0.1344320529025577 0.06852821658885813
23 0.18442707450210408 0.05583948496199466 0.048474705534962845 0.02593505823145743
23 0.14017607749732894 0.09481013172806282 0.043060519237293704 0.027210953188503285
6 0.18657736234371924 0.1282500734966054 0.04618551923729371 0.027374727498762796
23 0.1380034530878921 0.1346948253056277 0.043950896641955416 0.030376896766068206
6 0.6296998797669143 0.12296287143975586 0.12937253067003915 0.0871016095655099
6 0.266391347915749 0.14278288500742317 0.022713302902557686 0.06981453301668679
6 0.5014384705110873 0.13358386816039552 0.046689005442295616 0.13111720318850328
6 0.4365401568087564 0.13854468509828022 0.07885417549789597 0.06963747060135783
6 0.6702033394782285 0.2136387810961228 0.038003486205001914 0.10570776741285455
6 0.6318948076270632 0.21642626639680174 0.04040179990733286 0.10739309814554918
23 0.01215524306009195 0.24979860413844296 0.0243104861201839 0.06076708163720577
23 0.011099315927545018 0.24909924129357272 0.022198631855090037 0.07240394448207602
23 0.18140373430608536 0.2540722670741703 0.026247530670039064 0.08169705732694625
23 0.10952873430608537 0.2578390762101389 0.02583830290255764 0.06997830732694635
23 0.13452873430608536 0.2565288817280628 0.01958830290255764 0.06965075870642723
23 0.15548607505025824 0.2593296551338112 0.018888898456053925 0.07195356512886235
6 0.05699152214770057 0.3331157151742909 0.020451398456053947 0.07203545228399211
6 0.5085440984639031 0.3320656337642277 0.020314989200226917 0.06812920228399211
23 0.5303645347615722 0.33248171359241124 0.019642866604888454 0.07121325870642732
23 0.5584349710592414 0.3325702448000757 0.02265873920022692 0.06825203301668684
6 0.1174553069940909 0.3658186725466657 0.023385425497895972 0.06673047659425162
23 0.13927574329176004 0.3662347523748492 0.02343998920022683 0.06829297659425163
6 0.19455352033360204 0.368796508367743 0.05343502404661713 0.033993219696846655
6 0.010158706083117006 0.3788276848711376 0.020317412166234013 0.04546963025772479
23 0.43478665073348866 0.38973869290019636 0.043115082939624474 0.028773453188503238
23 0.3285912144358195 0.39374451944901945 0.036974210344286274 0.0315709045679843
23 0.48168893258465406 0.3865008282463038 0.04518601442797028 0.021083783921197963
6 0.6543501278679978 0.48896632971664183 0.04768851025161904 0.13740814676606822
9 0.08990820426901848 0.7151945528043905 0.17981640853803696 0.563360894391219
9 0.3186953369463398 0.7217876322938898 0.2892088991738442 0.5329574214150121
9 0.7258877888531056 0.7628331976498947 0.17622277113621027 0.4014850141334943