23 0.8078125 0.18828125 0.06015625 0.046875
23 0.4046875 0.1921875 0.0546875 0.04609375
23 0.2953125 0.19375 0.059375 0.04921875
23 0.2 0.19609375 0.05390625 0.046875
23 0.1078125 0.19921875 0.0609375 0.046875
23 0.3390625 0.4765625 0.04765625 0.02890625
23 0.33984375 0.503125 0.04296875 0.021875
6 0.3375 0.5234375 0.04453125 0.01796875
6 0.34296875 0.54609375 0.04609375 0.0296875
6 0.3390625 0.57578125 0.04140625 0.02890625
23 0.3375 0.60234375 0.04140625 0.0234375
6 0.32109375 0.6953125 0.0453125 0.03046875
23 0.78515625 0.6953125 0.07109375 0.0546875
23 0.72734375 0.6953125 0.0265625 0.0484375
23 0.85234375 0.70234375 0.0578125 0.0625
23 0.91171875 0.7046875 0.0515625 0.05234375
23 0.98046875 0.7078125 0.0203125 0.04296875
6 0.95859375 0.7078125 0.01953125 0.04296875
1 0.1453125 0.71015625 0.290625 0.4453125
9 0.79453125 0.078125 0.4109375 0.15625
9 0.29453125 0.08046875 0.5890625 0.1609375
6 0.31953125 0.8140625 0.02421875 0.0421875
23 0.3125 0.9265625 0.04765625 0.046875
23 0.996875 0.9328125 0.00625 0.053125
6 0.0265625 0.9890625 0.04609375 0.021875
23 0.7125 0.984375 0.05546875 0.03125
23 0.77265625 0.98515625 0.05546875 0.0296875
23 0.8625 0.984375 0.05859375 0.03125