23 0.725 0.3015625 0.090625 0.02578125
6 0.8171875 0.30234375 0.08046875 0.02734375
6 0.990625 0.30234375 0.01875 0.0265625
6 0.95078125 0.31875 0.0484375 0.06875
6 0.8953125 0.32109375 0.04921875 0.06875
6 0.990625 0.33203125 0.01875 0.0234375
6 0.81875 0.3359375 0.090625 0.02421875
23 0.725 0.33671875 0.08515625 0.0265625
6 0.990625 0.36796875 0.01875 0.0265625
6 0.81796875 0.3703125 0.08984375 0.02734375
23 0.72421875 0.37109375 0.08359375 0.02578125
6 0.95234375 0.39609375 0.0453125 0.06640625
6 0.9015625 0.40078125 0.05078125 0.0640625
6 0.990625 0.4015625 0.01875 0.021875
6 0.81796875 0.40390625 0.08984375 0.02890625
23 0.72578125 0.4046875 0.08203125 0.02734375
6 0.98828125 0.43515625 0.0234375 0.0265625
6 0.81953125 0.43828125 0.0921875 0.028125
23 0.725 0.43828125 0.0859375 0.02421875
6 0.98671875 0.46953125 0.0265625 0.02421875
23 0.725 0.47109375 0.08515625 0.02421875
6 0.81875 0.47265625 0.096875 0.03125
6 0.8953125 0.48828125 0.0546875 0.065625
6 0.95078125 0.48828125 0.0484375 0.0671875
6 0.98984375 0.50234375 0.0203125 0.02421875
6 0.81953125 0.503125 0.103125 0.0265625
23 0.72734375 0.5046875 0.08359375 0.02109375
6 0.98828125 0.53671875 0.0234375 0.0203125
23 0.72890625 0.540625 0.08671875 0.02734375
6 0.8203125 0.53984375 0.09921875 0.02734375
23 0.71484375 0.8125 0.07109375 0.0265625
23 0.709375 0.84296875 0.078125 0.01796875
6 0.79609375 0.85625 0.03984375 0.05703125
6 0.15234375 0.8703125 0.06953125 0.028125
6 0.06015625 0.87109375 0.07890625 0.02890625
23 0.76171875 0.9 0.0234375 0.04140625
23 0.72890625 0.90078125 0.021875 0.04296875
6 0.68515625 0.90078125 0.04140625 0.05234375
23 0.6515625 0.90703125 0.0203125 0.04375
6 0.61328125 0.91171875 0.03828125 0.05625
6 0.56484375 0.9140625 0.03046875 0.05
6 0.003125 0.92734375 0.00625 0.06328125
23 0.03984375 0.928125 0.05078125 0.0734375
6 0.51796875 0.93203125 0.06015625 0.03515625
23 0.09921875 0.9359375 0.05078125 0.08984375
6 0.859375 0.9484375 0.07734375 0.02734375
6 0.56640625 0.97109375 0.03828125 0.053125
6 0.6125 0.971875 0.0375 0.05625
6 0.52109375 0.97578125 0.0546875 0.0375
6 0.1796875 0.99296875 0.03515625 0.0140625
6 0.51875 0.9984375 0.05 0.003125