9 0.025 0.15234375 0.05 0.3046875
23 0.7734375 0.30703125 0.00859375 0.0359375
23 0.559375 0.315625 0.03203125 0.01953125
23 0.4953125 0.31875 0.0265625 0.01171875
23 0.925 0.3296875 0.03515625 0.0078125
1 0.14296875 0.34921875 0.08203125 0.04375
23 0.778125 0.36171875 0.0109375 0.03671875
23 0.9234375 0.36171875 0.0234375 0.01015625
23 0.86328125 0.38515625 0.02890625 0.01328125
6 0.0015625 0.403125 0.003125 0.0421875
6 0.04375 0.40390625 0.009375 0.04375
23 0.06484375 0.40390625 0.01015625 0.03125
23 0.02265625 0.40625 0.00625 0.0328125
23 0.496875 0.41015625 0.02421875 0.0125
23 0.86796875 0.41171875 0.02265625 0.009375
23 0.5 0.43828125 0.03125 0.01875
23 0.86953125 0.4421875 0.02421875 0.009375
23 0.55703125 0.453125 0.021875 0.0109375
23 0.2234375 0.45390625 0.02578125 0.0125
23 0.275 0.46015625 0.040625 0.0078125
23 0.4984375 0.46484375 0.02734375 0.01484375
23 0.86875 0.46640625 0.0234375 0.0109375
23 0.2265625 0.484375 0.02109375 0.009375
23 0.87265625 0.4953125 0.01953125 0.00703125
1 0.76015625 0.4953125 0.0828125 0.10234375
6 0.61796875 0.50078125 0.03125 0.015625
23 0.49609375 0.5015625 0.02578125 0.01328125
23 0.23046875 0.51875 0.034375 0.0109375
23 0.49921875 0.5265625 0.02109375 0.01015625
6 0.2265625 0.54453125 0.02734375 0.00859375
23 0.27578125 0.54765625 0.02421875 0.0109375
23 0.5578125 0.5484375 0.025 0.0125
6 0.22578125 0.57265625 0.0234375 0.01015625
23 0.5625 0.5828125 0.02890625 0.0203125
23 0.27734375 0.59140625 0.02578125 0.0078125
6 0.79453125 0.628125 0.00859375 0.03046875
6 0.90859375 0.62890625 0.01015625 0.03125
6 0.821875 0.63046875 0.01015625 0.034375
6 0.8484375 0.63515625 0.0140625 0.03359375
6 0.10234375 0.63671875 0.02734375 0.01328125
6 0.425 0.65 0.02578125 0.01328125
6 0.27734375 0.65234375 0.025 0.0078125
23 0.490625 0.6578125 0.02578125 0.0125
23 0.428125 0.6765625 0.02109375 0.01171875
23 0.1109375 0.68046875 0.00859375 0.0328125
23 0.1296875 0.68046875 0.01015625 0.0265625
23 0.278125 0.68125 0.021875 0.01171875
6 0.79921875 0.69375 0.0125 0.04609375
6 0.76015625 0.696875 0.00703125 0.0421875
6 0.48984375 0.7015625 0.015625 0.0140625
6 0.42890625 0.7078125 0.025 0.0140625
6 0.26953125 0.7140625 0.02578125 0.01015625
23 0.234375 0.72109375 0.0125 0.03671875
23 0.13046875 0.73046875 0.00859375 0.028125
23 0.109375 0.734375 0.0078125 0.0328125
6 0.48515625 0.73984375 0.04140625 0.01328125
23 0.43046875 0.73984375 0.02109375 0.0140625
23 0.27578125 0.74609375 0.02265625 0.00859375
9 0.76796875 0.103125 0.0546875 0.20625
9 0.25625 0.11796875 0.115625 0.2359375
9 0.53359375 0.12109375 0.08984375 0.24140625