23 0.1278799435899038 0.3343451017635938 0.018005706168510206 0.04777575870642732
23 0.6801242820636622 0.3241887675243962 0.028271050324311632 0.05455802521477064
23 0.7785617820636623 0.32934765829757057 0.022638659090609536 0.0448964201718165
23 0.7527805320636622 0.3279965202379297 0.02421479586008459 0.045759557326946254
23 0.8754367820636624 0.33442466191561515 0.025777295860084593 0.04584144448207601
23 0.8528078056026125 0.33167479816623374 0.028943206168510472 0.04834896879233561
23 0.7309600791415629 0.3237251000661131 0.03124604586008477 0.046128049525030156
23 0.948161215911038 0.3343261646291486 0.023447182629559648 0.04649986374938138
23 0.970022579141563 0.33625383480096516 0.025763659090609535 0.04506019448207601
23 0.8965714423720879 0.3331863885098668 0.02742161647693564 0.05061083163720577
23 0.8294112159110381 0.3281027408392875 0.02986082386326174 0.0562024123699004
23 0.9880186026805134 0.3356330370849573 0.014771612012708601 0.041361984396167804
23 0.9231612159110382 0.3330159701470726 0.020172178165332965 0.037742339439121864
23 0.7130322394499885 0.32043964778212103 0.021389804788538313 0.06278328301668683
23 0.801354399758414 0.32272252204695195 0.017169909090609538 0.04460981512886235
23 0.3623328100668395 0.29736848145549166 0.02104888555165916 0.043252033016686744
23 0.2093441777615912 0.281531040252776 0.027353432629559825 0.04670458163720585
23 0.1562191777615912 0.2787468769783644 0.02255683847375849 0.0402089201718165
6 0.12809417776159118 0.2772729081860289 0.02584547970746054 0.049747694482076096
6 0.08652783522734761 0.015482237109701227 0.04647557954530477 0.02429067107632768
1 0.9405334967535891 0.09933701096567552 0.11893300649282175 0.1061415366347314
1 0.2218762163213705 0.9421161185548506 0.30522506249917614 0.1157677628902988
23 0.3274188786583909 0.8640270369734158 0.021911956168510206 0.047980476594251795
23 0.9691348202164045 0.835100770576614 0.025105140015886106 0.05205050090451095
23 0.8344519030081201 0.7561015880803256 0.021789225243233547 0.0409492265942518
23 0.4259514306042602 0.5501493227036359 0.02117161647693564 0.05028328301668665
23 0.7574059821463879 0.5557906495911433 0.025818206168510115 0.0481851944820761
23 0.6777321189158629 0.550833154679526 0.021007975243233723 0.040908283016686656
23 0.7059116659937636 0.5491821234718615 0.021157979707460584 0.04950203301668665
23 0.3370077073896215 0.4938783112836752 0.024105701704283344 0.039509557326946165
23 0.36669520738962147 0.4954341672311404 0.024378437093786686 0.055134557326946165
23 0.9066480515454227 0.5174761793284697 0.02496877232113448 0.04423800090451131
23 0.8848139618538482 0.5139860091566532 0.023365362012708602 0.041812363749381375
23 0.8355952118538482 0.511406563770066 0.020240362012708603 0.041648589439121864
23 0.7902827118538484 0.5090318362713032 0.023406272321134302 0.04415611374938137
23 0.8145150986233236 0.5095198371758144 0.018705135551659424 0.043129202283992286
23 0.7027963486233235 0.5036649055840371 0.02651763555165907 0.04353863805964089
23 0.7364173721622739 0.5038629794193268 0.029860823863261922 0.0562024123699004
23 0.7637611221622739 0.5052960046340974 0.024228432629559826 0.04654080732694634
23 0.6754662353927987 0.5014506303692665 0.028066498782184014 0.04283927521477064
23 0.8591008957012243 0.5087286210970123 0.025132413554836575 0.053613000904511134
23 0.9341281692401745 0.5110967045432403 0.024160248782184014 0.04263455732694617