1 0.43926762635071154 0.04185497672658815 0.08235674466774104 0.07356531667727224
6 0.4707473265765906 0.27988223539940604 0.08718002353634909 0.1563778166772723
23 0.530562671357271 0.32670323874122387 0.05719014469597585 0.043605096674090585
23 0.12852275824544362 0.3704954080203627 0.05999662628012441 0.038172709341181485
23 0.3075963372411085 0.42339478337840697 0.055900660480991425 0.04827441534054522
6 0.9689965688252571 0.43656332813490284 0.024603699802355904 0.20795795066836362
23 0.1548507688393745 0.44194369402449885 0.1353375314994439 0.08511189135104473
23 0.8760131372975781 0.4894241514560398 0.1310672604527568 0.07881643801718105
6 0.7565428004799928 0.5138327107733588 0.0734213604245216 0.10781304734245403
23 0.5023110558122518 0.5835799474060875 0.0533293973268119 0.04434089334022691
23 0.9049509374246352 0.6234451627943578 0.0572279420510224 0.05765850600731781
23 0.9478363874387525 0.6387979901336303 0.033707142065139806 0.04255112667090888
23 0.31431125589695635 0.6705152313812706 0.06365078925077743 0.23495680267345415
6 0.8124309665050046 0.7623071207829037 0.10620303932136466 0.16128349267981754
1 0.8887358612715677 0.7944661874601759 0.10486732345164426 0.24558576734563572
6 0.09219812137138837 0.8085766633513629 0.18439624274277674 0.27554653469127144