23 0.32029927652012075 0.21871637404517977 0.053101884172632195 0.04043464334022691
6 0.27007176336594113 0.22204082137172548 0.04528167889684287 0.05361589600572705
23 0.41801643970253527 0.2456521387253155 0.05484639469597585 0.04357782467377236
23 0.3640191844408634 0.24658738271799763 0.04362817363517104 0.0520352146721816
6 0.5251919028708323 0.2578441507399512 0.11126997091963045 0.14104371801399934
23 0.17236303448321572 0.28891869135899884 0.06316712891096028 0.03899032200827239
23 0.11597652659070792 0.29060791335136277 0.05636339206513994 0.04281475600731781
23 0.22695952922154383 0.2911175380330894 0.06334143415851479 0.05538748134149962
23 0.16659888189473207 0.3341948286919079 0.05778167889684287 0.053761346674090583
23 0.10529736084804467 0.3397357566836356 0.06062595783603806 0.06238236867440872
23 0.22005010558637278 0.34263458469922575 0.057463160480991426 0.04829259667409058
23 0.08150427410104634 0.43952667134786305 0.03588356306947502 0.09332328600413611
6 0.19130420833014822 0.46034879602958956 0.11241524196631789 0.1473028086807721
23 0.13180811098921902 0.48858233668840806 0.02913303413027988 0.0846568106699543
6 0.9000351952465557 0.5467735747930851 0.03675581833114663 0.09489487667090887
1 0.04313790155541434 0.5600477093411815 0.08627580311082868 0.11228291868236298
23 0.14005397951800996 0.6020363093570898 0.04924113680346807 0.041170440006363405
6 0.2664421742704556 0.6199243380410435 0.0245897472985769 0.0736738573360908
23 0.30169713480791666 0.6320612587125888 0.032940573592818725 0.09641192333704537
23 0.0281884647660637 0.6421425940085905 0.0563769295321274 0.053797709341181485
1 0.9336982927286593 0.6667775394652666 0.07363200497932318 0.29909202800763596
6 0.8179074217807939 0.7756610961170856 0.1528050235363491 0.15714143268618094
1 0.5712610789956649 0.05746289007795097 0.08794659200867017 0.10251702001113586
23 0.9634709657991329 0.021374132797539434 0.06051256577089816 0.020222140674726902
23 0.9606120053322591 0.08388322346431216 0.054618881541796324 0.0396715746737724
6 0.4122277132388842 0.09001066605663376 0.09875456036805197 0.16744258601209033
6 0.5040511921921969 0.097333364735815 0.061778934158514785 0.05536930000795417
6 0.1029296875 0.1340761026814084 0.205859375 0.2678885760264079
23 0.32676835537461135 0.12106921471195246 0.04107929728445949 0.08869942067154524
23 0.35186706591207245 0.13308795671545232 0.037537068331146804 0.09490396733768161
23 0.9515107501411745 0.15960992946367583 0.051812399957647415 0.04510396200668154
23 0.491726226463651 0.16129586740131505 0.057834886803468065 0.04127043734086326
6 0.5812969606786355 0.16702879408017815 0.05998892100433508 0.051444868674408714
6 0.2321237133094714 0.16218401603277122 0.04424979991529536 0.08951703333863614
6 0.6674773843843937 0.19070319875872305 0.1284266498164733 0.19433235001590837
23 0.9486517896743004 0.22211902013044854 0.05525591837349921 0.05060907467377236