6 0.5057486922480559 0.39860125734121216 0.03408471248093754 0.02226686960011337
6 0.5937935529053823 0.39152785652290556 0.035774499050069505 0.027790183302444225
6 0.44430269918191 0.4081647410991433 0.03408471248093754 0.02226686960011346
6 0.4741538533422226 0.41623270144342966 0.018260343939826385 0.04669395072563951
23 0.5951930519554518 0.4181176383740709 0.034121080072118205 0.02382936960011328
6 0.6640709917349656 0.4595536594254632 0.037300631458888844 0.02628224700477517
6 0.4487557694703824 0.49887158665263964 0.019641005983923775 0.038936014427970275
23 0.7090204690335421 0.47907747494189257 0.034121080072118205 0.02382936960011328
6 0.6693221893982643 0.4839361005324557 0.03724608007211803 0.023938497004775173
6 0.887399388961424 0.4626687688587755 0.03577449905006915 0.027790183302444225
6 0.6699040708571532 0.5089361005324557 0.034121080072118205 0.02382936960011328
6 0.8864915056026741 0.49073920515644465 0.03573813145888884 0.026227683302444228
6 0.6751916361116324 0.5348810416394483 0.03564721248093754 0.022321433302444228
23 0.712600717133681 0.5322843204953889 0.03564721248093754 0.022321433302444228
6 0.7178337310013893 0.5558855116023814 0.034121080072118205 0.02382936960011346
6 0.6788985175705212 0.55999016904411 0.03252221248093754 0.022212305897782513
6 0.4582236480794797 0.6038046233131285 0.01804213839274311 0.03731895072563951
6 0.677972450416181 0.5872793553417791 0.035774499050069505 0.027790183302444225
6 0.6786095364722227 0.6481895734906138 0.03492116707809032 0.058204369600113284
6 0.5197436827487506 0.6644990758528664 0.018114873575104086 0.04044395072563951
6 0.6466873892457644 0.6517585175928312 0.018205792553055565 0.04435020072563951
6 0.7113856688810423 0.6477729112395616 0.03492116707809032 0.058204369600113284
6 0.5392203813619798 0.662837372132002 0.021203505983923777 0.038990578130301046
6 0.5626396975663894 0.662874577666965 0.018114873575104263 0.04044395072563951
6 0.6241584258148963 0.6564360939090339 0.02129442496187508 0.042896828130301046
6 0.417765568291702 0.7772495577966991 0.034121080072118025 0.02382936960011346
6 0.4222718835461812 0.8031672170525261 0.03564721248093754 0.022321433302444404
6 0.7145496493137506 0.7837104112395616 0.03724608007211803 0.023938497004775173
6 0.42516114741388955 0.8266865626060225 0.030996080072118026 0.023720242195451748
6 0.48677079464034795 0.8241543288480913 0.03426655043684015 0.030079369600113638
6 0.42659701405513956 0.8548388444571879 0.03252221248093754 0.022212305897782513
6 0.49047767609923676 0.8492634562527531 0.03408471248093754 0.022266869600113638
6 0.7204554636182993 0.8362178523465541 0.03417563145888884 0.026173119600113638
6 0.4918408075581257 0.8742907381039184 0.03252221248093754 0.022212305897782513
6 0.42948627792284794 0.8783581900106843 0.034121080072118205 0.02382936960011328
6 0.4316488431773271 0.904194003713015 0.03408471248093754 0.022266869600113638
6 0.49558405660819516 0.9009623655085802 0.03252221248093754 0.022212305897782513
6 0.4976375190891327 0.9221106792109112 0.03573813145888884 0.026227683302444404
6 0.43303015843180626 0.9300025355641806 0.032558580072118204 0.023774805897782515
6 0.4998364519347924 0.9495089929132419 0.03715516109416672 0.020032247004775173
6 0.4360285250730563 0.9582093811176768 0.037300631458888844 0.02628224700477517
6 0.5038160903275355 0.9863368703179036 0.03403016109416672 0.01992311960011328