23 0.8 0.63515625 0.0125 0.0265625
23 0.8640625 0.64453125 0.0109375 0.02265625
23 0.81953125 0.640625 0.0109375 0.0265625
23 0.77890625 0.63515625 0.0125 0.03046875
23 0.69453125 0.6234375 0.0125 0.03046875
23 0.71328125 0.628125 0.0109375 0.02890625
23 0.75625 0.63359375 0.0140625 0.02890625
23 0.7359375 0.63203125 0.0125 0.02890625
23 0.84375 0.64453125 0.0109375 0.0265625
23 0.62890625 0.61875 0.0109375 0.02890625
23 0.67109375 0.6234375 0.0125 0.0265625
23 0.65 0.6234375 0.0125 0.0265625
23 0.58515625 0.6140625 0.0125 0.0265625
23 0.60703125 0.61640625 0.015625 0.02890625
23 0.01015625 0.56796875 0.0203125 0.01875
6 0.2515625 0.6125 0.015625 0.03984375
23 0.01015625 0.603125 0.0203125 0.02109375
23 0.009375 0.62734375 0.01875 0.01875
1 0.95 0.7484375 0.078125 0.11640625
23 0.240625 0.6796875 0.02734375 0.0171875
23 0.03828125 0.6625 0.02578125 0.0171875
23 0.08125 0.68046875 0.02890625 0.01875
23 0.23984375 0.7078125 0.02890625 0.015625
23 0.00703125 0.678125 0.0140625 0.02109375
1 0.1578125 0.70859375 0.12890625 0.1359375
23 0.078125 0.7078125 0.02890625 0.01875
23 0.53125 0.765625 0.015625 0.03671875
23 0.4890625 0.7609375 0.0140625 0.034375
23 0.4234375 0.75234375 0.0171875 0.0328125
23 0.4671875 0.7578125 0.015625 0.03671875
23 0.509375 0.76484375 0.0140625 0.034375
23 0.40234375 0.7515625 0.015625 0.034375
23 0.4453125 0.75546875 0.015625 0.034375
23 0.38203125 0.74921875 0.0140625 0.03828125
6 0.36015625 0.74765625 0.0171875 0.03828125
23 0.2375 0.73125 0.03046875 0.0171875
23 0.03515625 0.71640625 0.02890625 0.0171875
6 0.075 0.73203125 0.03203125 0.01875
23 0.23671875 0.759375 0.02890625 0.01875
23 0.48515625 0.81328125 0.015625 0.03671875
6 0.42109375 0.8046875 0.015625 0.03828125
23 0.4421875 0.8078125 0.015625 0.03671875
23 0.39921875 0.80234375 0.015625 0.03671875
23 0.35625 0.79765625 0.015625 0.034375
23 0.3765625 0.80078125 0.015625 0.034375
23 0.5296875 0.82109375 0.015625 0.03984375
23 0.4625 0.8125 0.015625 0.034375
23 0.3 0.83046875 0.0140625 0.03671875
23 0.271875 0.82890625 0.0125 0.0328125
9 0.59609375 0.88046875 0.4359375 0.08203125