6 0.60390625 0.70234375 0.03828125 0.02890625
6 0.51953125 0.6921875 0.03515625 0.02265625
23 0.56171875 0.69921875 0.03359375 0.025
6 0.6015625 0.7265625 0.03671875 0.02265625
23 0.559375 0.7234375 0.03828125 0.025
6 0.5171875 0.71953125 0.03359375 0.025
23 0.59921875 0.75546875 0.02890625 0.02265625
23 0.55703125 0.7515625 0.03359375 0.02265625
6 0.5125 0.74453125 0.03671875 0.025
6 0.5984375 0.778125 0.03671875 0.0265625
6 0.51484375 0.76953125 0.03515625 0.025
23 0.553125 0.775 0.03515625 0.025
23 0.59375 0.8046875 0.03671875 0.0265625
6 0.5125 0.7953125 0.03671875 0.02265625
23 0.553125 0.80234375 0.03515625 0.025
6 0.59453125 0.8328125 0.03828125 0.02890625
6 0.5078125 0.821875 0.03671875 0.02265625
23 0.55234375 0.8296875 0.03671875 0.0265625
23 0.59375 0.85625 0.03671875 0.0265625
6 0.5515625 0.89765625 0.03828125 0.025
6 0.55 0.9234375 0.03828125 0.0265625
6 0.41953125 0.01328125 0.01875 0.0265625
6 0.4609375 0.0171875 0.021875 0.034375
6 0.440625 0.0140625 0.015625 0.028125
6 0.48046875 0.01796875 0.0171875 0.0359375
6 0.32734375 0.0171875 0.02578125 0.034375
6 0.53828125 0.034375 0.02734375 0.05390625
6 0.571875 0.03984375 0.02734375 0.05
6 0.28203125 0.015625 0.02421875 0.03046875
6 0.38984375 0.021875 0.02890625 0.04375
6 0.38359375 0.1109375 0.03046875 0.05
6 0.4203125 0.11875 0.03359375 0.05390625
23 0.35546875 0.1296875 0.0171875 0.0421875
6 0.31171875 0.12421875 0.021875 0.04609375
23 0.33359375 0.128125 0.01875 0.0421875
23 0.47265625 0.2 0.0171875 0.04375
6 0.9921875 0.40078125 0.015625 0.078125
6 0.9734375 0.39765625 0.02421875 0.04609375
6 0.58359375 0.4203125 0.03515625 0.01875
23 0.62578125 0.4265625 0.03359375 0.02265625
23 0.6234375 0.4515625 0.03203125 0.02265625
6 0.58046875 0.44765625 0.03515625 0.0265625
6 0.58203125 0.47265625 0.03515625 0.02265625
23 0.621875 0.478125 0.03203125 0.0265625
6 0.578125 0.5 0.03671875 0.025
23 0.62109375 0.5046875 0.03359375 0.02265625
6 0.575 0.525 0.03671875 0.02109375
23 0.61875 0.53046875 0.03515625 0.02109375
23 0.6171875 0.55625 0.03515625 0.02265625
6 0.57578125 0.55234375 0.03515625 0.02265625
23 0.615625 0.58203125 0.03515625 0.025
6 0.56953125 0.57421875 0.03203125 0.025
6 0.5703125 0.6 0.03359375 0.02265625
6 0.6109375 0.61875 0.03671875 0.025
6 0.5234375 0.628125 0.03203125 0.025
6 0.56484375 0.6328125 0.03671875 0.0265625
6 0.60625 0.6703125 0.03359375 0.025
23 0.5625 0.66640625 0.03203125 0.025
6 0.5203125 0.6609375 0.03671875 0.025