23 0.2228503399425316 0.4812520382559569 0.03574007892507769 0.02503854135632899
23 0.22769746366240726 0.5184245525239806 0.03680204998588259 0.016517565963434677
1 0.5142573189664315 0.547930000209397 0.1121569077089811 0.20000646215832774
1 0.7922458110739236 0.5373198701445544 0.11030598137238705 0.22173591294411601
1 0.6492770610739236 0.5439787466947402 0.11315796558737148 0.21719396215832773
1 0.3672003084430877 0.5578958132773476 0.13273471821820743 0.21888489474715095
1 0.926484303181416 0.5334050039334507 0.09215522084904322 0.21777400496239885
1 0.07764940944792212 0.6722687981807545 0.15529881889584424 0.36327490363849113
6 0.2158359585419097 0.6685701017381923 0.04921104472421067 0.015537262820281584
6 0.32959535067763684 0.6952160308123588 0.04704930524755442 0.0185531009096227
6 0.8196743191076058 0.6817398041811197 0.021116136803468067 0.04149829528527036
6 0.685944061215098 0.6903057830886704 0.02088862364928836 0.03759204528527036
6 0.5520317927992465 0.7019967619962213 0.018681381541796327 0.039826633374611474
23 0.47455153490673874 0.7079428550479612 0.020334886803468066 0.04146190798171734
23 0.39550877701423093 0.713961722706807 0.022451123649288453 0.03766481989237604
23 0.42436952438339504 0.7133966424753486 0.019553636803468066 0.04142552067816432
23 0.5157757743833951 0.709139327959656 0.024286639434303935 0.042425094499482084
6 0.3120137375516921 0.7295375268834174 0.033904563140062204 0.02027826674922295
23 0.8750219717666766 0.7079897810217559 0.024658365756780397 0.03543023180303493
23 0.9086157217666766 0.70642512696898 0.018173147326811544 0.04447774607105863
23 0.2097686980891532 0.7459866263452982 0.02565942363517104 0.05261773180303493
6 0.5759551402107629 0.7460720936754217 0.03707506577089816 0.021205065963434678
1 0.4741882428839511 0.7944432812266436 0.11293191048099142 0.05278685980096291
1 0.29836149025311515 0.8034116745260527 0.10512711575678076 0.03917812406898662
23 0.20099366658970927 0.8297623128630629 0.02377840521931951 0.04707620719592924
6 0.6260622850479131 0.8489209578196106 0.03583108418674961 0.026601041356328636
1 0.8017980324170771 0.8415150645202019 0.1768571735645839 0.13367729487098537
23 0.5251067298003587 0.8699847826743857 0.021487863125944705 0.0345034325888232
23 0.4001522324311946 0.8750255012428543 0.01316712891096028 0.038790672249740865
23 0.48907822453868677 0.8732210986378203 0.02006187101845249 0.03677440798171716
23 0.43439072453868677 0.8757682098865255 0.020843121018452492 0.036810795285270356
23 0.11247022190785087 0.891541028950332 0.03680204998588259 0.016517565963434677
23 0.016067063581231996 0.898906226840636 0.03213412716246399 0.025166973945152195
23 0.3448354008752809 0.9017549751880065 0.012894113125944707 0.03410317224974122
6 0.6259943956136091 0.8902180459089521 0.03137880261671846 0.017044104838564066
6 0.019029133991386563 0.9320997165015541 0.03805826798277313 0.027437949338046507
23 0.008105118224017807 0.976359138751295 0.016210236448035615 0.021205065963434678
23 0.05944466146921177 0.9859481544670607 0.013501057878390333 0.017769696856846907
1 0.3860071614692117 0.9707382615819367 0.13459480787839037 0.023409728907550685
1 0.16528513779168846 0.9880307311838624 0.13846326052334365 0.009565552728868453
6 0.1690384263365941 0.016841791667042433 0.02801087891096028 0.03368358333408487
1 0.39711094745386866 0.08500423862746048 0.39952810509226266 0.17000847725492096
1 0.8944031764071813 0.0692603255809005 0.2092825366905288 0.138520651161801
1 0.06443422632247668 0.09541735380510692 0.12886845264495336 0.17479029238978616
6 0.7377891553604938 0.06770303701761188 0.03693855787839038 0.01886131596343472
23 0.6444108816829706 0.0790643761404104 0.04066279735504672 0.01591825248119938
23 0.6425907764495336 0.1103143761404104 0.025682539462538755 0.012883143713693724
23 0.6383814185852608 0.14245478805106918 0.036984060509226424 0.01964256596343472
6 0.15902014227690145 0.1725727051290145 0.02521210260260105 0.03156036910658786
23 0.7096648843843937 0.14926340612419975 0.017027876280124234 0.03819135876750561
23 0.73917037386105 0.15100568858918845 0.019599139434303935 0.042206770678164404
23 0.6353705396743003 0.18077242535462212 0.040890310509226244 0.019824502481199335
23 0.7852417370575819 0.18937467576890685 0.04893032366340595 0.02409462551672865
23 0.8632757317959101 0.187298445413614 0.03850105787839055 0.018934090570540584
23 0.72186948179591 0.19388454735669408 0.04714031050922625 0.020115600909622788
23 0.32186948179591 0.21251484677579358 0.04001805524755442 0.018225615177646405
23 0.3905739791650741 0.21009401406313585 0.04645006577089816 0.021641713606069857
23 0.4834062212725664 0.20810767494033736 0.03363154735504672 0.01559076674922304
23 0.5673261949642071 0.21199034615662105 0.03059755261671846 0.01700771753501131
23 0.16337444233337117 0.23158383209348518 0.049438557878390334 0.019443512820281582
23 0.6359396870716993 0.21113201344396332 0.03946431840173403 0.022095477874093473
6 0.8953756002541138 0.22475990405728513 0.023384292093374625 0.013555231803034928
6 0.26169084499244194 0.2558325072387103 0.0323420631400622 0.020205492142117087
23 0.5576480870999342 0.24438546919215032 0.028572321032569903 0.022367305624352518
23 0.6372445818382623 0.2422364642297516 0.033495039462538755 0.01324701674922304
23 0.5584902502823488 0.27005755728149156 0.02264854472421085 0.014300094499481997
23 0.6311009976515127 0.26745478805106915 0.03220555524755433 0.01786174214211709
6 0.8981519897590051 0.25735408023596756 0.023475297355046366 0.015117731803034929
6 0.3144217318664972 0.2868791459900053 0.04236180524755442 0.0183347770883052
1 0.9783477239739895 0.2582936879700159 0.01855112087727804 0.18473887303552933
23 0.5582326450489117 0.3012347826743857 0.022921560509226245 0.018987594499481997
23 0.898721137156404 0.2877136683253088 0.041163326294241645 0.024512002481199426
23 0.6274453766330602 0.303465062658175 0.03316881577089816 0.021023129445670106
23 0.2672891266330602 0.32023960959607517 0.03758329998588259 0.0165539532669877
1 0.1296071161097165 0.32976877502139057 0.16442579202278762 0.09414175992479752
1 0.7570040740163417 0.31301338296483594 0.13945515507814504 0.20049876778268025
1 0.4372453108621621 0.33180204011798375 0.11909715244730919 0.1987714478903042
23 0.5535605556004903 0.3279428318885974 0.022967063140062294 0.019768844499482085
23 0.6259892924463106 0.32846506265817504 0.025682539462538755 0.012883143713693724
23 0.2708467661379514 0.3527973984712046 0.04309755261671846 0.01758991439185813
23 0.5523851924745455 0.3615001945850445 0.024165542093374803 0.01359161910658786
6 0.6306999082736785 0.3679813269261987 0.03459480787839038 0.01875215405277597
23 0.26342140301200667 0.38664585959607517 0.035467063140062205 0.020351041356328814
23 0.013292600395288148 0.41387840942945947 0.01684586575678068 0.035066358767505613
23 0.5515738503952882 0.3888075572814916 0.0324785710325699 0.022549242142117176
23 0.8967953451336165 0.3742868691110971 0.03459480787839055 0.01875215405277597
23 0.8936402530543589 0.40170339371820296 0.03859206314006229 0.02049659057054054
23 0.630313500423523 0.41474716501553993 0.02430204998588259 0.01593536910658777
23 0.30752074253101525 0.43211887138289945 0.03344953683170289 0.01246576674922295
23 0.5589012320076716 0.42352715963885645 0.047876057878390374 0.01937073821317572