23 0.49493338238884227 0.8769244505763915 0.02635737364928854 0.03784675641014061
23 0.340238177113053 0.8564021271693584 0.016345336817585477 0.02647260876750579
6 0.1624056636059375 0.4799358647633617 0.03256187101845254 0.03735660483856425
1 0.34893469780680453 0.47843979300895867 0.23891464171220403 0.4232877584770554
23 0.6499434609609841 0.4885426548768363 0.15828220783603797 0.06892343610347992
23 0.5341056293344832 0.43301178473679103 0.03579328683170289 0.012574928659881834
23 0.5447925003529358 0.3974745450758733 0.04217979472421085 0.015209777088305287
23 0.6591049003105836 0.35814667948394213 0.16503273677523325 0.07780828453190329
6 0.5181459713431534 0.3304304402373091 0.02152566048099125 0.04852954528527027
23 0.5511859844973331 0.32805245698653207 0.020752115756780754 0.03524829528527027
6 0.27277953441262853 0.22578136579681898 0.029065144695975854 0.044205918320799585
23 0.6758968291368392 0.23123957712657725 0.15437595783603797 0.06874149958571527
1 0.12257872897095941 0.14484808126491566 0.24515745794191882 0.1904410252262784
1 0.41115106065040063 0.1499723447043698 0.106968878769786 0.19119438833701025
6 0.2843078395895958 0.1354474642252424 0.028602413111827298 0.049638281017246655
23 0.672330755332259 0.10416765487683625 0.15901024992941296 0.08142343610347988
6 0.2884485789956649 0.06435371422524241 0.024749371018452492 0.03699273180303493
23 0.540367394766563 0.056502788665732516 0.039373313140062295 0.020532977874093493
23 0.476441716646179 0.9254154545053328 0.040617294724210676 0.015137002481199601
23 0.40943622716952266 0.9191611463997809 0.03142430524755433 0.017825354838564067
6 0.2865367394766563 0.01647914040392483 0.027662268415851444 0.006742305624352507
1 0.42302797632247663 0.026753168525687356 0.09769404735504672 0.018574525640563166
23 0.39948437449633445 0.874828949542934 0.016064615756780753 0.03502997146395259