23 0.54453125 0.1484375 0.02421875 0.03671875
23 0.3890625 0.16171875 0.01484375 0.02578125
6 0.18984375 0.52890625 0.03046875 0.0359375
1 0.37578125 0.5390625 0.21484375 0.41328125
23 0.6765625 0.54296875 0.1546875 0.06171875
23 0.5578125 0.59296875 0.03515625 0.0109375
23 0.56640625 0.62890625 0.04140625 0.01328125
23 0.678125 0.6734375 0.1609375 0.0703125
6 0.5359375 0.69453125 0.01875 0.04765625
23 0.56875 0.6984375 0.01875 0.034375
6 0.28515625 0.7875 0.0265625 0.04296875
23 0.6875 0.80078125 0.15078125 0.06171875
1 0.12421875 0.8609375 0.24765625 0.17890625
1 0.41875 0.86953125 0.09609375 0.18671875
6 0.29140625 0.878125 0.02578125 0.0484375
23 0.6765625 0.92734375 0.1546875 0.07421875
6 0.29140625 0.94921875 0.02265625 0.0359375
23 0.5421875 0.96875 0.03828125 0.01875
23 0.52890625 0.09921875 0.03984375 0.01328125
23 0.46171875 0.10234375 0.03046875 0.01640625
6 0.28671875 0.996875 0.02734375 0.00546875
1 0.4234375 0.99296875 0.096875 0.0140625
23 0.44921875 0.14609375 0.0140625 0.034375