6 0.68828125 0.3078125 0.0921875 0.1015625
6 0.0234375 0.3171875 0.046875 0.11875
6 0.834375 0.3234375 0.09921875 0.0984375
6 0.5171875 0.325 0.12890625 0.14453125
6 0.12734375 0.33984375 0.0484375 0.01484375
6 0.11875 0.3671875 0.04375 0.01484375
6 0.80078125 0.42890625 0.0375 0.02734375
6 0.7921875 0.46953125 0.0375 0.02265625
6 0.075 0.4734375 0.10703125 0.1078125
6 0.7828125 0.58359375 0.0359375 0.096875
6 0.68203125 0.5953125 0.096875 0.0984375
6 0.3796875 0.63125 0.1125 0.1109375
6 0.53515625 0.6375 0.09140625 0.096875
6 0.2171875 0.73203125 0.06875 0.05546875
6 0.46484375 0.74140625 0.01640625 0.0359375
6 0.421875 0.8546875 0.1453125 0.1296875
1 0.24921875 0.87265625 0.07578125 0.11328125
23 0.58203125 0.88515625 0.03046875 0.01875
23 0.59609375 0.91640625 0.0328125 0.02109375
23 0.58125 0.94296875 0.0328125 0.01875
23 0.58203125 0.9734375 0.0265625 0.01953125
1 0.24453125 0.99375 0.12734375 0.0125
1 0.01953125 0.975 0.0390625 0.04921875
6 0.2390625 0.1890625 0.04296875 0.01875
1 0.3578125 0.1984375 0.103125 0.05859375
6 0.67578125 0.20390625 0.040625 0.01484375