23 0.7530122947564959 0.6573826487190224 0.05530566534054522 0.05344316256778665
6 0.6990969540897232 0.6569150161072692 0.057667596674090583 0.055019298106406114
23 0.6435827507558596 0.6533314738545956 0.052289753341817756 0.06279998184962743
23 0.7458805000795418 0.5816377601553409 0.055514750676317705 0.07141191256778665
6 0.6950992500795418 0.5819331968254284 0.05150850334181776 0.06279543667008766
23 0.6379952747453601 0.5760149949318345 0.059838624005409 0.0401891836450254
23 0.3845066480744511 0.5462376331027325 0.03453008867759042 0.08066419272021186
23 0.6443265434038604 0.5158178383159762 0.04276021200668154 0.04946418969514958
23 0.33175381806967863 0.5113859101318997 0.05212612133990877 0.04873748184962743
23 0.7481055240690423 0.5042758294371816 0.049891459341181485 0.058098846311007965
6 0.6949714334022696 0.5038036516458886 0.05772214067472703 0.05970679810640611
6 0.44495325206872405 0.5036956090986274 0.050581802673454135 0.050290891490547905
23 0.3340970207272245 0.4441802294137405 0.04580339600572696 0.042451120413308986
23 0.6395566800604519 0.4416218142136753 0.037427822008272216 0.061151123438370904
23 0.7496129327259519 0.4323871938985622 0.045122143340227086 0.051040325233769224
6 0.6941260013924063 0.4311474016458886 0.04834714067472703 0.05965225595192827
23 0.7488311353834977 0.3651996938985621 0.04983691534054522 0.05341134631100797
23 0.6370760227164067 0.3627246545727548 0.04740225867281787 0.04558521077238851
23 0.33082602271640676 0.3645063649523599 0.052816464672181596 0.04092952702916719
6 0.6940890913828615 0.36083035646634876 0.05306191267504516 0.06202327702916719
23 0.12532091004931592 0.3625767471713296 0.051290327339272454 0.044045436670087576
1 0.03446864337999785 0.34357273799794746 0.06362888470717995 0.29878747882456536
6 0.6925078627068617 0.2920849016458886 0.06079259667409058 0.05503747882456524
23 0.6346953627068619 0.2924212449318344 0.04901930267345413 0.050281801131468205
1 0.4628021813733163 0.29185868443059243 0.11937889803468024 0.2561459817514315
23 0.7424533187062254 0.28710651015534083 0.0452766846753633 0.06432157523376913
23 0.12518400270527094 0.2836659519917898 0.04907384667409058 0.05496930113146821
23 0.3308703813653622 0.23402852459328027 0.05219884667409058 0.05498748184962743
6 0.6932067493634532 0.21785706128680898 0.05159031934277234 0.06982668667008758
23 0.6369749306969986 0.2197468142136752 0.04593975600731781 0.054169870413308986
23 0.746304477363135 0.215204239078102 0.04982782467377245 0.05263009631100797
23 0.740762454686499 0.14179401015534082 0.048419866008908664 0.06590225595192836
6 0.6907806360200446 0.14364740164588857 0.050890885343726745 0.07685339149054778
23 0.6345215453532719 0.1431934045727548 0.054560778007635945 0.0565636173882468
23 0.37199427335295365 0.1423768348981306 0.03293122601049951 0.07753010236113216
6 0.06279856413108488 0.9653250181503725 0.07423747867599957 0.0691772468767418
6 0.23740821280231192 0.9979051931129952 0.05158068133354545 0.0018624818496274288
23 0.6444394628023119 0.9955371545727548 0.046893181333545544 0.001835210772388507
6 0.3998536688016756 0.9922722957687149 0.04309601933481808 0.011187484874689346
1 0.5889877994509491 0.8630382719610017 0.11322834802672617 0.19752041549465282
1 0.08196564011772185 0.8667693434823376 0.11882436736154416 0.2084897317514315
1 0.25223268678385824 0.8618722443426592 0.12364822736313501 0.22023575282867042
1 0.41783950545031284 0.8593461662802196 0.11802493602799871 0.20692268657189175