23 0.883923874598661 0.9980650504416001 0.021458505931499162 0.003869899116799758
23 0.5437617896176891 0.9871080124865321 0.04287059091247088 0.025783975026935836
6 0.0795573681728704 0.9566508167721898 0.04430575692008221 0.034062762932123646
23 0.7684288671842872 0.9720129877927921 0.03614308844101295 0.025241692399010418
23 0.39486403319189844 0.9580220663099712 0.04339717292769345 0.03091503087881229
23 0.881041613724246 0.9589028855229366 0.02045176285158128 0.06146033722616053
23 0.5413742772603994 0.9341934243858148 0.04183467292769336 0.030869566772189928
1 0.28657668931367797 0.9007612653238516 0.10830854300336804 0.19847746935229688
1 0.6342011058155806 0.9048141696189858 0.11231029349765968 0.19037166076202858
9 0.9460498484012069 0.8745623601209074 0.06751905832640723 0.25087527975818524
23 0.7651964378308032 0.9118340057394807 0.04017667243340188 0.02848035266556721
23 0.393289604332706 0.9002322983632827 0.042743256920082115 0.03401729882550093
23 0.09934860334412277 0.8869975463182186 0.03874150642579064 0.031559888558944496
9 0.4618512619373602 0.8528272050010969 0.07572814775600349 0.2943455899978062
23 0.8799619333821788 0.8941045996295592 0.021105678859192522 0.05835806927947189
23 0.5402627634202349 0.8686138884924374 0.04349267342198502 0.03325878087881229
23 0.7604651754735134 0.8531720595795467 0.04408292243340188 0.028594012932124
23 0.39142867399063874 0.835411280416594 0.04530984140676253 0.03955424498543501
23 0.8765385030401116 0.8292381175762478 0.021360346843970035 0.06460806927947224
23 0.5370303340667508 0.808434906439126 0.04180283942959626 0.030088316772189573
23 0.7597038301124182 0.7961862736861695 0.04342900642579064 0.03169628087881247
1 0.0947327461200294 0.7737162963182186 0.1090924515966055 0.16860289898378547
6 0.2687923286295434 0.7748792942066476 0.04186650642579064 0.03165081677218975
23 0.4067870771466686 0.7718716176427548 0.023640429847775656 0.06311376543940614
23 0.87383265570185 0.7628318675762478 0.02126484634967838 0.06226431927947225
23 0.7573163177551285 0.7375925236861693 0.04189833992388792 0.03243206677218957
6 0.34362123227986496 0.7154110174844702 0.09059977817462048 0.1360715438109361
23 0.8702818913673941 0.6948403855229366 0.021950595855386723 0.059943301332783604
6 0.599028973876908 0.6830461130239012 0.045150673916276675 0.03564799498543501
23 0.14008505539783883 0.6611086477301443 0.04342900642579064 0.03169628087881229
23 0.03224072189974162 0.6571903743731793 0.011956171939110272 0.025318248746358664
23 0.7546277164625341 0.6524590057394807 0.042488588935304605 0.02776729882550093
23 0.8691385440291324 0.6284795996295591 0.02123301285158128 0.061483069279472245
23 0.7508687050938276 0.5985072916328581 0.04020850593149916 0.029261602665567033
23 0.8656196131927736 0.5612693675762478 0.021487680836359147 0.06773306927947224
1 0.5958336952079959 0.5471768091838353 0.11266046197672885 0.21786711309040818
23 0.748481192736538 0.539913541632858 0.04502333992388792 0.032522994985435004
9 0.9242186803792481 0.4865026997878437 0.06903247878264267 0.2961906898917279
23 0.745248763383054 0.4797345595795468 0.04411475593149916 0.02937526293212365
23 0.7437061680219587 0.422726041632858 0.043365339429596264 0.03013378087881229
23 0.7428493221665717 0.36339650573948074 0.04258408942959626 0.03011104882550102
6 0.3119667366913082 0.3407148943649321 0.11212460969555131 0.12811429130365362
23 0.7397442268054764 0.30634252368616943 0.04180283942959626 0.03008831677218975
6 0.13751588193867273 0.23419680674305984 0.25185690764183527 0.35925429420664745
23 0.7366391314443812 0.24928854163285807 0.04499150642579064 0.03174174498543501
23 0.8526633794672147 0.24330061757624782 0.022859179847775836 0.06309103338609487
9 0.453976528668912 0.14898569860070948 0.08323028855474383 0.18501750917120002
9 0.5242253616727177 0.14946908339873013 0.0877586210642578 0.18124765149106806