1 0.24970448679788176 0.74765625 0.49940897359576353 0.5046875
23 0.6034931422893745 0.7215307570089466 0.028434124525034753 0.01475521879233561
6 0.6073636779085758 0.6896632813192062 0.03088697729857639 0.019565549525030156
23 0.6073279635277773 0.6575910877416412 0.022965374525034575 0.014468613749381376
6 0.6914854111910759 0.6377533005410829 0.04653016109416672 0.02116567107632772
6 0.8001337125778466 0.6411007078226008 0.04048018284565984 0.029431872455808694
23 0.611089396373437 0.6304111120519007 0.0260721907294446 0.013851138059640888
23 0.611744013014687 0.6022861120519007 0.02610855832062491 0.015413638059640888
23 0.6099094092912148 0.5802882813192062 0.026017639342673603 0.011507388059640888
23 0.756476591186944 0.533997536746273 0.01157393284565984 0.027916960085908292
23 0.8651430763693051 0.5365636940277907 0.022766005983923775 0.03942767017181659
23 0.6964112601648954 0.5269386312737776 0.011664851823611145 0.03182321008590829
23 0.7276794439604857 0.5277951243763727 0.013954050436840327 0.029602290818602838
6 0.1584586249062844 0.4173966191764483 0.018968858757465325 0.04391045228399211
6 0.060911477679826055 0.40759117198083883 0.016352351823611146 0.03206887155129756
6 0.09530466147541633 0.4086114393936934 0.018750653210381985 0.03453545228399211
23 0.41525413877399275 0.40738861261772763 0.010956337005972294 0.034907266508343325
23 0.35829562395635384 0.40127473145549164 0.01177395459715278 0.036510710085908296
23 0.38483994016076356 0.4034480630926975 0.015662020801562537 0.03593417797373259
23 0.33327744016076355 0.4007457869734156 0.019477351823611145 0.03223264586155707
23 0.30597005775194414 0.397750261758645 0.013954050436840327 0.029602290818602838
23 0.27940755775194415 0.3963581801214392 0.0196410059839236 0.039263895861557076
23 0.25289960913871495 0.39262234848423344 0.01624324905006951 0.02738137155129756
23 0.22323029293430524 0.39028524253676816 0.018605182845659752 0.028285452283992107
23 0.5297173354873609 0.3625441813646346 0.020313153210381962 0.03461733943912186
23 0.5016287030785413 0.3595077125722991 0.012464285619201477 0.032645403663473085
23 0.47281337205649276 0.3540865502023987 0.018696101823611144 0.03219170228399211
23 0.03355150351538169 0.3060353160333736 0.02287445554708334 0.010562363749381376
23 0.034187936361041435 0.2786915660333736 0.026944359707395848 0.017798331637205855
6 0.939820340521354 0.31911392243106473 0.0316149823325695 0.08436835594746528
6 0.8054817081125346 0.3105091270899061 0.029888828172256864 0.07725521879233552
6 0.8735050094993053 0.3117274683380503 0.026000761967847553 0.07783175090451114
6 0.05088578030086786 0.23341668758467105 0.013917682845659751 0.02803979081860284
28 0.18380738307440952 0.23568959577069998 0.062010343939826386 0.04928734905006031
28 0.35497386825677063 0.24153123925740783 0.06633482123840287 0.06746081693788461
28 0.2761221696435415 0.2350521879233553 0.05910354948690984 0.0584985747398008
28 0.10828070621267342 0.22078056874690702 0.058794424961875036 0.0452173247398008
28 0.03618880708635404 0.15911937245580868 0.05040069671336809 0.053360695386587186
28 0.3176024612466665 0.166827810379164 0.06524444671336811 0.054138623360319826
28 0.40439394642902765 0.16824754748886522 0.05574216014423623 0.048178550429541334
28 0.1590632626334374 0.1561725141334942 0.06847854948690975 0.05898989767057934
28 0.24031326263343739 0.1604306462002413 0.05648704255305557 0.04665699400710617