23 0.721875 0.5953125 0.03671875 0.0828125
23 0.5640625 0.61953125 0.0171875 0.04921875
23 0.60703125 0.62265625 0.03359375 0.04609375
23 0.37734375 0.62421875 0.02109375 0.05859375
6 0.21328125 0.6265625 0.040625 0.0578125
23 0.33984375 0.628125 0.01640625 0.0515625
23 0.528125 0.63125 0.040625 0.0671875
23 0.6609375 0.63046875 0.03671875 0.05546875
6 0.49140625 0.63125 0.03671875 0.06796875
6 0.2921875 0.6328125 0.0390625 0.06484375
6 0.42109375 0.63828125 0.0375 0.07578125
6 0.71875 0.68828125 0.0359375 0.05859375
6 0.62265625 0.68828125 0.06484375 0.0328125
23 0.840625 0.70703125 0.034375 0.06484375
6 0.97421875 0.7140625 0.02421875 0.059375
6 0.18984375 0.834375 0.05546875 0.0421875
23 0.8171875 0.85390625 0.04453125 0.0828125
23 0.859375 0.85546875 0.04765625 0.075
23 0.7703125 0.86015625 0.03046875 0.0796875
23 0.98828125 0.90234375 0.0234375 0.03046875
23 0.86171875 0.928125 0.034375 0.08203125
23 0.5421875 0.93125 0.03046875 0.0625
23 0.815625 0.9328125 0.0359375 0.07109375
23 0.690625 0.93203125 0.0390625 0.059375
6 0.90390625 0.93203125 0.034375 0.0484375
23 0.62734375 0.9328125 0.04140625 0.05078125
23 0.778125 0.934375 0.03671875 0.06328125
23 0.734375 0.93515625 0.0328125 0.06015625
6 0.18359375 0.946875 0.05625 0.04296875
23 0.41484375 0.9515625 0.053125 0.0265625
6 0.98828125 0.95390625 0.0234375 0.02578125
23 0.41796875 0.98984375 0.05859375 0.0203125
1 0.07734375 0.87421875 0.1546875 0.2515625
1 0.73203125 0.99609375 0.484375 0.0078125