23 0.4101683294191879 0.516543414596746 0.03330532366340595 0.02336687944567011
23 0.43871753462439 0.45677030831043963 0.03863756577089816 0.021277840570540718
1 0.5904620451477337 0.4607044451997078 0.1071886866481762 0.2083455010334573
1 0.7353573161944211 0.46118609635699964 0.0979046919098483 0.20947135339082212
1 0.9715223293486008 0.4682688120299841 0.02028022084904322 0.2144263730355293
1 0.8763463372411084 0.4614858109965268 0.099694705064028 0.213450377997928
23 0.4375561240022243 0.3556615725784633 0.019925363125944884 0.034430657981717336
23 0.481154205558138 0.33340773697032144 0.01390287628012441 0.03804580955329388
23 0.6054107529131846 0.3250944309316842 0.03730257892507769 0.025111315963434678
23 0.5297660108056924 0.3192211124870501 0.03707506577089816 0.021205065963434678
23 0.6673570160673643 0.32406277791236554 0.03767430524755433 0.018116453266987697
6 0.8336190528990672 0.3208393862655864 0.017627115756780755 0.035102746071058635
23 0.4306452423192537 0.24566798841806348 0.012567889434303935 0.04187928494618802
23 0.3792647528425975 0.24014142638357022 0.03216005261671846 0.017080492142117175
23 0.7758590317817926 0.24999603928490507 0.02382390785015538 0.047857457195929064
23 0.31898667647776846 0.18563155479578297 0.021116136803468067 0.04149829528527027
23 0.3566231843702762 0.18503439536632355 0.017300892065139982 0.042878858767505613
23 0.42252120015529177 0.18340342886476957 0.03206904735504672 0.015517992142117132
23 0.7718687527720103 0.18400716624937577 0.030400131541796327 0.04037244292790545
1 0.623567760664518 0.1747498285743193 0.23201438140062186 0.19779760690547882
1 0.8872130317112055 0.1807623498716563 0.10052916297065302 0.2010231526050339
6 0.45654686063628314 0.1372026710068867 0.022724139434303937 0.04235231989237613
23 0.7841860132247668 0.10702728928490506 0.017672618387616624 0.03588399607105859
23 0.4586469579066252 0.03389573448912207 0.017081084186749605 0.025727746071058565
23 0.8706387236916407 0.0483843434615155 0.01497255261671846 0.016279971463952724
23 0.8362182210608047 0.04756455210518663 0.018188557878390556 0.017988020678164428
23 0.9034057210608047 0.0506938602107385 0.021313557878390555 0.018133569892376154
23 0.7697664684299689 0.0452528813031877 0.018279563140062294 0.01955052067816443
23 0.8042779763224767 0.04451017265951656 0.01644404735504672 0.014790246071058577
6 0.9535877315841486 0.049897647638125944 0.022466534200867017 0.011175094499481997
23 0.6249089947383282 0.030672342842342958 0.015807010523343656 0.003852746071058577
23 0.6670509921074922 0.03341850723420111 0.011210515785015574 0.005196922249740998
23 0.7060224868458204 0.03680037241184754 0.00978452367752336 0.007467897642635146
23 0.5851107473691641 0.028035340361143597 0.012591005261671739 0.0021446968568468614
23 0.6095202561793049 0.9922625444567007 0.051001057878390196 0.015474911086598552
23 0.8783990587960236 0.9854084712033337 0.019508134172632197 0.029183057593332506
23 0.8081775640576954 0.9863017204259862 0.042589318401734036 0.022241027088305287
23 0.4605136087819061 0.9567917330413799 0.017672618387616624 0.03588399607105828
23 0.5153831193052498 0.9562138442900849 0.021897386803468068 0.041534682588823556
23 0.5458518693052498 0.9576329491286492 0.01546537628012441 0.038118584160399746
1 0.7147383771977576 0.9569415035135294 0.05794057359281872 0.08611699297294137
23 0.611787682445312 0.9419030953235424 0.036157307878390374 0.018824928659881834
1 0.9434472061228352 0.9352153127561097 0.017095036690528788 0.12956937448778055
23 0.8103994876928663 0.9347028331224333 0.031196792093374625 0.013919104838564067
6 0.620593535047913 0.9117618310555187 0.030688557878390376 0.018570217535011223
23 0.39447835608048304 0.8800793757216165 0.023186871018452494 0.03691995719592924
23 0.3266461139729908 0.8745699303125116 0.016845865756780754 0.03506635876750579
23 0.7883571586972015 0.8827571894087395 0.02553832629424182 0.023784256410140613
23 0.6458889376363967 0.8675045628585536 0.02529540258848364 0.046367731803034926
23 0.6076986928980685 0.86415908498446 0.02768465521931951 0.047258143713693815
23 0.8930369534214122 0.8743154507812789 0.019735647326811545 0.04455052067816467
23 0.7910040165614743 0.8507623267122926 0.03294130261671846 0.017116879445670106
23 0.47342937968741916 0.8022861695591447 0.021988392065139983 0.0430971825888232
23 0.5430061323182551 0.8047433895753553 0.012203868387616622 0.03562928494618802
23 0.5048613902107629 0.8006166617012618 0.020752115756780754 0.03524829528527036
23 0.4194167138741687 0.7747026710068867 0.03767430524755433 0.01811645326698752
6 0.7870060322759028 0.7714558163732103 0.04236180524755451 0.018334777088305287
23 0.5175125796309494 0.7448033093438969 0.03523954998588259 0.01644479135632899
23 0.3090476322476679 0.719426511991712 0.015146857864272967 0.03264983416039975
23 0.4061501454018475 0.7200322876322752 0.015738392065139984 0.04280608416039975
23 0.43822689803268344 0.7207429170779454 0.01629212891096028 0.03893622146395277
1 0.9157526585560273 0.7398505595487848 0.09823862087727804 0.188450377997928
1 0.663499913817699 0.7265349605011887 0.11008617349399667 0.20458480024766904
23 0.5232844374952224 0.7129539958616616 0.023983531570031146 0.010466619106587772
23 0.3603973006211671 0.6716825248119938 0.028807539462538934 0.013028692927905539
23 0.529974053252003 0.6787973196829792 0.03684755261671846 0.017298815963434678
23 0.42372405325200296 0.6738486463997809 0.036984060509226424 0.019642565963434677
23 0.5311949190087837 0.6443859323794262 0.032296560509226246 0.019424242142117087
23 0.5329240189805489 0.6146984323794262 0.03528505261671846 0.017226041356328815
23 0.5278038794756577 0.5815584466474499 0.029998313140062117 0.020096330231458383
23 0.4058301689381965 0.5641268899896401 0.02283055524755433 0.017425094499482086