6 0.503125 0.38125 0.03359375 0.02109375
6 0.41484375 0.37109375 0.03515625 0.0265625
6 0.56484375 0.39296875 0.03359375 0.02109375
6 0.53515625 0.4 0.0171875 0.04609375
23 0.4140625 0.39765625 0.03359375 0.02265625
6 0.34609375 0.43671875 0.03671875 0.025
6 0.5625 0.48359375 0.01875 0.03828125
23 0.3015625 0.4546875 0.03359375 0.02265625
6 0.34140625 0.4609375 0.03671875 0.02265625
6 0.12265625 0.43203125 0.03515625 0.0265625
6 0.34140625 0.4859375 0.03359375 0.02265625
6 0.12421875 0.46015625 0.03515625 0.025
6 0.33671875 0.51171875 0.03515625 0.02109375
23 0.29921875 0.5078125 0.03515625 0.02109375
6 0.29453125 0.53125 0.03359375 0.02265625
6 0.33359375 0.53671875 0.03203125 0.02109375
6 0.55546875 0.58828125 0.0171875 0.03671875
6 0.33515625 0.5640625 0.03515625 0.0265625
6 0.3359375 0.625 0.03359375 0.05703125
6 0.4953125 0.646875 0.0171875 0.03984375
6 0.36796875 0.6296875 0.0171875 0.04375
6 0.303125 0.6234375 0.03359375 0.05703125
6 0.47578125 0.64453125 0.0203125 0.03828125
6 0.45234375 0.64375 0.0171875 0.03984375
6 0.390625 0.63515625 0.0203125 0.0421875
6 0.6 0.76328125 0.03359375 0.02265625
6 0.59609375 0.7890625 0.03515625 0.02109375
6 0.303125 0.759375 0.03671875 0.02265625
6 0.59375 0.8125 0.03046875 0.02265625
6 0.53203125 0.8078125 0.03359375 0.02890625
6 0.59296875 0.840625 0.03203125 0.02109375
6 0.52890625 0.8328125 0.03359375 0.02109375
6 0.2984375 0.81171875 0.03359375 0.025
6 0.528125 0.8578125 0.03203125 0.02109375
6 0.590625 0.8640625 0.03359375 0.02265625
6 0.5890625 0.88984375 0.03359375 0.02109375
6 0.525 0.884375 0.03203125 0.02109375
6 0.5234375 0.90546875 0.03515625 0.025
6 0.58828125 0.915625 0.03203125 0.02265625
6 0.521875 0.9328125 0.03671875 0.01875
6 0.5859375 0.94375 0.03671875 0.025
6 0.51875 0.96953125 0.03359375 0.01875
6 0.41953125 0.9921875 0.01875 0.015625
6 0.4609375 0.9953125 0.021875 0.009375
6 0.440625 0.99375 0.015625 0.0125
6 0.48125 0.99921875 0.0171875 0.0015625
6 0.32734375 0.990625 0.02578125 0.01875
6 0.28203125 0.98828125 0.02421875 0.02265625
6 0.38984375 0.996875 0.02890625 0.00546875