6 0.3713366714464933 0.358779810791924 0.018078505983923597 0.03888145072563933
23 0.3915582524685419 0.3555828889222251 0.021112587005972294 0.035084328130301136
23 0.41265200246854195 0.35631949890369163 0.017987587005972118 0.03497520072563942
23 0.43679801728618084 0.35404023628981995 0.022729638392743112 0.03748264183263199
23 0.45707414969500026 0.35318706442012104 0.02116713839274311 0.037428078130301135
6 0.5918485399876043 0.34150057467174005 0.021203505983923777 0.038990578130301136
23 0.5489888927611462 0.34468757285764157 0.018114873575104263 0.04044395072563942
23 0.5209548117390975 0.3476116762156861 0.019604638392743113 0.03737351442797028
6 0.4780951645126391 0.35079867440158763 0.019641005983923775 0.038936014427970275
23 0.5685565103523267 0.34693211913677724 0.016425087005972294 0.03492063702330857
23 0.6339451210096531 0.3390675446346732 0.016425087005972117 0.03492063702330857
23 0.6534218196228823 0.3374058409138089 0.018114873575104086 0.04044395072563942
23 0.41766746399954896 0.40411215815951873 0.019641005983923775 0.038936014427970275
23 0.3990083829775003 0.40736364373154854 0.019550087005972206 0.035029764427970275
6 0.37722430195545176 0.41050600189891656 0.02129442496187508 0.042896828130301046
6 0.261492812023438 0.5360466605217715 0.026217661094166723 0.01965030108845909
6 0.31216495924989623 0.5331324808475243 0.02783471248093754 0.022048614790789855
6 0.12386683187506993 0.5929092410143253 0.017987587005972295 0.03497520072563933
23 0.15422647910152826 0.5892857332097771 0.014917138392743067 0.03720982332097762
6 0.21896112632798656 0.5868626268565075 0.0165160059839236 0.03882688702330839
23 0.17766397910152826 0.5901041887447398 0.016388719414791676 0.033358137023308566
23 0.19555999391916717 0.5876066713215448 0.01486258700597225 0.03486607332097762
6 0.2703424415824658 0.6144171971822604 0.02627221248093754 0.021994051088459088
6 0.3162725374221533 0.6089955764010206 0.029433580072118028 0.0236656784931208
23 0.14290842581489635 0.6396304735911302 0.02778016109416672 0.019704864790789856
23 0.14499825588701445 0.662341287293461 0.024582425911805574 0.01647073738612832
23 0.1479784387326742 0.6897668828469573 0.022184124525034755 0.014045141832631992
6 0.32664829939000056 0.6858581767638403 0.02778016109416672 0.019704864790789856
6 0.27761138734590335 0.6919519201404183 0.034121080072118025 0.02382936960011328
23 0.15092225398715337 0.7156299784004536 0.024582425911805574 0.01647073738612832
23 0.154610951650452 0.7399578558051154 0.02774379350298615 0.018142364790789855
23 0.15682806829170204 0.7681374195074462 0.020585256933854178 0.012428078130301046
6 0.33457120858430617 0.7579514315731638 0.03095971248093754 0.022157742195451746
6 0.28627917894902843 0.7625099568009073 0.032467661094166725 0.019868555897782515
23 0.16211563354618122 0.7940823606144387 0.024527874525034753 0.014126987386128142
23 0.1618617136182993 0.8167113287632732 0.026181293502986147 0.018087801088459088
23 0.36938392609923676 0.8450347693221119 0.016479638392743114 0.037264387023308386
23 0.377343202884723 0.9186905241314353 0.01633416802802081 0.031014387023308387
9 0.07311095098486191 0.959375 0.10345361474138896 0.08125
23 0.3598303541952439 0.9988182261540348 0.026090374525034755 0.002363547691930279