6 0.6859375 0.578125 0.03515625 0.06953125
6 0.52734375 0.5828125 0.0296875 0.06875
6 0.63984375 0.584375 0.028125 0.07109375
6 0.91953125 0.58671875 0.03671875 0.06015625
6 0.43671875 0.5875 0.03671875 0.071875
6 0.93828125 0.73046875 0.1078125 0.1375
6 0.63984375 0.7375 0.11328125 0.14140625
6 0.47421875 0.73828125 0.1203125 0.15859375
6 0.41875 0.01171875 0.0609375 0.0234375
6 0.29140625 0.01015625 0.0703125 0.0203125
23 0.35546875 0.01015625 0.05625 0.0203125
23 0.35625 0.0546875 0.04375 0.04765625
6 0.29453125 0.06015625 0.07109375 0.0484375
23 0.353125 0.11328125 0.0609375 0.03671875
6 0.2953125 0.115625 0.059375 0.0359375
1 0.72421875 0.25078125 0.5515625 0.5015625
6 0.2953125 0.165625 0.05859375 0.04453125
23 0.35625 0.171875 0.05390625 0.04609375
6 0.2953125 0.2140625 0.059375 0.0390625
23 0.41484375 0.22265625 0.06171875 0.040625
6 0.4140625 0.26875 0.05234375 0.040625
23 0.29140625 0.271875 0.0515625 0.03671875