6 0.10437747828386908 0.8293572361598356 0.012429379445670064 0.03247691897336082
23 0.32354485524833976 0.8125995231945236 0.023347608767505613 0.015766921444818748
23 0.3227807218737283 0.7961932731945235 0.022457196856846905 0.013391337946721472
6 0.288313676588458 0.778812113612703 0.02331122146395277 0.014985671444818749
1 0.19367326467779922 0.7803202168824637 0.16799448283649224 0.12459011760421675
6 0.9934933085175821 0.7466549633480605 0.013013382964835785 0.018269838935304605
6 0.8435277154635875 0.7507097464655967 0.02892552067816432 0.018333505931498982
6 0.8794652154635875 0.7492454055531258 0.029706770678164317 0.018365339429596263
6 0.7653299408564816 0.7523305962753163 0.026436221463952768 0.015113005437207505
6 0.8035748035529288 0.7499895048685538 0.02974315798171716 0.01914658942959626
6 0.7270123035529287 0.753109187682079 0.026654545285270358 0.019800505437207506
6 0.6511946662493757 0.755415786997507 0.026581770678164494 0.018238005437207504
6 0.6894759162493758 0.7538559455907443 0.02721747146395277 0.015144838935304605
6 0.6128770289458229 0.7561943784042695 0.025691358767505612 0.015862421939110406
6 0.572960504338717 0.7562553868072266 0.02899829528527036 0.01989600593149916
6 0.4948718916422699 0.7602199866169461 0.025691358767505612 0.01586242193911023
6 0.533898004338717 0.7578470617120863 0.024165246071058633 0.01658000494291585
6 0.41276786703516405 0.7620000039171517 0.02565497146395277 0.015081171939110405
6 0.45651786703516406 0.7602173280237088 0.02803510876750561 0.015957922433401706
6 0.37597634242805816 0.7619336783277199 0.026654545285270358 0.019800505437207506
6 0.3314450924280582 0.76374818771926 0.026472608767505613 0.015894255437207506
6 0.2898569059102935 0.7615291131184113 0.02565497146395277 0.015081171939110405
23 0.09494251219659984 0.7444238206465159 0.026399834160399795 0.014331755437207504
6 0.2874917311793532 0.7107478631184113 0.02409247146395277 0.015017504942915849
9 0.6031636571531479 0.6541543759328116 0.7936726856937042 0.11167750699444419
9 0.6108455705115488 0.5654592904575481 0.7783088589769026 0.14678733604391708
6 0.8495785465236153 0.4772894925112642 0.02739940798171716 0.019051088935304605
6 0.5727977227022978 0.4838710508376714 0.026545383374611476 0.017456755437207504
6 0.6571727227022978 0.48043303304317425 0.025764133374611475 0.017424921939110227
6 0.430501060791639 0.48732099749136104 0.02412885876750561 0.015798754942915848
6 0.35308453618453317 0.4889100138029834 0.023347608767505613 0.015766921444818748
6 0.2982878742738744 0.48879460866978713 0.025764133374611475 0.017424921939110403
23 0.3190177512383451 0.48012260422116276 0.012283830231458381 0.029351918973360824
23 0.33229900123834505 0.47958143475351045 0.012320217535011224 0.030133168973360824
6 0.2975965155063688 0.47395085866978715 0.022420809553293886 0.012610087946721648
6 0.9818387748119937 0.3591867968461576 0.027326633374611477 0.017488588935304604
6 0.9419586375084407 0.36002905524911466 0.02647260876750579 0.015894255437207506
6 0.8207921129013348 0.36340074745418 0.025727746071058634 0.016643671939110226
6 0.780875588294229 0.3634617558571369 0.02650899607105863 0.016675505437207506
6 0.7019693382942289 0.3666769391649537 0.024946496071058633 0.01661183844101304
6 0.6254068382942289 0.36979662197847885 0.02718108416039975 0.014363588935304605
6 0.7417767009906762 0.36427218076199674 0.02331122146395259 0.014985671444818749
6 0.6652142009906761 0.36739186357552195 0.025800520678164317 0.018206171939110227
6 0.4284590636871231 0.3762561634989722 0.02561858416039975 0.014299921939110227
6 0.5870528136871231 0.3697939633852415 0.024982883374611475 0.017393088441013126
6 0.5096726763835703 0.37216422969686386 0.02501927067816432 0.018174338441013037
6 0.46904767638357026 0.37381957159791807 0.02643622146395259 0.015113005437207417
6 0.3502612890800173 0.37787701330869183 0.02643622146395268 0.015113005437207505
6 0.3151050390800173 0.3793095207230656 0.02323844685684682 0.01342317144481866
6 0.38928740177646437 0.375504088403832 0.02799872146395268 0.015176672433401883
6 0.5478811517764643 0.3690418882901013 0.02569135876750579 0.01586242193911023
23 0.2884333771693585 0.37804810965837027 0.012429379445670108 0.03247691897336073
6 0.27329637468815915 0.33874552912602257 0.01202911910658786 0.023883168973360736
9 0.6083112677826803 0.28483137296706207 0.7833774644346395 0.1386565010629452
9 0.8029346788647697 0.88997783490661 0.39413064227046063 0.13332442494204103
9 0.6058369311410812 0.17858137296706206 0.7883261377178377 0.13865650106294525
6 0.9937398550969284 0.0862612914089502 0.012520289806143125 0.036478669467652325
6 0.9113271058720216 0.08888622570535014 0.01633562944567011 0.03263608646384673
6 0.7495719685684685 0.09469450981146965 0.01402826674922295 0.03332183596955511
6 0.6525878066578098 0.09629811357552193 0.015663541356328813 0.034948002965749514
6 0.4658326693542569 0.1031250696207517 0.01406465405277597 0.034103085969555115
6 0.41263489474715104 0.10372724749136102 0.018007291356328815 0.035043503460041106
6 0.3422496201400452 0.10502976232010863 0.01580909057054054 0.03807300296574954
6 0.2976819828364922 0.1060630217116488 0.013955492142117176 0.031759335969555116
23 0.2843279582293864 0.10504169117930111 0.01246576674922295 0.03325816897336074
23 0.20431297249741004 0.10125745798521509 0.037737594499482 0.023371174410568196
6 0.14993368755122197 0.09329771935392159 0.012429379445670108 0.03247691897336073
23 0.09052230024766901 0.09493581520930847 0.012502154052775927 0.034039418973360734
6 0.17645980024766902 0.09143413041861695 0.012992305624352518 0.027821252471457926
23 0.10305868755122194 0.09520772923975333 0.010721330231458381 0.029288251977166356
6 0.19128427956950458 0.07360996045667302 0.014700354838564245 0.031009919467652323
23 0.21252142473094038 0.04221803901185434 0.03911815798171734 0.019528591406762587
23 0.07107878742738744 0.04719865216744677 0.025727746071058565 0.01664367193911027
23 0.06953340405277594 0.03082423566554397 0.02480094685684686 0.01348683844101307
6 0.24040883023145837 0.019165199582258104 0.02718108416039975 0.01436358893530466
23 0.06798802067816442 0.014449819163641167 0.024092471463952724 0.015017504942915871
6 0.21684289764263515 0.005077477756878574 0.01181079528527027 0.010154955513757148
23 0.0690047111248705 0.004322744068500953 0.025509422249741 0.008645488137001906
1 0.14464256596343472 0.03421849110275143 0.12053513192686945 0.06843698220550286
6 0.18375891728283306 0.8699557198482133 0.013247016749222995 0.03329000247145793
6 0.213482804586386 0.8695272969205197 0.014282977874093472 0.03879058596955502
23 0.1025624212117745 0.8576095701522244 0.027217471463952723 0.015144838935304605