23 0.10843789370918451 0.9669527366541271 0.021078787427387446 0.05076400395433254
23 0.1529498730310201 0.9479188937644899 0.025727746071058544 0.01664367193911005
6 0.8960020521051867 0.8017974025873762 0.04796661910658777 0.025347509885831697
6 0.936481502890975 0.797017060686322 0.02639983416039975 0.014331755437207504
23 0.8624981933376809 0.7882906595074585 0.012211055624352696 0.027789418973360645
6 0.749925418730575 0.7913121832334546 0.051982031017246653 0.02785042737631791
6 0.671055556034128 0.7953086165412715 0.05112800641014079 0.026256093878220456
6 0.8628599123204342 0.7624457425112641 0.02565497146395259 0.015081171939110228
6 0.9078085392849051 0.7527868996216267 0.02158820967712849 0.061701503954332715
23 0.8663830186067406 0.7372547415226809 0.011538967535011223 0.030101335475263547
23 0.8538466313031877 0.7369828274922361 0.012283830231458381 0.029351918973360824
23 0.6439429383752823 0.7173573714841873 0.026545383374611476 0.017456755437207504
23 0.6868924176971178 0.6983871955907444 0.021006012820281583 0.04920150395433272
23 0.5127635589296122 0.6906104821683219 0.01877142473094029 0.051449753460041235
6 0.9172327351082945 0.6694332301539744 0.02244223428423453 0.06329583745242999
28 0.6369801548768362 0.6518915389746732 0.08005998924663302 0.1451798488211363
28 0.5633243310555187 0.6501963877958097 0.0726841368892682 0.1542365138401646
6 0.5115071199306482 0.6468286486702246 0.01246576674922295 0.03325816897336083
23 0.6383670647205804 0.4631964534994097 0.03933648180303493 0.02421609140676253
6 0.31541540818660513 0.4027788542211628 0.020858309553293975 0.012546420950527094
23 0.8963379224546287 0.3720634816368492 0.010830492142117265 0.031632001977166355
23 0.966031838294229 0.35591721680810157 0.01168451674922295 0.033226335475263546
23 0.9378704509906761 0.3562819727396006 0.012356604838564067 0.030914418973360735
23 0.9190840636871231 0.3562647266939333 0.013101467535011225 0.030165002471457925
23 0.9511153136871231 0.3549595532719483 0.013101467535011225 0.030165002471457925
6 0.6126157398658055 0.3640559579480341 0.014882291356328991 0.0349161694676523
6 0.6266418525622527 0.3627017049822845 0.013356178659881835 0.035633752471457926
6 0.5461003279551468 0.3644180552862957 0.011648129445670109 0.03244508547526355
6 0.7187201906515939 0.3566016022068154 0.010794104838564245 0.030850751977166357
6 0.24286616604448802 0.3744257025480076 0.013210629445670108 0.03250875247145792
6 0.21470477874093508 0.37479045847950665 0.012392992142117087 0.031695668973360736
23 0.22869450413382922 0.37265495551375716 0.01459119292790545 0.028666169467652304
23 0.8854517723307943 0.32319490011591834 0.010794104838564068 0.030850751977166267
23 0.8339063889561829 0.30885782749223606 0.025727746071058634 0.016643671939110226
23 0.15985030479578297 0.32301705285201876 0.014028266749223039 0.03332183596955511
23 0.10203780479578298 0.3253727317112113 0.01146619292790545 0.028538835475263546
23 0.13087128018867714 0.32263239228161505 0.014173815963434722 0.036446835969555204
23 0.1456786428851242 0.3212463058177683 0.014773129445670063 0.032572419467652304
23 0.11837128018867712 0.32314172825117016 0.016408404052775927 0.03419858646384668
6 0.7883541404039248 0.2551399198875818 0.011575354838564245 0.030882585475263548
6 0.09598470388616018 0.27943814920169724 0.027290246071058587 0.016707338935304693
23 0.7865347752262783 0.2160774198875818 0.013882717535011224 0.030196835969555202
9 0.9892851029776647 0.19744708431663116 0.021429794044670557 0.3948941686332623
23 0.7848973465663966 0.1809211698875818 0.013955492142117087 0.031759335969555116
9 0.8767017028527029 0.15213298361401553 0.1753447181541837 0.2824026176042167
9 0.43104244644256207 0.1599937766731552 0.5776371182780183 0.3199875533463104