6 0.1734375 0.853125 0.0859375 0.15
1 0.83046875 0.8984375 0.0625 0.09140625
23 0.08671875 0.90546875 0.02265625 0.0671875
23 0.05703125 0.94453125 0.0265625 0.1109375
6 0.7859375 0.99609375 0.03984375 0.00703125
6 0.24609375 0.96484375 0.1078125 0.0703125
23 0.83203125 0.99609375 0.04375 0.00703125
23 0.15546875 0.99609375 0.01875 0.00703125
1 0.4578125 0.00546875 0.05859375 0.0109375
23 0.4109375 0.046875 0.03203125 0.09375
28 0.13984375 0.05390625 0.0734375 0.1078125
23 0.22734375 0.078125 0.04921875 0.15625
6 0.31171875 0.0625 0.084375 0.12421875
6 0.48359375 0.0578125 0.040625 0.03046875
23 0.45859375 0.090625 0.04140625 0.02890625
23 0.55625 0.11171875 0.0578125 0.2234375
23 0.7875 0.1140625 0.0578125 0.22734375
23 0.70546875 0.1109375 0.05390625 0.221875
23 0.6296875 0.1265625 0.05703125 0.2421875
1 0.47265625 0.16640625 0.06328125 0.08046875
28 0.1359375 0.17109375 0.0609375 0.07890625
23 0.1890625 0.21171875 0.03984375 0.02578125
23 0.23125 0.2125 0.0421875 0.02734375
28 0.30546875 0.21484375 0.07265625 0.1734375
6 0.48046875 0.25390625 0.0671875 0.0890625
6 0.8765625 0.253125 0.090625 0.1265625
23 0.37265625 0.29140625 0.03515625 0.14609375
23 0.25 0.32578125 0.021875 0.07265625
23 0.22421875 0.32890625 0.0203125 0.06796875
6 0.20078125 0.33125 0.01796875 0.0625
6 0.4671875 0.34765625 0.03828125 0.0234375
23 0.40625 0.35078125 0.0375 0.03359375
23 0.31875 0.38671875 0.0421875 0.03125
23 0.21015625 0.42578125 0.0203125 0.06328125
1 0.45859375 0.453125 0.1046875 0.175
6 0.32421875 0.4796875 0.0828125 0.11484375
1 0.86640625 0.48828125 0.05 0.0921875
23 0.3765625 0.5203125 0.0359375 0.028125
23 0.88828125 0.5828125 0.03984375 0.02890625
6 0.8390625 0.5828125 0.04375 0.0296875
9 0.08671875 0.63125 0.1734375 0.109375
1 0.83359375 0.73046875 0.075 0.06796875
9 0.084375 0.7421875 0.16875 0.109375