23 0.7859375 0.015625 0.0234375 0.0140625
6 0.340625 0.20703125 0.0265625 0.0171875
6 0.37734375 0.20625 0.0265625 0.01953125
6 0.30234375 0.20859375 0.02421875 0.01796875
6 0.2265625 0.209375 0.02890625 0.01640625
6 0.265625 0.209375 0.02578125 0.0171875
6 0.18671875 0.21015625 0.025 0.015625
6 0.14921875 0.21171875 0.02578125 0.015625
6 0.109375 0.21171875 0.025 0.01484375
6 0.0734375 0.21171875 0.02421875 0.015625
6 0.034375 0.21328125 0.02734375 0.01640625
6 0.00546875 0.2140625 0.0109375 0.0140625
6 0.9453125 0.25234375 0.0296875 0.0203125
23 0.99921875 0.28984375 0.00078125 0.0328125
23 0.9421875 0.29765625 0.0296875 0.0171875
9 0.27890625 0.321875 0.5578125 0.078125
9 0.2890625 0.41015625 0.578125 0.1140625
6 0.92734375 0.42421875 0.009375 0.03203125
6 0.3109375 0.48203125 0.02578125 0.01796875
6 0.3875 0.4828125 0.0265625 0.01640625
23 0.46015625 0.48359375 0.02890625 0.01484375
6 0.075 0.48515625 0.0296875 0.01875
6 0.009375 0.48515625 0.01875 0.01875
23 0.9375 0.496875 0.02734375 0.01328125
23 0.9375 0.51484375 0.02734375 0.0125
6 0.99921875 0.56796875 0.00078125 0.01171875
6 0.4015625 0.596875 0.025 0.01875
6 0.325 0.596875 0.02578125 0.01796875
6 0.28671875 0.596875 0.02578125 0.015625
6 0.36328125 0.59765625 0.02734375 0.01640625
6 0.2375 0.59765625 0.0265625 0.01484375
6 0.12109375 0.6 0.02578125 0.015625
6 0.16015625 0.60078125 0.0265625 0.0140625
6 0.19765625 0.60078125 0.02734375 0.01484375
6 0.04375 0.6015625 0.02734375 0.01796875
6 0.00703125 0.6015625 0.0140625 0.015625
6 0.0828125 0.6015625 0.0265625 0.015625
9 0.2734375 0.690625 0.54609375 0.10625
9 0.07109375 0.07890625 0.1421875 0.11484375
9 0.2703125 0.796875 0.540625 0.10625
6 0.81328125 0.8 0.02890625 0.01640625
6 0.1078125 0.8703125 0.01484375 0.0328125
6 0.21015625 0.8734375 0.0140625 0.0359375
6 0.7453125 0.95625 0.02734375 0.0171875