23 0.1156782079066252 0.009934695099518527 0.013956084186749606 0.019869390199037055
23 0.056394213168297055 0.008428930107623854 0.033722552616718485 0.016857860215247707
23 0.31752142896743 0.011100107941190724 0.01588260523343692 0.022200215882381448
6 0.3447286710749223 0.012639058106679169 0.018453868387616625 0.025278116213358338
23 0.6507511579207426 0.007051452958528678 0.016800363125944885 0.014102905917057356
1 0.44138386319653194 0.03165125051785595 0.13828052097610027 0.0633025010357119
1 0.22088935267318824 0.04015675377414829 0.14337754465362354 0.08031350754829658
23 0.05416458425733676 0.046562476840636205 0.03390456314006218 0.020278266749223006
23 0.5530725211172746 0.04202460256676184 0.03385906050922625 0.019497016749222995
23 0.05477923428557162 0.07614081492997742 0.03818253946253887 0.013465340570540585
23 0.6263812185005561 0.05419280872923361 0.023058068401734032 0.02133134449948202
23 0.3115451737763454 0.08210175475751094 0.017255389434304026 0.04209760876750564
23 0.5473916685146735 0.07267528908452649 0.020259292093374803 0.013409682588823224
23 0.04836263431380648 0.10604663875129498 0.046958299985882565 0.01699060090962279
23 0.8291576080054472 0.07747183519836628 0.025067889434303936 0.042461481803034926
23 0.6314103527437754 0.08824032299725726 0.028526818401734034 0.021586055624352517
1 0.9515940501270569 0.08891014123700355 0.08620978676111583 0.08894052956950457
23 0.050585286972877286 0.13477095223353036 0.03896378946253887 0.013501727874093516
23 0.09301571067863548 0.15538951323456635 0.024233431527678782 0.054888707195929066
23 0.0456401817394403 0.16616650144774206 0.03602079998588257 0.01648117865988179
23 0.42218029493597226 0.18914365922457163 0.1566209972985769 0.08053302419282109
23 0.7532937870434645 0.17605919251812988 0.1779422604527566 0.08542173138875016
23 0.25458327125844893 0.20396179218489835 0.15386772362105355 0.07339261228216235
23 0.5827082712584489 0.18867912469266832 0.15593075256024883 0.0820591368892682
6 0.02766445548755079 0.2340089729116948 0.042452810509226266 0.019897277088305288
23 0.9749111818100274 0.19690242370199226 0.01657284997176518 0.030378858767505658
23 0.9070411423474886 0.21175048180754413 0.02742704998588259 0.016080918320799588
23 0.8822462686982002 0.24952446361057906 0.03050654735504672 0.015445217535011314
23 0.885250171357271 0.2782123897892615 0.033813557878390556 0.01871576674922295
23 0.8811773213855059 0.30800905169992027 0.032069047355046364 0.015517992142117177
6 0.8750869451053813 0.34569098821768496 0.03693855787839055 0.018861315963434676
23 0.04798611881113962 0.40680861807313057 0.021116136803468067 0.04149829528527036
23 0.8808063240869289 0.3812646151821556 0.03450380261671846 0.01718965405277597
23 0.7906440556710774 0.3909179050907424 0.040063557878390374 0.019006865177646493
23 0.8783869793768357 0.40942600248570854 0.028898544724210495 0.014591192927905538
23 0.7847811925451327 0.42469359160850706 0.04042757892507787 0.025256865177646404
23 0.23244514782092196 0.46366427791687476 0.037719807878390375 0.018897703266987698
1 0.9678821188817267 0.4379811879700159 0.02810667335282204 0.3488013730355293
6 0.8739046057275471 0.44625391439636736 0.030825065770898163 0.020913967535011225
23 0.04537008205002384 0.49185570616247176 0.022542128910960302 0.039227319892376045
23 0.7763470662650083 0.4624846900369305 0.044106315770898165 0.02153255169541115
23 0.22593754258748494 0.49513260173819235 0.03294130261671846 0.017116879445670106
23 0.8721755057557822 0.47594141439636733 0.025174305247554686 0.01753425641014079
23 0.10678572418575094 0.5209395845746846 0.03790181840173403 0.022022703266987697
23 0.7798592031390635 0.49582372891206 0.03841005261671846 0.01737159057054054
6 0.22710592946154023 0.5285808025239807 0.04047308155591374 0.026038115177646405
23 0.875042900522345 0.5069730905750498 0.03413978157003115 0.010939654052775971
6 0.7789568557981343 0.524693591608507 0.04323406050922625 0.01993366439185813
1 0.4895303347514469 0.5444068939230907 0.378379689137838 0.36979038502724126
23 0.22427706107392362 0.5637734398275335 0.02586454998588259 0.01600814371369381
6 0.8709322531955334 0.5507958651821556 0.03445829998588259 0.016408404052775973
23 0.7731394953030255 0.5576880281262717 0.02986180524755433 0.01775258023145838
6 0.026272200578814787 0.6057191530193187 0.04879381577089812 0.02175087551672874
23 0.870811155854604 0.5796293405750499 0.041163326294241645 0.024512002481199245
23 0.22021962165373704 0.6200598271310864 0.037856315770898076 0.021241453266987696
23 0.8714790137894642 0.6216712913608381 0.03459480787839055 0.018752154052775794
23 0.2213880085277923 0.6535080279168748 0.026554794724210674 0.014482031017246655
23 0.09442369012605825 0.6796788837888963 0.031560813140062184 0.020169104838564246
23 0.21965890855602715 0.6831955279168748 0.033813557878390375 0.01871576674922295
23 0.2167390349067387 0.7199506652204277 0.02898954998588259 0.01615369292790536
23 0.7358607612292154 0.7027843583577301 0.02093412628012441 0.03837329528527036
6 0.8286475007058716 0.7015792692349316 0.02332337891096046 0.039263707195929066
23 0.7957439954441998 0.7046700359841547 0.018036639434303937 0.04213399607105863
1 0.016181652941419468 0.7530500713401181 0.032363305882838936 0.20952485731976367
23 0.4117260402389977 0.7833281528144309 0.019553636803468066 0.0414255206781645
23 0.6678850349773259 0.7729556172490702 0.01937162628012441 0.038300520678164494
23 0.6350270323464899 0.7752651339982932 0.02415013154179633 0.040081344499482086
23 0.4404047770848181 0.7858880725829724 0.021988392065139983 0.0430971825888232
23 0.3762967744539822 0.7896530814743127 0.023596394695975853 0.04395120719592889
6 0.4747797770848181 0.7842870312266437 0.01715667889684287 0.053779971463952594
23 0.3379700218231463 0.7922173093484062 0.020380389434303935 0.042243157981717336
23 0.3035040165614744 0.7953808507047351 0.019098610495108838 0.03361302067816432
1 0.15028801129980257 0.8040752622011091 0.06274989995764768 0.047333072373575646
23 0.5233236928980686 0.8069582437992562 0.021806381541796326 0.0399721825888232
23 0.5528291823747249 0.8087005262642449 0.01312162628012441 0.03800942224974087
23 0.5846329192205453 0.8111148968185748 0.01978114995764777 0.04533177067816432
23 0.3892448245104519 0.8482639480997012 0.020425892065139985 0.04302440798171716
23 0.353261821879616 0.8507190140631359 0.024696163111827298 0.04945634449948209
23 0.42274756924878004 0.8482617940469253 0.022451123649288363 0.03766481989237604
23 0.3209120534637645 0.857679643508806 0.024195634172632197 0.04086259449948208
23 0.2459197587395538 0.8744176873463342 0.013675363125944796 0.03413955955329371
6 0.15750200084704602 0.880873202647815 0.031226884172632106 0.041190080231458384
6 0.20281450084704603 0.8787627390417452 0.031082671004335084 0.052091192927905185
23 0.11209849558537419 0.8845461662538849 0.017445105233437008 0.03197774607105828
23 0.017549933977269127 0.897724716501554 0.035099867954538254 0.017626301695410972
23 0.7261687008611635 0.8691906083577301 0.041717063140062294 0.02064213978475209