6 0.06953125 0.0203125 0.07734375 0.040625
23 0.16953125 0.10546875 0.04296875 0.0296875
23 0.0265625 0.10625 0.04140625 0.03125
6 0.659375 0.1078125 0.03828125 0.02734375
6 0.3765625 0.10703125 0.0421875 0.0359375
23 0.5953125 0.10703125 0.03984375 0.03203125
6 0.090625 0.1078125 0.0453125 0.03828125
23 0.4546875 0.109375 0.04296875 0.03046875
23 0.31171875 0.1078125 0.0421875 0.03828125
6 0.2328125 0.10859375 0.0421875 0.0359375
6 0.51796875 0.11015625 0.04296875 0.0328125
1 0.078125 0.228125 0.09765625 0.15859375
1 0.2203125 0.23046875 0.1 0.1625
1 0.36171875 0.23125 0.0953125 0.1578125
1 0.50546875 0.23125 0.0953125 0.14609375
1 0.64765625 0.23125 0.0953125 0.15390625
6 0.85546875 0.2921875 0.134375 0.13984375
23 0.309375 0.340625 0.040625 0.03046875
23 0.55 0.340625 0.04140625 0.03046875
23 0.453125 0.34140625 0.03984375 0.02890625
23 0.01484375 0.34296875 0.0296875 0.025
23 0.16953125 0.34375 0.03984375 0.03359375
6 0.975 0.39609375 0.0421875 0.03125
6 0.9734375 0.434375 0.040625 0.03359375
23 0.921875 0.4359375 0.04140625 0.0296875
23 0.921875 0.47578125 0.040625 0.03515625
23 0.975 0.47578125 0.0421875 0.0359375
6 0.1421875 0.50390625 0.07890625 0.2078125
6 0.73203125 0.56640625 0.1984375 0.25859375
9 0.3734375 0.5671875 0.07890625 0.153125
9 0.4453125 0.5734375 0.05703125 0.15546875
6 0.24375 0.57734375 0.1109375 0.14609375
23 0.48671875 0.60859375 0.0203125 0.059375
23 0.51015625 0.60859375 0.0203125 0.06015625
23 0.11171875 0.6453125 0.03984375 0.02890625
23 0.1625 0.64453125 0.040625 0.02734375
23 0.6671875 0.6671875 0.040625 0.03359375
23 0.9 0.66796875 0.021875 0.0640625
23 0.43359375 0.684375 0.01953125 0.05078125
9 0.04609375 0.68359375 0.0625 0.13828125
23 0.4578125 0.68515625 0.0171875 0.05234375
1 0.603125 0.68984375 0.053125 0.090625
23 0.6671875 0.71328125 0.0421875 0.03125
23 0.7234375 0.7140625 0.0421875 0.03125
23 0.78046875 0.715625 0.040625 0.03203125
1 0.86484375 0.7453125 0.103125 0.0703125
1 0.5125 0.7453125 0.05078125 0.15234375
6 0.23515625 0.76171875 0.0796875 0.11328125
1 0.71484375 0.775 0.0625 0.07578125
1 0.65234375 0.77578125 0.04296875 0.0625
6 0.5921875 0.77890625 0.0390625 0.0296875
1 0.16328125 0.7875 0.075 0.17578125
6 0.54765625 0.821875 0.01953125 0.065625
6 0.8 0.8234375 0.02265625 0.065625
23 0.59296875 0.83515625 0.04296875 0.0328125
23 0.74765625 0.84921875 0.02109375 0.06796875
1 0.696875 0.85234375 0.04375 0.06015625
1 0.6515625 0.85390625 0.04375 0.059375