1 0.74453125 0.25234375 0.5109375 0.5046875
23 0.38046875 0.3109375 0.028125 0.01328125
6 0.37734375 0.34296875 0.03046875 0.01796875
23 0.378125 0.375 0.02265625 0.01328125
6 0.29453125 0.39921875 0.04609375 0.01875
6 0.1859375 0.4015625 0.03984375 0.02734375
23 0.375 0.40234375 0.02578125 0.0125
23 0.375 0.43046875 0.02578125 0.0140625
23 0.37734375 0.45234375 0.02578125 0.01015625
23 0.23203125 0.50625 0.0109375 0.02734375
23 0.1234375 0.509375 0.021875 0.03828125
23 0.2921875 0.51015625 0.0109375 0.03125
23 0.2609375 0.5109375 0.01328125 0.02890625
6 0.83203125 0.59140625 0.01796875 0.04296875
6 0.9296875 0.59609375 0.015625 0.03125
6 0.8953125 0.596875 0.01796875 0.03359375
23 0.57578125 0.61484375 0.01015625 0.034375
23 0.6328125 0.61796875 0.0109375 0.0359375
23 0.60625 0.6171875 0.01484375 0.03515625
23 0.6578125 0.6171875 0.01875 0.03125
23 0.68515625 0.61875 0.01328125 0.02890625
23 0.71171875 0.61875 0.01875 0.03828125
23 0.73828125 0.62109375 0.015625 0.0265625
23 0.76796875 0.621875 0.01796875 0.02734375
23 0.4625 0.665625 0.01953125 0.03359375
23 0.490625 0.6671875 0.01171875 0.03203125
23 0.51953125 0.67109375 0.01796875 0.03125
23 0.959375 0.69609375 0.02265625 0.009375
23 0.996875 0.696875 0.00625 0.01484375
23 0.959375 0.7234375 0.0265625 0.01640625
23 0.99765625 0.725 0.0046875 0.01484375
6 0.05390625 0.73046875 0.0296875 0.0828125
6 0.18828125 0.73203125 0.028125 0.07578125
6 0.1203125 0.734375 0.02421875 0.0765625
6 0.94375 0.76953125 0.01328125 0.02734375
28 0.8109375 0.77421875 0.0609375 0.04609375
28 0.63984375 0.77734375 0.06484375 0.0640625
28 0.71875 0.7796875 0.0578125 0.05546875
28 0.88671875 0.78515625 0.0578125 0.0421875
28 0.96015625 0.84296875 0.04921875 0.05078125
28 0.67890625 0.85 0.0640625 0.05078125
28 0.5921875 0.853125 0.0546875 0.0453125
28 0.8375 0.85234375 0.0671875 0.05546875
28 0.75625 0.85234375 0.05546875 0.04375