23 0.06274941599046838 0.03046875 0.019622753246410874 0.05
23 0.10776190706201463 0.04765625 0.025272735389503385 0.015625
6 0.983024959821958 0.07734375 0.03167273985373029 0.02421875
6 0.8541811651796895 0.16328125 0.047284103084255236 0.0234375
6 0.8947516181017889 0.16640625 0.026013075081078085 0.01328125
23 0.8211095665596613 0.178125 0.011414786931630871 0.02734375
6 0.7085822930207109 0.1796875 0.05123126339268058 0.02578125
6 0.6296896797901861 0.17890625 0.05042273985373029 0.02421875
6 0.8222220531669805 0.20390625 0.025245461850553142 0.0140625
6 0.8673981854722289 0.21171875 0.019813668019063257 0.0609375
23 0.8264731765437752 0.22890625 0.010674447240056395 0.0296875
23 0.8139595397743001 0.2296875 0.011442060470581338 0.02890625
23 0.6048748660731939 0.2578125 0.026067622158978666 0.01640625
23 0.6483248571447401 0.275 0.019595479707460582 0.0484375
23 0.4746282585247119 0.28984375 0.017292640015886106 0.05078125
6 0.8792339379078609 0.29453125 0.020622191558013724 0.0625
28 0.5998231274372796 0.3234375 0.07591939204448099 0.1421875
28 0.5263038068204287 0.328125 0.06827053327818292 0.1515625
6 0.4746458494341024 0.33359375 0.011510244317956974 0.0328125
23 0.6066929159937636 0.51171875 0.03867671631477983 0.02265625
6 0.2858798096630977 0.58515625 0.02051705154212753 0.01171875
23 0.8670070787378211 0.5921875 0.009920470779006863 0.03125
23 0.9370877536567435 0.60546875 0.01072899431795733 0.0328125
23 0.908949116887268 0.60625 0.011469334009531451 0.03046875
23 0.890185480117793 0.60703125 0.012236947240056395 0.0296875
23 0.9222167301177929 0.60703125 0.012236947240056395 0.0296875
6 0.5838536595009419 0.61171875 0.013881267856907442 0.034375
6 0.5979025227314667 0.6125 0.012332404626382677 0.03515625
6 0.5174064991925164 0.6140625 0.010715357548481918 0.03203125
6 0.6900491124230412 0.61484375 0.009906834009531629 0.03046875
6 0.21424058888409087 0.61640625 0.01227785754848192 0.03203125
6 0.18610195211461572 0.6171875 0.011482970779006818 0.03125
23 0.20013717857566538 0.61875 0.013772173701106106 0.028125
23 0.8575542122608855 0.64140625 0.009906834009531452 0.03046875
23 0.8064865901019068 0.6578125 0.025272735389503607 0.015625
23 0.13281726502082897 0.67109375 0.013072744317957153 0.0328125
23 0.07500476502082898 0.67109375 0.010647173701106127 0.028125
23 0.10388374148187865 0.67265625 0.013127291395857821 0.0359375
23 0.11871385471240348 0.6734375 0.013840357548481962 0.03203125
23 0.09138374148187864 0.67265625 0.015430131087432297 0.03359375
6 0.7625496294691698 0.71328125 0.01068808400953163 0.03046875
6 0.07029394562179395 0.7171875 0.026835235389503387 0.015625
23 0.7618677909954114 0.75234375 0.013018197240056395 0.0296875
9 0.9754120937553548 0.78203125 0.028662157058719374 0.43359375
23 0.7612541363690287 0.7875 0.013045470779006862 0.03125
9 0.8537865097458232 0.8125 0.16731377962473495 0.27578125
9 0.4088325198920929 0.83671875 0.5681728961016705 0.325