23 0.34116337163291155 0.9613442054501448 0.05460392836490087 0.05729663402808356
23 0.16975394524517695 0.9211706171530427 0.022998442699356934 0.1240649825768049
23 0.204432692773719 0.9082241838505984 0.028371692205065368 0.12191220553496293
23 0.29076944079655265 0.895820898371236 0.025790520265955054 0.09685764183263217
23 0.21075433554962567 0.7945609879342824 0.04830484882113639 0.07501984736759493
6 0.27087875205152845 0.7916790353945445 0.05039393083635879 0.06885169292109108
23 0.3326147480971957 0.7707464873013101 0.04618393330781671 0.08040675181409859
23 0.532328246614321 0.7567310834029607 0.0592251027754692 0.09412451143274544
23 0.16459957714666867 0.756272303450712 0.029838691710773756 0.11962301923729371
23 0.48381249216569666 0.7373015263240518 0.030556274714579244 0.1180878010884591
23 0.44492640570184994 0.7237945870311577 0.03731561068413445 0.13080605589778252
23 0.23064372980840703 0.6874652505481542 0.025660527680328914 0.13195932813030103
23 0.197831229808407 0.6886110882971022 0.03191052768032891 0.13217758293962448
23 0.5262918108350463 0.6661879289564571 0.0464386012925944 0.0866567518140986
23 0.44420221102532675 0.5908183959241653 0.02921660920125966 0.12350198738612832
23 0.4785453775272295 0.5888367444728864 0.030061526197454214 0.1250917692372937
6 0.636884459542452 0.5770485286863045 0.055894514334456066 0.06982391587924912
23 0.5264735415576745 0.5746452697006299 0.04839769072219049 0.11559028366526398
6 0.16139502821180152 0.5240227986413885 0.02805335722409339 0.11409970553496293
23 0.19551536022702395 0.5165723971901096 0.027463108212676522 0.11875992368379755
6 0.6301622742574688 0.4888764060909662 0.07166143577927464 0.09299852105139231
6 0.8966812707974278 0.46313976299238985 0.040509594866803764 0.05602431070710594
6 0.842647686805039 0.46189721072280443 0.03885159437251211 0.053625997004775175
6 0.455451434333581 0.4636829770496912 0.06053293479069151 0.08792907513507622
23 0.5266897643716371 0.4455480467424719 0.04094994665368965 0.14341518330244424
23 0.2571757604173044 0.436183003543379 0.0372028641441756 0.14718502404661712
6 0.32817400992301277 0.4313566050873251 0.025023857718384956 0.11633432813030105
23 0.3586109264249156 0.42951136289187347 0.032037861672717674 0.13530258293962447
23 0.2904830089344296 0.4279786339432657 0.03396777619745413 0.1252281784931208
23 0.39332150745155486 0.41734617958942916 0.03242252224312141 0.10645089664195542
23 0.18694683205240348 0.3830877745947713 0.02865819368794007 0.12894345553496284
23 0.1547245810638203 0.37951883049255386 0.03763394566510643 0.13861855589778252
6 0.9624269931170989 0.3294071145363359 0.04146459980971926 0.07946181070710594
6 0.8897707431170989 0.33194432669472074 0.03966467787060921 0.05443452885594056
6 0.8388621591247102 0.33059264702047353 0.04503792737631755 0.05228175181409851
23 0.21491798174839233 0.30152775054815417 0.0395001931936485 0.12698165145127885
23 0.28503948075980917 0.2943848839432657 0.028195278668912048 0.13672867368379737
23 0.39822523026551754 0.2880852655242786 0.031129277680328825 0.1321503010884591
23 0.25447523026551755 0.2931051261387173 0.034717192699356934 0.12447421034428618
23 0.3208178132693232 0.289223668789656 0.02691928015178684 0.14370535998146652
23 0.35350297927693436 0.284952831040708 0.042911694676523296 0.13412202885594054
23 0.1619892999234503 0.23139878902274152 0.032405276197454126 0.12517361479079003
6 0.5008607989348672 0.21487096561694585 0.03133752471457925 0.11811508293962455
23 0.130038962965312 0.21530256306935866 0.027830522737413023 0.10863095553496285
6 0.21432112106425785 0.1716765594411616 0.06169618676785786 0.0973313569862417
6 0.4256751151327588 0.13613089592416522 0.03254985623551008 0.10957589664195541
23 0.0748501027754691 0.08970485154394606 0.028817361178426083 0.13284970553496284
23 0.46844093528498315 0.07204854855657039 0.02652269072219049 0.11482639183263199
23 0.49908609882113647 0.062313955766630916 0.036789028668912135 0.12462791153326183
23 0.3389298488211364 0.06488775115992185 0.03363219517081486 0.1297755023198437
23 0.4235303419010542 0.033545359622571456 0.03612318380210837 0.06709071924514291
23 0.11729758794672147 0.02034721633473604 0.059595175893442945 0.04069443266947208
23 0.38091441897336076 0.004569668673821935 0.054765754448624374 0.00913933734764387