23 0.7189062925874851 0.5418902868037057 0.03574007892507787 0.02503854135632899
23 0.7140591688676093 0.5040628010717294 0.03680204998588259 0.016517565963434677
1 0.4274993135635852 0.4476307487571457 0.1121569077089811 0.20000646215832774
1 0.14951082145609298 0.4323331186923031 0.11030598137238701 0.22173591294411601
1 0.292479571456093 0.438991995242489 0.11315796558737148 0.21719396215832773
1 0.5745563240869289 0.45134656182509636 0.13273471821820734 0.21888489474715095
1 0.030674969886561203 0.4237307524811994 0.061349939773122406 0.21777400496239885
1 0.8889744108339273 0.36571954672850315 0.2050331943995097 0.36327490363849113
6 0.7259206739881069 0.35420835028594105 0.04921104472421085 0.015537262820281584
6 0.6121612818523797 0.3167917793601076 0.04704930524755433 0.01855310090962279
6 0.12208231342241087 0.28456555272886835 0.021116136803468067 0.04149829528527036
6 0.25581257131491864 0.2884440316364192 0.02088862364928845 0.03759204528527027
6 0.3897248397307701 0.28919751054397 0.018681381541796237 0.039826633374611474
23 0.4672050976232779 0.29045610359570995 0.020334886803468066 0.04146190798171734
23 0.5462478555157857 0.29178747125455573 0.022451123649288363 0.037664819892376133
23 0.5173871081466216 0.28965989102309736 0.019553636803468066 0.04142552067816441
23 0.4259808581466215 0.28540257650740475 0.024286639434303935 0.042425094499481994
6 0.6297428949783246 0.2839257754311662 0.033904563140062294 0.02027826674922295
23 0.06673466076334007 0.2530030295695046 0.024658365756780664 0.03543023180303493
23 0.03314091076334007 0.25143837551672865 0.018173147326811766 0.044477746071058546
23 0.7319879344408633 0.27693737489304693 0.02565942363517095 0.05261773180303493
6 0.36580149231925374 0.24264784222317043 0.03707506577089816 0.021205065963434678
1 0.4675683896460655 0.20351902977439237 0.11293191048099142 0.05278685980096291
1 0.6433951422769015 0.21092492307380128 0.10512711575678076 0.03917812406898662
23 0.7407629659403072 0.19352556141081156 0.02377840521931951 0.047076207195929066
6 0.31569434748210357 0.13455920636735957 0.03583108418674961 0.026601041356328903
1 0.13995860011293948 0.12559081306795059 0.17685717356458386 0.13367729487098554
23 0.4166499027296579 0.12281053122213441 0.021487863125944882 0.0345034325888232
23 0.541604400098822 0.12941374979060302 0.01316712891096028 0.038790672249741046
23 0.45267840799132986 0.12292184718556913 0.02006187101845249 0.03677440798171734
23 0.5073659079913299 0.12546895843427416 0.020843121018452492 0.03681079528527027
23 0.8292864106221657 0.1396792774980808 0.03680204998588259 0.016517565963434722
23 0.9372354185146736 0.14235697538838493 0.055225826294241644 0.02516697394515206
23 0.5969212316547357 0.10770572373575511 0.012894113125944707 0.034103172249741
6 0.31576223691640753 0.09304379445670077 0.03137880261671846 0.0170441048385642
6 0.9305982816406182 0.10836296504930272 0.05379983418674961 0.02743794933804624
23 0.9440839289674301 0.06512238729904372 0.03707506577089816 0.021205065963434723
23 0.8823119710608047 0.04971140301480943 0.013501057878390555 0.017769696856846862
1 0.5557494710608049 0.034501510129685234 0.13459480787839037 0.02340972890755081
1 0.7764714947383282 0.03773147973161113 0.13846326052334365 0.009565552728868387
6 0.18913216146921177 0.9969553137918215 0.018188557878390334 0.006089372416357009
6 0.7727182061934225 0.9985136504322935 0.02801087891096028 0.002972699135413137
1 0.544645685076148 0.9195441743166557 0.39952810509226266 0.1609116513666887
1 0.0759973622340498 0.9085638248547749 0.1519947244680996 0.1686901497095498
1 0.8826462140153432 0.9288614780789815 0.13951606826055993 0.14227704384203718
6 0.2039674771695227 0.9095912855653605 0.03693855787839038 0.018861315963435033
23 0.297345750847046 0.9068901246881591 0.04066279735504663 0.015918252481199248
23 0.299165856080483 0.8756401246881591 0.025682539462538935 0.012883143713693812
23 0.3033752139447559 0.8437180365988179 0.036984060509226244 0.019642565963435034
6 0.7827364902531151 0.8582109536767633 0.02521210260260105 0.03156036910658777
23 0.23209174814562292 0.8302141546719486 0.01702787628012441 0.03819135876750579
23 0.20258625866896662 0.825706437136937 0.019599139434304025 0.042206770678164675
23 0.3063860928557162 0.8054731739023708 0.040890310509226244 0.019824502481199248
23 0.15651489547243472 0.7828254243166557 0.048930323663405904 0.02409462551672874
23 0.07848090073410656 0.7776241939613627 0.03850105787839033 0.01893409057054054
23 0.21988715073410656 0.7842102959044428 0.04714031050922625 0.0201156009096227
23 0.6198871507341066 0.8028405953235425 0.04001805524755433 0.018225615177646405
23 0.5511826533649424 0.7988572626108846 0.04645006577089816 0.021641713606069857
23 0.45835041125745024 0.792183423488086 0.03363154735504672 0.01559076674922295
23 0.3744304375658095 0.7804410947043697 0.03059755261671846 0.017007717535011225
23 0.7783821901966455 0.7984720806412339 0.049438557878390375 0.019443512820281582
23 0.3058169454583173 0.7748952619917121 0.03946431840173403 0.02209547787409356
6 0.04638103227590279 0.7369606526050339 0.02338429209337478 0.013555231803034928
6 0.6800657875375746 0.764908255786459 0.03234206314006212 0.020205492142117264
23 0.38410854543008244 0.7487737177398991 0.028572321032569993 0.022367305624352518
23 0.30451205069175424 0.7434997127775004 0.033495039462538935 0.013247016749222951
23 0.3832663822476679 0.7228833058292403 0.022648544724210674 0.014300094499482085
23 0.31065563487850384 0.7187180365988179 0.03220555524755442 0.01786174214211709
6 0.04360464277101162 0.7039298287837162 0.023475297355046644 0.015117731803034929
6 0.6273349006635194 0.728767394537754 0.04236180524755433 0.018334777088305287
23 0.3835239874811049 0.6915605312221345 0.022921560509226245 0.018987594499482084
23 0.043035495373612676 0.6733519168730575 0.04116332629424182 0.024512002481199245
23 0.31431125589695635 0.6828533112059237 0.03316881577089816 0.021023129445670106
23 0.6744675058969564 0.6996278581438239 0.03758329998588259 0.0165539532669877
1 0.8121495164203001 0.7029070235691394 0.16442579202278756 0.09414175992479752
1 0.18475255851367484 0.6611516315125847 0.13945515507814524 0.20049876778268044
1 0.5045113216678544 0.6721277886657325 0.11909715244730919 0.1987714478903042
23 0.38819607692952635 0.6651435804363462 0.022967063140062204 0.019768844499482085
23 0.31576734008370594 0.6578533112059238 0.025682539462538845 0.012883143713693812
23 0.6709098663920652 0.6665606470189533 0.04309755261671846 0.01758991439185813
23 0.38937144005547103 0.6315134431327932 0.024165542093374803 0.01359161910658777
6 0.3110567242563381 0.6176820754739474 0.03459480787839038 0.018752154052775794
23 0.67833522951801 0.6332216081438239 0.035467063140062295 0.020351041356328814
23 0.9284640321347284 0.6292041579772082 0.016845865756780754 0.03506635876750579
23 0.39018278213472846 0.6041333058292403 0.0324785710325699 0.022549242142117086
23 0.044961287396400304 0.5864876176588458 0.034594807878390345 0.018752154052775794
6 0.9590237873964004 0.6290607628157724 0.016428636803468066 0.04127997146395277
23 0.04811637947565765 0.5592166422659517 0.03859206314006218 0.020496590570540717
23 0.3114431321064936 0.5706979135632887 0.02430204998588259 0.01593536910658777
23 0.6342358899990014 0.5833821199306481 0.03344953683170289 0.01246576674922295
23 0.38285540052234507 0.5685404081866051 0.047876057878390374 0.01937073821317572