23 0.09446878246949791 0.9761625818955366 0.059432812034493285 0.04767483620892676
23 0.3203591943801567 0.9779427309633583 0.061177248552257965 0.04411453807328343
6 0.4670907992187209 0.951948196275211 0.08783394789030403 0.09610360744957802
6 0.7471614429324147 0.9439882015282477 0.09090328990858687 0.09287203547936258
6 0.1473626501283437 0.9019147079820335 0.040524454300444955 0.13323165145127902
6 0.25717429777097883 0.8963591671451935 0.035490197890304206 0.10887649219545174
6 0.04571025889584936 0.8834970354793625 0.03369225744359809 0.12051339664195523
6 0.35027148035980205 0.880047175582714 0.03612805272886836 0.13931796034428637
6 0.47131172643086067 0.8686235806621898 0.08874147642635144 0.09669643992586643
6 0.7504384543049542 0.8400273878259167 0.09263060980096291 0.11321181733052796
6 0.4739166497140589 0.7622917351086936 0.0945205955329392 0.12029763103285873
23 0.07544276241050601 0.7491592410143253 0.07571493755122194 0.10170139845605383
6 0.34908373945603 0.41831850189891656 0.040342517782680255 0.12932540145127885
6 0.19327038709866515 0.403487131665831 0.05136775496239872 0.08135169292109108
9 0.8755157686112499 0.20429327366809896 0.24458486972576027 0.27763395979613215
9 0.3685037892894143 0.1693725704105708 0.4570677531003719 0.3014335914619631