9 0.8575817150493027 0.901204494982722 0.0967380669968918 0.13494268577927465
9 0.993206460296301 0.7671438768842138 0.013587079407398051 0.38765650889724856
23 0.9511904739406429 0.9615743092034472 0.029051799214211728 0.0043028394295962615
23 0.5066763405660314 0.9632494861226544 0.025764133374611475 0.01742492193911005
6 0.050785905496008796 0.922337915019028 0.01675300641014079 0.024855419961944136
6 0.16675550785337365 0.9082197238025458 0.013319791356328858 0.03485250247145828
6 0.15654144581888035 0.8569755587835178 0.026508996071058544 0.016675505437207506
6 0.15641301323005713 0.8374124752854207 0.024946496071058588 0.016611838441013306
6 0.8262674408564816 0.7498475834237351 0.026545383374611476 0.017456755437207504
6 0.43480337882198833 0.7141381654761385 0.014101041356328814 0.03488433596955502
23 0.6298975550006707 0.7014922909518397 0.02643622146395259 0.015113005437207505
1 0.8034013674494489 0.595015503385679 0.1867188657968189 0.29222328657757757
1 0.5706231007002258 0.571625718822449 0.19478392286891352 0.2644802885547438
23 0.34791119271850846 0.5626976822820525 0.025727746071058634 0.016643671939110226
6 0.3457279545053328 0.5158226822820525 0.028852746071058633 0.016771005931498984
6 0.905738655291121 0.4898730641463632 0.024982883374611475 0.017393088441013126
6 0.11943728225559172 0.5140850632321421 0.011538967535011314 0.030101335475263547
6 0.10057812034493294 0.5125053171864749 0.0115753548385642 0.030882585475263548
6 0.07152632113072123 0.5105581566160711 0.011466192927905428 0.028538835475263546
6 0.08402632113072123 0.5100488206465159 0.011466192927905428 0.028538835475263546
23 0.6888764869703214 0.47209660962118927 0.024982883374611475 0.01739308844101295
23 0.3690155971855692 0.44442784334674795 0.013356178659881835 0.035633752471457926
23 0.38218768527491037 0.44154292387909555 0.014845904052775971 0.034134919467652305
23 0.684203949542934 0.4221921101154808 0.024056084160399747 0.01423625494291585
23 0.713073812239381 0.42023302068588464 0.024764559553293885 0.012705588441012949
6 0.2324231257216164 0.4359043720156599 0.015299668320799497 0.02713550296574958
23 0.7760639638109577 0.4114045073400117 0.015481604838564245 0.03104175296574958
23 0.7893088265074046 0.4100820878723594 0.012538541356328991 0.03482066897336065
6 0.757949664596746 0.40901167779624725 0.01811645326698752 0.037387253460041056
23 0.7106744042576637 0.40232793768207903 0.02565497146395277 0.015081171939110405
6 0.6824766296505579 0.401911443613578 0.02721747146395277 0.015144838935304605
23 0.23451001054397 0.39668270452517396 0.023238446856846905 0.013423171444818749
6 0.869974475597782 0.3606139870740567 0.028107883374611474 0.017520422433401885
23 0.23538115177646435 0.3817752875289796 0.02565497146395268 0.015081171939110228
23 0.24217480727698235 0.3595819525480076 0.026545383374611476 0.017456755437207504
23 0.23988456120592377 0.34402061954420204 0.024837334160399748 0.014268088441013039
23 0.8665369524384182 0.30361457057215385 0.031196496071058278 0.01686650642579064
1 0.944274981233957 0.2860503857814623 0.11145003753208585 0.20555627471457932
6 0.8696062944567007 0.2854866530816679 0.030560795285270358 0.01995967292769345
6 0.7544885626536658 0.26747809380385845 0.026581770678164317 0.018238005437207504
6 0.8662972038861602 0.24805032007786226 0.028961907981717515 0.019114755931498983
6 0.752615693547078 0.24407242730195566 0.02650899607105863 0.016675505437207506
6 0.8645506133156197 0.21055032007786223 0.031196496071058632 0.01686650642579064
9 0.1054645576912671 0.2173748541254757 0.21003870347187542 0.4347497082509514
6 0.8764491457806084 0.18032165061020994 0.026508996071058277 0.016675505437207416
6 0.9412565084770554 0.17689822026814267 0.025727746071058634 0.01664367193911027
6 0.9044649838699496 0.17683189467871088 0.026727319892376044 0.021363005437207462
9 0.48133569892376143 0.18483097972474966 0.18105537075921774 0.3696619594494993
6 0.6226691743166557 0.17657320399370136 0.02509204528527036 0.019736838441013038
23 0.5945077870131026 0.1769379599252004 0.02491010876750579 0.015830588441013038
9 0.27848252667402046 0.18120494315646746 0.13993375702931327 0.2755013601898429