23 0.6177900720009021 0.813015572137809 0.039444359707395904 0.01845342887824373
23 0.5468599761612147 0.8022584565794053 0.018114873575104086 0.04074450870642714
23 0.7664094099568048 0.8129823518751355 0.03862674211621524 0.016849985300678938
23 0.5758207775479856 0.8014296189493058 0.016552373575104085 0.04066262155129756
6 0.18917476273034656 0.778037548054692 0.01433591014423614 0.04600854081860284
6 0.06499238032152714 0.7699650192218769 0.020458623575104216 0.040867339439121866
23 0.15876056411711742 0.774096998529662 0.005360300436840326 0.02915191146538909
6 0.09707818170829799 0.7692999559020368 0.013736498100138928 0.05378009724103805
23 0.12680204929947853 0.769293311849502 0.018205792553055565 0.04465075870642714
23 0.6783827330950688 0.7974182276103045 0.03482959488975688 0.021332767412854458
28 0.6190265701010411 0.759890572137809 0.04832970364722229 0.0649566146538925
23 0.6800186214878119 0.7607404211878693 0.036991506933854265 0.013643098145549181
6 0.017553899008376474 0.683341444482076 0.03510779801675295 0.12054819538658723
23 0.7185187302452771 0.7197369629109833 0.019622822188333444 0.03848264586155707
23 0.687250546449687 0.7188804698083884 0.008667138392743112 0.03712818577564878
6 0.14032164827329807 0.6589290219354103 0.10954061379145844 0.11342177012638803
6 0.7654307510468398 0.686996383987311 0.014008601823611144 0.03194604081860284
6 0.2288211038203814 0.6541806462002413 0.01724270459715278 0.03679731512886235
23 0.7975892876159717 0.6832063206674709 0.014063153210381785 0.03428979081860284
6 0.7047666611910759 0.6384493413596859 0.041898518901701466 0.09036937245580852
6 0.6103263301690273 0.629588918474336 0.07302123233256949 0.08653836555840363
6 0.05309571162791619 0.5753552040930144 0.03252221248093752 0.022772436680159915
23 0.10874695279420095 0.5368150045225557 0.013209168028020857 0.03112384724103805
6 0.8572026365897912 0.5752577018297069 0.09042693787965277 0.09681412426483096
28 0.035709496297187074 0.5157788082314575 0.05592399810013893 0.05599105042954129
28 0.1623265476839579 0.5200679177969674 0.058467769851632004 0.06470763116223602
6 0.3966840170987496 0.4994975474888652 0.02214841014423614 0.04641797659425162
23 0.10838458330315932 0.485170617367426 0.006886432845659751 0.027671298620519025
6 0.6805141564414232 0.5042038161449153 0.08553941612815982 0.08797471279944169
6 0.4308239341768399 0.44418592774659 0.011265461531007048 0.048188516508343326
6 0.8703234984813886 0.41481152476048544 0.08968205547083344 0.09833568068726599
6 0.7773911160725692 0.4083767390302652 0.01971374116628475 0.04238889586155707
23 0.12190483548736082 0.34117163387576943 0.034157447663298604 0.02597932383528967
23 0.28932872483003447 0.3397773094746529 0.02690799211621524 0.016235831637205857
6 0.6951247831506595 0.34696452623082347 0.07153146751493064 0.08958147840327398
6 0.786114112272847 0.3024542876507842 0.01653418977951393 0.03988137155129756
1 0.25546420405110243 0.03838854986371443 0.5109284081022049 0.07599584972742886
6 0.7598678160169785 0.8587894968321812 0.015734755983923775 0.039059177973732775
23 0.6426803160169785 0.85264796019745 0.01787848423243048 0.030588258706427496
28 0.6968593229508326 0.8437543170494262 0.07009560087368065 0.06141553482570927