23 0.459375 0.00703125 0.015625 0.0140625
23 0.871875 0.0109375 0.0140625 0.021875
23 0.83671875 0.01328125 0.0171875 0.0265625
23 0.90390625 0.0125 0.0203125 0.025
23 0.7703125 0.015625 0.0171875 0.03046875
23 0.8046875 0.015625 0.015625 0.03046875
6 0.95390625 0.0140625 0.021875 0.028125
23 0.625 0.015625 0.015625 0.03046875
23 0.66640625 0.0171875 0.0109375 0.034375
23 0.70625 0.01875 0.009375 0.0375
23 0.58515625 0.0171875 0.0125 0.03359375
23 0.31015625 0.0296875 0.01640625 0.0359375
6 0.7296875 0.078125 0.01953125 0.0359375
6 0.515625 0.08515625 0.02890625 0.0359375
1 0.415625 0.11171875 0.13125 0.09140625
1 0.62265625 0.13125 0.1265625 0.08984375
1 0.975 0.13359375 0.04921875 0.08515625
1 0.8234375 0.13359375 0.1296875 0.09140625
23 0.92109375 0.1734375 0.0265625 0.03828125
23 0.715625 0.24140625 0.021875 0.03515625
6 0.74921875 0.24140625 0.02265625 0.040625
23 0.62734375 0.24296875 0.02109375 0.03203125
23 0.6734375 0.24375 0.01796875 0.03984375
23 0.78828125 0.24453125 0.02734375 0.034375
6 0.9609375 0.24453125 0.0171875 0.04765625
23 0.865625 0.24609375 0.0234375 0.03828125
23 0.8265625 0.2453125 0.01796875 0.0375
23 0.5453125 0.271875 0.034375 0.0140625
23 0.45703125 0.29140625 0.03359375 0.01796875
1 0.3375 0.303125 0.10234375 0.1109375
23 0.5421875 0.303125 0.025 0.01875
23 0.459375 0.32421875 0.03203125 0.01640625
23 0.540625 0.33515625 0.025 0.0171875
23 0.53984375 0.36796875 0.0234375 0.015625
23 0.54140625 0.39765625 0.02421875 0.015625
23 0.47734375 0.428125 0.01328125 0.03359375
23 0.54375 0.43515625 0.025 0.015625
23 0.53984375 0.46328125 0.0296875 0.0125
1 0.825 0.484375 0.35 0.3484375
6 0.55625 0.509375 0.01796875 0.03203125
23 0.38203125 0.56875 0.02890625 0.01953125
23 0.3875 0.609375 0.03046875 0.02109375
23 0.3109375 0.61796875 0.03671875 0.01171875
6 0.5640625 0.6265625 0.034375 0.01484375
23 0.38984375 0.6375 0.0265625 0.021875
23 0.31640625 0.64609375 0.01875 0.01796875
23 0.5671875 0.66015625 0.021875 0.0171875
23 0.38359375 0.67265625 0.0453125 0.015625
23 0.49921875 0.67421875 0.02265625 0.01875
23 0.56640625 0.6921875 0.02265625 0.01328125
23 0.384375 0.7015625 0.03125 0.01796875
6 0.95390625 0.73359375 0.01953125 0.0328125
23 0.6703125 0.734375 0.01796875 0.040625
23 0.3765625 0.734375 0.028125 0.01328125
6 0.70859375 0.73984375 0.01484375 0.04140625
23 0.63515625 0.7390625 0.0203125 0.03203125
23 0.91953125 0.73984375 0.0203125 0.03828125
23 0.7390625 0.740625 0.021875 0.0375
23 0.7796875 0.73984375 0.02109375 0.03671875
23 0.8171875 0.7453125 0.01640625 0.03828125
23 0.88359375 0.74609375 0.0125 0.03359375
23 0.8515625 0.7484375 0.025 0.0390625
6 0.546875 0.7484375 0.021875 0.03515625
23 0.48125 0.7484375 0.0109375 0.03515625
23 0.5921875 0.75078125 0.01796875 0.03203125
23 0.3828125 0.765625 0.03046875 0.0171875
23 0.22734375 0.76640625 0.04375 0.02109375
23 0.3828125 0.796875 0.03046875 0.01484375
23 0.88046875 0.796875 0.03046875 0.0296875
23 0.2296875 0.7984375 0.0359375 0.01796875
6 0.68671875 0.803125 0.01328125 0.0375
23 0.7578125 0.8046875 0.01796875 0.034375
23 0.72734375 0.80546875 0.01796875 0.03203125
23 0.80390625 0.80703125 0.0109375 0.0390625
23 0.83515625 0.809375 0.01328125 0.040625
23 0.384375 0.8265625 0.02421875 0.01640625
6 0.7109375 0.85703125 0.03828125 0.028125
1 0.61953125 0.859375 0.0625 0.1140625
1 0.5078125 0.86171875 0.06171875 0.12109375
23 0.7796875 0.884375 0.01953125 0.04140625
23 0.8109375 0.89140625 0.01875 0.0515625
23 0.88359375 0.91328125 0.03515625 0.0171875