9 0.0527588799615064 0.2223667449854351 0.09257611364988401 0.14627325791755882
1 0.23000978806045222 0.18694738519373205 0.10327353311753633 0.1598500246106062
23 0.6687539530794803 0.19191029915470545 0.042679589923887915 0.03245479882550106
23 0.526488198630856 0.16670204750535283 0.04577275642579064 0.03176447703874641
23 0.3709876151327588 0.16139711889639602 0.04602742441056815 0.038014477038746455
23 0.8492571951708149 0.1597068675762478 0.02120117935348418 0.06070181927947216
23 0.16478669467652327 0.13744983887551349 0.022014262851581277 0.061505801332783515
23 0.8473962648287475 0.09488584962955915 0.02113751235728998 0.059139319279472156
6 0.6006194239162767 0.051810484889798204 0.04346083992388792 0.032477530878812375
23 0.7278212524714579 0.032882291632858066 0.04236125494291585 0.024642298825501053
23 0.84454583745243 0.0440818675762478 0.021904174904859984 0.039653533386094855
1 0.25019100098858316 0.01196175705962898 0.10035016847906916 0.01150345282385159
1 0.5978154174904861 0.02129627078317553 0.10419275148287462 0.010054613090408292
9 0.9122426734219851 0.058536824161023106 0.058860346843970034 0.06569920783841651
9 0.42958934091247103 0.04839466521461462 0.0654286818249421 0.07369356426490724
6 0.6397706734963471 0.8402963233696003 0.07047562056996633 0.17840379631821862
6 0.5020359101504743 0.7730824281467383 0.11593270060802219 0.1641199874635877
1 0.8678054901885304 0.7681187611497571 0.0826480153230392 0.07497491943775678
6 0.7438440667665454 0.7325185787798766 0.09212778608328591 0.17357154381093629
6 0.8298505509492144 0.6601100328573695 0.09664153114037007 0.15029316818411545
1 0.7005622989720482 0.6469842440609982 0.06617809832684465 0.07293504631821861
23 0.45577638098727064 0.6336191113745487 0.02389509783255317 0.06936376543940632
23 0.49246329748917345 0.6339062678801817 0.02630251482874755 0.07099446159934023
1 0.5705564639910762 0.6353982232113158 0.1187101907221905 0.11738137978345584
6 0.697077860227024 0.5423194761143095 0.07601335475263546 0.10365384890464338
6 0.44248851931455296 0.4990167908414353 0.06378526878308026 0.09081286810497317
6 0.5650811023183586 0.5010232232113158 0.0600235988211363 0.07509693989172775
6 0.8494242688202615 0.5085164406166436 0.04577275642579082 0.031764477038746367
23 0.9142361853221642 0.509621951041485 0.043588173916276673 0.03560253087881229
23 0.7572420860067361 0.4293624865391509 0.04421025642579064 0.03171901293212365
6 0.6916170860067362 0.42745299406099824 0.043397172927693364 0.03091503087881229
6 0.15611066752766703 0.40328778754273 0.08894177768032892 0.1336823297043134
6 0.5361019150562092 0.4026395475053528 0.04580458992388792 0.032545727038746364
6 0.3790069980600147 0.3965079047897734 0.0443375904181794 0.03484401293212373
23 0.5992876645619175 0.40213709382357143 0.04599559091247105 0.03723322703874636
23 0.4445683310638203 0.396854897267926 0.044864172433401885 0.028616744985435004
6 0.24681658056952874 0.3887599377801568 0.05906593528498316 0.0898952257851052
9 0.061150994599973585 0.3708724411453691 0.09719994665368963 0.1448471502374268
1 0.8600832431170989 0.3870960816828705 0.1066532011023142 0.16619095282385157
1 0.14922931475219792 0.3110093593294846 0.06321226581733078 0.07675036810497318
1 0.699836809809282 0.30362068896729105 0.10405478311753633 0.1598727566639176
1 0.5443534723568522 0.27958849241164563 0.10236494912514757 0.15670229255729495
1 0.3895386383644634 0.27196254585600016 0.10311436562705038 0.1559437746106062
23 0.842281636387297 0.2757721367765777 0.04352450692008212 0.034040030878812376
6 0.16167096494247835 0.23333900039571143 0.022173430342067223 0.06541205133278352
23 0.12410729794628397 0.23068536183676708 0.02276367935348409 0.06074728338609488