28 0.14567541660631864 0.9666153691764483 0.06542628466927089 0.061951123360319826
6 0.22042149667843672 0.9478487590451117 0.0346302263486459 0.04629182383528985
6 0.29749444937572844 0.8627168424913396 0.10483492999586819 0.11239485866099877
6 0.1734757211272215 0.8476130636585243 0.064263828172257 0.07905673620519024
6 0.4259467576963535 0.8553690892119793 0.06842465131052097 0.09019895409301455
23 0.9532113465052776 0.28148776967210276 0.01084723423243048 0.030219766508343328
23 0.9813727140964581 0.28139923846443826 0.013935866641249817 0.028821040818602837
23 0.8711982803008678 0.2764074440277908 0.010701763867708537 0.023969766508343326
6 0.9243050965052776 0.27997285730220234 0.011646668028020812 0.031041960085908295
6 0.8439454492788192 0.2710681688130202 0.013100065254479177 0.02643634724103805
23 0.8970886330744093 0.2730710820874317 0.010701763867708537 0.023969766508343326
23 0.7869323830744095 0.2672980376507842 0.010810866641249995 0.028657266508343326
23 0.81431250066559 0.2671685628655548 0.013027330072117848 0.02331134724103805
28 0.975832535334861 0.21696824626635441 0.04217062262517359 0.06853531603337357
28 0.9010689246775346 0.20288141282012634 0.054561519851631955 0.06450291327441153
28 0.8276859760643054 0.19668896652902798 0.05859505642076392 0.07017638116223593
23 0.7315928792746874 0.15801821291098336 0.015080792553055566 0.04448698439616781
23 0.7027775482526388 0.15259705054108297 0.020531358757465413 0.04399233943912191