23 0.7256098608480447 0.3469537461011772 0.05778167889684287 0.053761346674090583
6 0.6716581082172087 0.3471077400938593 0.060216434158514784 0.055351118674408714
23 0.6159618450630291 0.350368552752996 0.055202710466874014 0.06309998400699968
23 0.71494610565696 0.42266227076699536 0.05882823940606911 0.07173009667409058
6 0.6641648556569599 0.4220713774267685 0.054421460466873836 0.06309089334022691
23 0.6067695846102726 0.42765775875235973 0.0616956341726322 0.04053464067472703
23 0.3518244793768356 0.4559623827179976 0.03828052097610026 0.08085964867122701
23 0.6102971320359064 0.48789582475331417 0.04505416574266334 0.04970964600572714
23 0.297433110989219 0.49050955804422525 0.054383663111827296 0.04903748400699968
23 0.7135663452042035 0.5000423834340862 0.05258594468185827 0.05838521200668154
6 0.6603958425733676 0.5002054680935412 0.060489449943530185 0.06003861867440872
6 0.4103048373116957 0.49885895472627 0.05291216837349921 0.050581802673454135
23 0.2966448847373295 0.557733420711316 0.047769642065139985 0.04271475867281786
23 0.6020681321064936 0.5620691214194505 0.0402679552052021 0.06136476133831792
23 0.7117238531672985 0.5719446554344044 0.047488921004335084 0.051299418006045275
6 0.6561640979056266 0.5728617180935413 0.05111444994353036 0.059929530673136
23 0.707810626915409 0.6391321554344044 0.05231292889684287 0.05369771200668154
23 0.5959098663920652 0.6409571900859051 0.04951415258848364 0.04585794000636341
23 0.2896598663920652 0.6373936487109979 0.05470988680346807 0.04123407467377245
6 0.6528501111303934 0.6431833087603138 0.05593845783603797 0.06232782467377227
23 0.0840091058687215 0.638127803349772 0.053329397326811766 0.04434089334022708
1 0.01550783379374249 0.6566045360041362 0.03101566758748498 0.29913748134149964
6 0.648064629616832 0.7119242180935411 0.06334143415851479 0.05538748134149962
23 0.590252129616832 0.7112515087523598 0.05134966837349921 0.05056362133990895
1 0.4182861243551601 0.7108140620623609 0.13128561028334734 0.2568232593491356
23 0.6977916138318164 0.7171935207669954 0.048262465728545756 0.06458066800604527
23 0.08019459015429313 0.7170431440165447 0.051622684158514696 0.05525112133990877
23 0.2836234270424658 0.7678805800445434 0.05474768415851479 0.055287484006999676
6 0.6453043796874193 0.7861611494270866 0.054830984144397375 0.07012214334022708
23 0.589145384949091 0.7839441214194507 0.04845218152767892 0.05443350867281786
23 0.6982928717949115 0.7891230647676316 0.05226742626600682 0.05291646200668154
23 0.6893281244963345 0.8625060207669953 0.05147847099021767 0.066179530673136
6 0.6394191297580063 0.8603617180935412 0.054459257821920556 0.07714430267345448
23 0.5831236271271705 0.8604884400859051 0.057182439420186526 0.056877256007317814
23 0.32048711923466267 0.8597777260502705 0.03653601045275652 0.07771646733768164
6 0.04956038424321932 0.03497498400699968 0.07744173151356136 0.0696045226766359
6 0.22573574736916407 0.0034084526973167718 0.051653505261671825 0.002162484006999678
23 0.6327669973691641 0.008144690085905138 0.04696600526167174 0.002107940006363343
6 0.38796273158414857 0.00998681138604303 0.04360578683170289 0.011437486672499733
1 0.5711253001270569 0.1403299340785873 0.12240416297065301 0.1981658746817266
1 0.0641972638295354 0.13364884134309046 0.1283945276590708 0.20916700934913562
1 0.2342245396037132 0.13953685669954394 0.13387998926489475 0.22094030334977194
1 0.39975853434204134 0.1430265780553611 0.12763769454068408 0.2075954186823629