23 0.86015625 0.02578125 0.05703125 0.0515625
23 0.634375 0.028125 0.05859375 0.05546875
6 0.4890625 0.05859375 0.0828125 0.1078125
6 0.21015625 0.08359375 0.08671875 0.08984375
6 0.8109375 0.1046875 0.034375 0.13203125
6 0.7015625 0.1140625 0.03046875 0.1078125
6 0.91328125 0.11953125 0.028125 0.11953125
6 0.609375 0.13359375 0.0296875 0.13828125
6 0.4890625 0.14921875 0.084375 0.09375
6 0.21171875 0.1875 0.0875 0.11015625
6 0.49140625 0.25546875 0.0890625 0.1171875
23 0.88984375 0.2546875 0.07109375 0.09921875
6 0.63203125 0.59453125 0.034375 0.128125
6 0.78828125 0.60390625 0.04765625 0.0796875
9 0.11640625 0.8265625 0.23203125 0.26953125
9 0.62421875 0.84375 0.44375 0.2859375