23 0.5676666851467351 0.9989432974034068 0.01739960260260105 0.002113405193186324
23 0.609163940408407 0.9982043294028887 0.012939615756780754 0.0035913411942225084
23 0.6490986956700787 0.9975878992952649 0.011559126280124232 0.004824201409470064
23 0.527913940408407 0.9964893084663601 0.014456613125944883 0.007021383067279885
23 0.2536419825017817 0.9832037214116035 0.018499371018452494 0.033592557176793034
6 0.6759943956136091 0.9558607415184355 0.021624371018452493 0.036847182588823205
6 0.46234141929113237 0.9388593703449329 0.030999371018452494 0.037283830231458384
1 0.3638885087395538 0.9076392954901582 0.13657380780780315 0.0975193169968918
1 0.572057324510452 0.8977506809316843 0.13179530254613142 0.09573849317557474
1 0.9245375824029598 0.9118176048340552 0.05417853676111548 0.08744865012383443
1 0.7729750824029598 0.9047584679447869 0.13501130780780315 0.09744654238978612
23 0.8729519665755919 0.8694631308889029 0.028792128910960457 0.0395184183207995
23 0.6714419454583173 0.7919245200544827 0.023922618387616622 0.036175094499482086
6 0.7050356954583172 0.7934891741072587 0.025022386803468067 0.04168023180303493
23 0.5832517007199891 0.7862502547530018 0.02295935786427279 0.03301370719592907
23 0.6293909533508251 0.7876158556626245 0.020289384172632197 0.04068065798171734
23 0.744280205981661 0.792183539284905 0.029345865756780755 0.03564855562435234
6 0.9169364559816611 0.8002251333701024 0.019963160480991605 0.04845677067816432
23 0.8217149612433328 0.794223382336645 0.025667128910960457 0.03937286910658777
23 0.782606958612497 0.7931852671589985 0.020152876280124233 0.038336907981717336
23 0.5029040480609183 0.7535233378799442 0.03519404735504672 0.015663541356328813
23 0.41576036383181647 0.7298803225784634 0.034640310509226245 0.019533404052775795
1 0.2969116532943553 0.7125943151348653 0.10880512357870131 0.11570423676543377
23 0.5015991532943553 0.7221277886657326 0.026092063140062294 0.01991439371369381
23 0.4200152243269253 0.697176984489122 0.03298680524755433 0.017898129445670107
23 0.5019022611586281 0.6900237640586268 0.0260010578783902 0.018351893713693813
23 0.503032121653737 0.6571748767550737 0.02434755261671846 0.016716619106587772
23 0.5063237216255022 0.6275601513621796 0.02512880261671846 0.01675300641014079
23 0.4440358242281032 0.5941076424708395 0.015237863125944707 0.034212334160399746
23 0.5108515979056266 0.5901693132728385 0.02591005261671846 0.016789393713693812
23 0.5085834426157199 0.5618623767550737 0.030415542093374805 0.013882717535011224
1 0.7949682636482898 0.5540499925518927 0.3702941733528224 0.3647390119917121
6 0.5276743478350394 0.5165327601296852 0.01983435786427279 0.032868157981717515
23 0.35691379777856963 0.44904339143738214 0.030043815770898163 0.02087758023145838
23 0.3647486845820377 0.40867310256225264 0.031697321032569906 0.022512854838564068
23 0.2886867135212329 0.3965133968140656 0.037401289462538845 0.013428953266987698
6 0.5423122424604281 0.39970913316521456 0.03523954998588259 0.016444791356328904
23 0.368730529292131 0.3806572644729114 0.02783657366340586 0.023112168320799587
23 0.29579355823132614 0.3686431079389361 0.019796560509226246 0.01884204528527027
23 0.5473938555863729 0.36626093237942625 0.0228760578783902 0.018206344499481997
23 0.3645281476797476 0.34520991604448803 0.04622255261671846 0.017735463606069857
23 0.4802441529414194 0.34903273697032144 0.023748313140062295 0.01980523180303493
23 0.5484782134506456 0.3341932950758733 0.02342979472421085 0.014336481803034928
23 0.36699299502067684 0.31634005334804094 0.032296560509226246 0.019424242142117087
6 0.9383898528849496 0.310835147638126 0.02144236049510866 0.0337221825888232
23 0.6548416055157856 0.29684530644841284 0.020334886803468066 0.04146190798171734
23 0.3610916055157857 0.2831636803125116 0.028898544724210672 0.01459119292790545
6 0.6934413739316371 0.2931595343225063 0.017255389434303936 0.04209760876750561
23 0.6199583713008012 0.290520377788531 0.022178107864272788 0.03297731989237622
23 0.9043788739316373 0.30298410628179706 0.022542128910960458 0.039227319892376225
23 0.723955626562473 0.29379738916107057 0.02405912628012441 0.038518844499481994
23 0.7645351239316371 0.29647077894582285 0.023232373649288363 0.037701207195929065
23 0.8023536423474887 0.29274861951636344 0.018635878910960458 0.03904538337461148
23 0.8688053949783245 0.2950602903183624 0.01445661312594453 0.034175946856846905
23 0.8369106528708322 0.2912246608726923 0.027275131541796328 0.04022689371369372
6 0.5322231528708323 0.2770336124870501 0.023922618387616622 0.036175094499481995
23 0.4665981528708323 0.27397707898860413 0.012985118387616623 0.03566567224974104
23 0.57767216076334 0.27680032609311994 0.019834357864272966 0.03286815798171734
23 0.36916171074922266 0.25220477874093505 0.03146980787839038 0.018606604838564245
23 0.21373846338005853 0.24418245533390226 0.0449785710325699 0.023131438998963992
23 0.3709818159826596 0.22095477874093508 0.03133329998588259 0.016262854838564246
23 0.8686380659826597 0.24413349110415067 0.03219784997176518 0.031106604838564245
23 0.21794782124433149 0.21226036724456102 0.036984060509226244 0.019642565963434677
6 0.675252087029347 0.2288594398230243 0.015465376280124232 0.038118584160399746
23 0.7464368422910189 0.23060818444634085 0.019970865756780753 0.03521190798171734
23 0.7160135949218548 0.22840782960777659 0.01983435786427279 0.03286815798171734
23 0.7926671001835267 0.2304112853559636 0.013212631541796327 0.03957192224974104
23 0.8240536080760344 0.2295230274980808 0.015647386803468066 0.04124358416039975
23 0.37427341595442476 0.19134005334804094 0.02517430524755442 0.01753425641014079
6 0.7026105185570258 0.17608119623316512 0.039919344710093264 0.029907977874093515
1 0.6113407764495336 0.16948013171747248 0.06914338410204497 0.11697348428423426
1 0.49975853434204137 0.16193299730940366 0.06877165777956833 0.12396834698068138
23 0.7729531106362831 0.15193952894582283 0.021942889434303937 0.0423159325888232
23 0.8046126343138065 0.14636377108794002 0.02175317363517095 0.05243579528527027
23 0.8785429579772124 0.12787279031836235 0.036157307878390554 0.01882492865988179