6 0.15390625 0.0234375 0.02421875 0.046875
23 0.88046875 0.00859375 0.0453125 0.0171875
23 0.92734375 0.02578125 0.0453125 0.0515625
23 0.8796875 0.05 0.04453125 0.07421875
6 0.1296875 0.059375 0.03671875 0.05078125
23 0.9265625 0.0796875 0.03671875 0.06484375
6 0.13125 0.103125 0.04375 0.04375
23 0.8796875 0.12421875 0.05 0.06875
6 0.0609375 0.13125 0.0625 0.090625
6 0.12578125 0.1515625 0.04375 0.0640625
6 0.0734375 0.25546875 0.01875 0.1265625
6 0.1015625 0.26328125 0.03359375 0.14140625
6 0.040625 0.27421875 0.0390625 0.1546875
9 0.88828125 0.8265625 0.2234375 0.26953125
9 0.096875 0.83984375 0.19375 0.209375