23 0.21721387707011894 0.9914905516366133 0.03453416749048603 0.0051066514512790205
23 0.9160187915948554 0.9569170448435553 0.05570617193911005 0.026909729581580066
6 0.05637453615764796 0.9611185492743605 0.030463432813525194 0.07751736479078986
6 0.12302086668999564 0.945491060074134 0.04401393825073265 0.1037351244094367
23 0.9700059546367171 0.9378198152619752 0.044606845855386726 0.06084821996293286
6 0.25586520018809283 0.941634395376011 0.04500609387822054 0.0515005018140986
23 0.9211400317090238 0.9097965081830666 0.05589451433445589 0.06982391587924894
23 0.9691809422794275 0.8791715015596445 0.04361734882113666 0.07485615626060209
23 0.9189925998840817 0.8378942263319009 0.053487097338261694 0.0681795703257528
23 0.9704450119373602 0.8141913423038174 0.054968684296400026 0.08539435217691818
23 0.91394300254582 0.7715698218853972 0.05329609634967838 0.0634920703257528
23 0.9629243306067098 0.7448237834108099 0.05479492935348418 0.06198413402808356
6 0.24674357368662755 0.7369741772271764 0.039106262357289624 0.059875997004775174
23 0.9106787396942387 0.7106596037365628 0.046823261862998324 0.05780506551642937
23 0.9603776507589341 0.6823237834108099 0.04712435079830257 0.08434028366526398
23 0.9081002263483657 0.6473783537365627 0.04785917984777584 0.06408234736759474
23 0.9555999674511174 0.6034720971131409 0.051733596349678376 0.06343750662342203
23 0.9073879605310351 0.5722965081830665 0.05125609387822046 0.05171875662342203
23 0.9590804531166613 0.5352850923038174 0.039983012851581276 0.06224702885594056
6 0.23451153463759217 0.551981618334169 0.0412271778706093 0.05448909255827132
23 0.9009350306832594 0.5099329174388936 0.05101601334587293 0.06497272477225664
23 0.9519736072612744 0.47607378341080986 0.045738264334455894 0.0694692518140986
23 0.9007321008354838 0.4473510718853973 0.05326426285158128 0.06271082032575279
23 0.9478644274134987 0.41362834711314084 0.04526076186299797 0.0577505018140986
23 0.8971813365010277 0.37940960373656274 0.039951179353484176 0.06146577885594055
23 0.9451904135733343 0.3480033471131408 0.039138095855386724 0.06065724700477508
6 0.22462324558855676 0.36690721388766534 0.0425350098858317 0.048293656260602266
23 0.8896606551703773 0.31004204484355535 0.052546679847775835 0.0642460384745874
23 0.9376697322426839 0.27863578822013335 0.04036501482874755 0.07162202885594056
23 0.8877042243340185 0.24282726299238985 0.05361443133065045 0.0713045703257528
23 0.9389019684025195 0.21287437896430622 0.051079680342067134 0.06653522477225655
23 0.8851257109881455 0.17954601299238987 0.05667576433445589 0.06985119773041455
23 0.9371047050566466 0.14956584711314078 0.048704096843970035 0.06567212921876023
6 0.16827645060802232 0.15529015680875644 0.048640429847775654 0.06410962921876022
23 0.8813839456651065 0.10691704484355531 0.05621284931542796 0.07763641587924908
23 0.16791435326976067 0.08880206125526013 0.05316876235728971 0.060367070325752836
23 0.8766208498097197 0.047623890397051595 0.05539976581733086 0.07682788402808367
23 0.9307525928896373 0.022653088824051808 0.04789101334587294 0.045306177648103615
6 0.15521142342198502 0.02955542200673742 0.026829096843970036 0.05911084401347484