6 0.6931628399425316 0.45934688151709385 0.0424073078783902 0.019116027088305287
1 0.5509074505082276 0.5072664588530682 0.11308237087727821 0.18914173676543378
23 0.28962904528890804 0.5654044063290875 0.15805469468185845 0.06501718610347992
23 0.4044581137612293 0.6138161734925953 0.040109060509226246 0.019788115177646403
6 0.6812257401119408 0.6375446561241997 0.039373313140062295 0.020532977874093562
1 0.8590322216960894 0.634717100914132 0.22378319439950972 0.3641481989237615
23 0.28014908752345724 0.7014146809361934 0.14848997888272547 0.0747004011572919
1 0.5396837112433328 0.7267249342459623 0.1253548577230985 0.18581768362228032
23 0.27838291922054526 0.8253787198113229 0.14031345783603796 0.06808652812176277
23 0.4034816297580063 0.8312391139393014 0.044796560509226244 0.02000643899896417
23 0.6397530587254364 0.841271123659211 0.02249662628012441 0.03844606989237605
23 0.6678325560946006 0.8407424307313057 0.01757390785015538 0.04756635876750579
23 0.46990329030958494 0.8546359185301966 0.03367704998588259 0.01637201674922295
23 0.5563490245245694 0.8552844278358215 0.03533055524755433 0.018007291356328635
23 0.3977552745245694 0.862671050457066 0.04387880261671846 0.017626301695410972
23 0.9126067298003587 0.8519366801121331 0.042589318401734036 0.022241027088305287
23 0.8211094745386868 0.8577564946278258 0.032387565770898165 0.020986742142117265
23 0.728785466646179 0.8643939464470712 0.03776531050922625 0.01967895326698752
23 0.46734743770698384 0.8851410558337495 0.03137880261671846 0.017044104838564066
23 0.3934094087677887 0.8971552123677249 0.022694047355046633 0.01508134449948173
23 0.4686523324735468 0.9162455066195377 0.02825380261671846 0.016898555624352697
23 0.39614029564184394 0.9305306385464072 0.02986180524755433 0.01775258023145838
23 0.46228123513261765 0.9453700804408554 0.031151289462538756 0.013137854838564066
23 0.26595997197843807 0.9584095436326404 0.155392426266007 0.059439274192821044
23 0.3901864272542273 0.9658688250641718 0.03431408681758548 0.02730951674922295
23 0.46068864305336027 0.9727138304408554 0.030787268415851443 0.006887854838564067
1 0.7472099719784381 0.9359949646440363 0.338204926266007 0.06795390322420616
6 0.7120526789674301 0.004801334834176174 0.029800892065139806 0.009602669668352349
23 0.3185078053181416 0.04282093093619338 0.1517059841443973 0.07640845037150353
1 0.5707836658838377 0.0869198413991101 0.10843266823232475 0.1738396827982202
1 0.8668774158838376 0.07444013120525302 0.26451606826055957 0.14888026241050603
6 0.6986510606504006 0.09757462758815245 0.0390092920933748 0.014282977874093517
6 0.7007071133377063 0.15591366646328195 0.019553636803468066 0.04142552067816441
23 0.4371983501835267 0.17208243776061893 0.04847529735504672 0.01628212551672865
23 0.31445109492185475 0.17935774441842872 0.1609444762518896 0.07450134801413869
23 0.9434945818382623 0.22797264123700356 0.0566664999294126 0.07665669933804624
23 0.8788860502682312 0.24033140012834373 0.03270608418674925 0.026455492142117086
23 0.6719080081748565 0.2624376482663169 0.02368739995764777 0.045513707195929065
1 0.5584069502964661 0.2848649199779386 0.10779563140062187 0.19201202564056316
23 0.306298418726435 0.3059566317219817 0.15175919205102256 0.06394483767505647
1 0.7596586371564038 0.2941906083577301 0.09860337094786545 0.11444995181924558
6 0.8890885319229669 0.3193275413608381 0.030370039462538755 0.013101467535011313
23 0.42197735565696004 0.3932853496712777 0.049438557878390375 0.019443512820281582
6 0.9710140951336163 0.3708300752735688 0.011741136803468066 0.04106164764263518
23 0.9029543398719444 0.3755582706826736 0.029755389434303937 0.042679805624352515
23 0.6795168398719444 0.3859650394988113 0.0332598210325699 0.022585629445670108
23 0.9388463372411084 0.3746657047192389 0.027366136803468066 0.04178939371369372
23 0.29823674779268705 0.4309930190255346 0.15409523677523324 0.07729886228216235