23 0.846875 0.1421875 0.02265625 0.0125
23 0.740625 0.1421875 0.0265625 0.01171875
6 0.25 0.1421875 0.02578125 0.01171875
6 0.13828125 0.15625 0.025 0.01484375
6 0.0890625 0.15703125 0.0234375 0.0171875
6 0.25078125 0.15703125 0.0234375 0.01328125
6 0.29375 0.15703125 0.021875 0.01328125
6 0.74140625 0.159375 0.025 0.015625
23 0.846875 0.16171875 0.02265625 0.0125
23 0.20390625 0.2046875 0.0140625 0.03515625
23 0.1640625 0.21875 0.02421875 0.01484375
23 0.6703125 0.23046875 0.01328125 0.03046875
23 0.68203125 0.23046875 0.0125 0.03046875
6 0.88203125 0.2359375 0.01484375 0.03515625
23 0.27578125 0.24453125 0.0125 0.0296875
23 0.20390625 0.24375 0.0125 0.03203125
23 0.2875 0.24609375 0.01171875 0.0296875
23 0.7421875 0.27421875 0.02265625 0.0125
6 0.88359375 0.278125 0.01484375 0.03515625
23 0.86796875 0.27890625 0.01015625 0.03046875
23 0.01796875 0.2890625 0.01171875 0.034375
23 0.0046875 0.28984375 0.009375 0.0328125
23 0.20703125 0.296875 0.0109375 0.03203125
1 0.6625 0.29921875 0.09296875 0.1078125
1 0.79375 0.30546875 0.07734375 0.11796875
23 0.4078125 0.30625 0.02421875 0.01484375
23 0.41171875 0.33046875 0.025 0.01484375
6 0.8703125 0.34921875 0.01484375 0.0359375
23 0.69375 0.3703125 0.01171875 0.0296875
23 0.61484375 0.371875 0.01328125 0.02890625
23 0.66796875 0.371875 0.0109375 0.03203125
23 0.6421875 0.37265625 0.0125 0.03125
23 0.68125 0.371875 0.0125 0.03203125
23 0.7078125 0.37265625 0.009375 0.03125
23 0.45078125 0.38046875 0.01171875 0.03515625
23 0.92734375 0.39453125 0.01484375 0.03515625
23 0.4546875 0.44375 0.021875 0.01171875
1 0.66171875 0.4484375 0.0875 0.09765625
23 0.453125 0.4578125 0.02578125 0.0140625
1 0.79453125 0.47109375 0.07890625 0.11875
23 0.4546875 0.475 0.025 0.015625
23 0.4546875 0.49921875 0.02421875 0.01484375
23 0.04609375 0.5125 0.025 0.01640625
23 0.45625 0.5171875 0.025 0.0140625
23 0.89609375 0.51875 0.0265625 0.0171875
23 0.6328125 0.51875 0.0125 0.0296875
23 0.64609375 0.5203125 0.009375 0.0296875
23 0.66953125 0.51953125 0.0109375 0.03359375
23 0.68046875 0.51953125 0.01171875 0.03125
23 0.69375 0.521875 0.01171875 0.0296875
23 0.6578125 0.521875 0.0125 0.03203125
23 0.70625 0.521875 0.0109375 0.0296875
23 0.0453125 0.53046875 0.02578125 0.01328125
23 0.45390625 0.540625 0.02578125 0.01328125
6 0.74765625 0.5515625 0.0125 0.0328125
23 0.61484375 0.5515625 0.02578125 0.015625
23 0.45390625 0.5546875 0.025 0.0140625
23 0.04609375 0.5625 0.025 0.0171875
6 0.0125 0.5671875 0.025 0.0125
23 0.6953125 0.575 0.0109375 0.03125
23 0.70625 0.57734375 0.01171875 0.03359375
23 0.875 0.58828125 0.0109375 0.0296875
23 0.88671875 0.5890625 0.01171875 0.03125
6 0.590625 0.60390625 0.0109375 0.0296875
23 0.4796875 0.634375 0.025 0.0171875
23 0.51484375 0.6359375 0.02578125 0.0171875
23 0.48046875 0.65859375 0.021875 0.0140625
23 0.5140625 0.65859375 0.025 0.0140625
23 0.03203125 0.734375 0.0265625 0.01875
6 0.06796875 0.74375 0.028125 0.0140625
6 0.09296875 0.7671875 0.0125 0.03046875
23 0.25703125 0.77421875 0.01171875 0.0359375
23 0.3109375 0.7796875 0.0109375 0.03515625
23 0.259375 0.81640625 0.01640625 0.03828125
23 0.325 0.81953125 0.0125 0.0359375
23 0.7515625 0.9125 0.02421875 0.01484375
6 0.73125 0.91484375 0.0125 0.03671875
23 0.71640625 0.915625 0.01171875 0.0328125
23 0.30546875 0.91796875 0.02734375 0.01484375
23 0.846875 0.09609375 0.025 0.0140625
6 0.4390625 0.959375 0.0265625 0.0203125
23 0.85625 0.96875 0.02109375 0.0140625
23 0.85703125 0.984375 0.021875 0.01328125
6 0.8484375 0.11015625 0.025 0.01328125
23 0.84765625 0.1265625 0.02421875 0.01328125
1 0.79765625 0.1328125 0.0734375 0.115625
6 0.1390625 0.140625 0.02421875 0.0140625
6 0.08828125 0.14140625 0.02421875 0.0140625
6 0.29375 0.140625 0.0234375 0.01484375