28 0.12837778866573252 0.5379854782511702 0.12404327564056317 0.1017455252088709
6 0.3394950711307212 0.49963926676873294 0.013210629445670108 0.03250875247145792
23 0.393272888541898 0.4778796719019292 0.024728172249741043 0.01192433844101295
23 0.33629514247083947 0.46454668376492736 0.010794104838564245 0.030850751977166267
23 0.39332639247083945 0.4622228384038321 0.02491010876750561 0.015830588441012948
6 0.3610575479713575 0.44162117832771985 0.024946496071058633 0.01661183844101295
28 0.12397492493582814 0.44345422825117015 0.10985234305173996 0.0816731057412186
23 0.23245951302516935 0.4366856220156599 0.03848245719592906 0.02262175790866543
23 0.0737929884180635 0.4415853221293907 0.01466396753501129 0.030228669467652302
23 0.22355539391858148 0.41356645699663197 0.02881635876750561 0.01598975593149916
23 0.3372176335794993 0.4003250162744413 0.011012428659881834 0.03553825197716627
23 0.09193936683027629 0.3774445676807664 0.03911815798171734 0.01952859140676253
28 0.21957206120592376 0.3448482904947291 0.08244012655018595 0.14605659931542805
6 0.39058657444049016 0.23534200342286007 0.021770146194893057 0.06560775395433271
23 0.25322781554914997 0.17675486509557775 0.041607457195929065 0.022749091901054185
23 0.28234161910658784 0.01412386683489355 0.013991879445670107 0.0282477336697871
23 0.269768844499482 0.013597284819671115 0.013991879445670107 0.02719456963934223
23 0.29796661910658784 0.017556261226543086 0.01858948821317572 0.03511252245308617
6 0.26276367472643114 0.9864946210270767 0.011374147642635179 0.009820668973360824
23 0.11599783663708996 0.9948230686693496 0.02440068651776466 0.0048930884410129495
1 0.18865193258431404 0.958205136350116 0.12053513192686945 0.07665002471457924
23 0.11378036517313724 0.9808242356655441 0.02480094685684686 0.013486838441013305
23 0.30326024213760794 0.9652761956279253 0.039263707195929066 0.02265359140676253
23 0.11372470719141987 0.9628236521674467 0.02323844685684686 0.013423171444818393
6 0.2657045841558906 0.9488036200384936 0.024056084160399747 0.01423625494291585
23 0.30209584842391424 0.9402761956279253 0.04089898180303493 0.02427975840295673
23 0.1122157111203613 0.9472304856655441 0.025691358767505612 0.015862421939110048
6 0.264195588084832 0.9332104535365907 0.02331122146395277 0.014985671444818393
6 0.2641763174066676 0.9159911200384936 0.02561858416039975 0.01429992193911005
23 0.30245756740666757 0.9144312786317311 0.036883569892376136 0.021776840912470875
23 0.2097049871752092 0.8892495479091028 0.011538967535011223 0.03010133547526337
6 0.2586690260503387 0.8817752875289795 0.013955492142117176 0.031759335969555026
23 0.24148152605033874 0.8824756244871178 0.019443512820281582 0.04913783695813834
23 0.4935855274980808 0.8166291541074321 0.010757717535011225 0.03006950197716627
23 0.578632615587422 0.8108155528148376 0.023165672249741042 0.011860671444818394
23 0.5382601726595165 0.7842822277196976 0.01406465405277597 0.034103085969555205
6 0.4620401209641055 0.7443376600389311 0.013283404052775971 0.034071252471457925
23 0.5776287336605526 0.7388450523205462 0.028071496071058633 0.016739172433401707
23 0.40951443444634084 0.7425642544114432 0.011866453266987698 0.037132585475263546
23 0.44857693444634084 0.7409725795065836 0.01293880169541115 0.043414418973360826
23 0.5391291598392349 0.7357173937273087 0.015627154052775972 0.03416675296574958
6 0.43109833601791736 0.7354229164647217 0.024004734284234174 0.06335950444862419
23 0.6138380614108115 0.726411377909978 0.012429379445670108 0.03247691897336082
23 0.5768646002859411 0.7224388023205461 0.028071496071058633 0.016739172433401707
23 0.7166890796077766 0.6995212726630509 0.014809516749222951 0.0333536694676523
23 0.6908350550006708 0.6990092781002584 0.013247016749222951 0.03329000247145793
23 0.6790435303935649 0.6979242805717163 0.013919104838564067 0.030978085969555025
23 0.7040799176971179 0.6976868586326062 0.012429379445670108 0.03247691897336082
23 0.734439505786459 0.6941016022068155 0.012502154052775794 0.034039418973360824
23 0.5601843684829062 0.7004192222824901 0.02569135876750579 0.01586242193911023
23 0.4601479811793531 0.7037126600389311 0.012793252481199247 0.04028941897336082
23 0.4718303438758003 0.7024539075674732 0.011648129445670109 0.03244508547526355
23 0.44832006926869444 0.701846412510389 0.011648129445670109 0.03244508547526355
23 0.4850024319651415 0.6995689880998208 0.014845904052775971 0.03413491946765248
23 0.5633264851082946 0.6838538047920041 0.02639983416039975 0.014331755437207504
23 0.12124168486062561 0.6032430637264337 0.040971756410140794 0.025842258402956907