6 0.55859375 0.5734375 0.03515625 0.0703125
6 0.60546875 0.57578125 0.0390625 0.05859375
6 0.5171875 0.5765625 0.04140625 0.065625
6 0.02109375 0.5890625 0.03203125 0.07109375
6 0.746875 0.63515625 0.0578125 0.0546875
6 0.68125 0.6375 0.06796875 0.04921875
1 0.10625 0.7765625 0.1890625 0.1796875
6 0.2421875 0.84140625 0.0703125 0.05234375
23 0.41796875 0.01015625 0.05859375 0.0203125
23 0.41953125 0.04453125 0.0625 0.0375
6 0.19296875 0.11953125 0.0703125 0.03359375
1 0.07734375 0.25078125 0.1546875 0.5015625
23 0.42109375 0.15859375 0.05625 0.03515625
6 0.4171875 0.240625 0.0671875 0.05
1 0.73125 0.25859375 0.484375 0.5171875
6 0.18515625 0.2640625 0.0640625 0.046875
1 0.28203125 0.4671875 0.234375 0.19140625
6 0.43046875 0.51484375 0.03828125 0.06015625