23 0.67734375 0.0046875 0.15234375 0.00859375
23 0.48046875 0.00546875 0.0296875 0.0109375
23 0.55 0.01796875 0.03203125 0.01484375
23 0.48046875 0.03125 0.0296875 0.02109375
6 0.48046875 0.0640625 0.04453125 0.025
23 0.55390625 0.06640625 0.0390625 0.01796875
23 0.48046875 0.09921875 0.0296875 0.01484375
1 0.19609375 0.13046875 0.33515625 0.2609375
6 0.55546875 0.10625 0.0359375 0.021875
23 0.48203125 0.13359375 0.03203125 0.01796875
6 0.5578125 0.14609375 0.03828125 0.028125
23 0.478125 0.1609375 0.03125 0.0140625
23 0.559375 0.18359375 0.04375 0.01953125
23 0.4796875 0.196875 0.03984375 0.015625
1 0.68125 0.2109375 0.08828125 0.3203125
6 0.55234375 0.2421875 0.0171875 0.03046875
1 0.4796875 0.2484375 0.04609375 0.05546875
23 0.58046875 0.25703125 0.021875 0.040625
23 0.284375 0.32109375 0.01640625 0.02421875
6 0.2359375 0.321875 0.0203125 0.034375
6 0.5546875 0.3234375 0.01484375 0.034375
23 0.3734375 0.325 0.015625 0.03203125
23 0.403125 0.3265625 0.0203125 0.0375
6 0.3375 0.3265625 0.0296875 0.034375
23 0.13359375 0.32890625 0.021875 0.03125
1 0.47578125 0.3328125 0.0453125 0.05625
23 0.5859375 0.3359375 0.00859375 0.04296875
23 0.390625 0.37890625 0.03671875 0.0171875
6 0.578125 0.39296875 0.040625 0.015625
23 0.25546875 0.396875 0.01171875 0.03515625
23 0.32734375 0.3984375 0.021875 0.0359375
23 0.28671875 0.3984375 0.0109375 0.03359375
23 0.38828125 0.41640625 0.03203125 0.01484375
23 0.478125 0.41875 0.0375 0.053125
1 0.69453125 0.4203125 0.05390625 0.05546875
23 0.603125 0.43828125 0.0453125 0.015625
23 0.41640625 0.478125 0.03203125 0.0171875
23 0.09140625 0.48515625 0.0203125 0.03515625
23 0.04453125 0.4890625 0.01640625 0.0375
23 0.30078125 0.53828125 0.01328125 0.034375
23 0.5078125 0.54140625 0.0109375 0.03203125
23 0.02578125 0.54765625 0.01328125 0.02734375
23 0.06171875 0.5484375 0.02109375 0.03671875
23 0.1109375 0.5515625 0.01796875 0.03515625
23 0.14609375 0.5546875 0.015625 0.03125
6 0.1453125 0.60703125 0.03984375 0.01328125
23 0.509375 0.6078125 0.01328125 0.0328125
23 0.2234375 0.62109375 0.03984375 0.0203125
1 0.596875 0.6375 0.07109375 0.2296875
23 0.29609375 0.6390625 0.0140625 0.034375
23 0.23046875 0.65859375 0.028125 0.01484375
23 0.7328125 0.675 0.02109375 0.03828125
23 0.684375 0.6796875 0.01484375 0.0328125
23 0.23203125 0.690625 0.025 0.01328125
23 0.5109375 0.71171875 0.01640625 0.0265625
23 0.22734375 0.71953125 0.02890625 0.015625
1 0.07421875 0.7546875 0.14765625 0.20625
23 0.2234375 0.75703125 0.0390625 0.01796875
23 0.228125 0.78828125 0.0375 0.01328125
23 0.2296875 0.82109375 0.03359375 0.0109375
23 0.43828125 0.83359375 0.01796875 0.04453125
1 0.34140625 0.8640625 0.08125 0.11796875
23 0.228125 0.88203125 0.0375 0.015625
23 0.4390625 0.90078125 0.0171875 0.046875
23 0.00234375 0.90078125 0.0046875 0.01640625
23 0.13046875 0.903125 0.0359375 0.0140625
23 0.06171875 0.90390625 0.03046875 0.015625
23 0.1953125 0.91328125 0.03515625 0.0140625