6 0.4828125 0.6859375 0.0875 0.24296875
23 0.75234375 0.7125 0.05546875 0.23125
23 0.8171875 0.71484375 0.04609375 0.2359375
23 0.68046875 0.71796875 0.0578125 0.2390625
23 0.90546875 0.72421875 0.0578125 0.24140625
6 0.47265625 0.8640625 0.0421875 0.03671875
23 0.359375 0.87890625 0.06015625 0.234375
23 0.14921875 0.8890625 0.04453125 0.02734375
23 0.30546875 0.9359375 0.0203125 0.0640625
1 0.4578125 0.94921875 0.05859375 0.1015625
23 0.4109375 0.96953125 0.03203125 0.06015625
28 0.13984375 0.9640625 0.0734375 0.071875
23 0.2265625 0.97734375 0.05 0.0453125
6 0.31171875 0.99453125 0.084375 0.0109375
23 0.55546875 0.996875 0.0578125 0.00625
23 0.78671875 0.996875 0.0578125 0.00625