6 0.41244098223566034 0.716175648540872 0.038954050436840325 0.03024306070710594
6 0.49657959289298664 0.7089658384667381 0.03568358007211821 0.023883933302444225
23 0.45455574705329926 0.714523868503805 0.03417563145888884 0.02617311960011328
6 0.4153484298989589 0.7404762440943682 0.03724608007211803 0.023938497004775173
23 0.4574631947165978 0.7388244640573014 0.038863131458888846 0.02633681070710594
6 0.49955977573864646 0.7363914340202344 0.03417563145888884 0.02617311960011328
23 0.4183649803357993 0.7694643396478644 0.029433580072118028 0.023665678493120977
23 0.4604615613578479 0.7670313096107977 0.034121080072118025 0.02382936960011328
6 0.5048291571975353 0.761555125127227 0.037300631458888844 0.02628224700477517
6 0.41967356040791726 0.7921478714990299 0.03733699905006951 0.027844747004775173
6 0.5030672886564242 0.7864732795737307 0.03573813145888884 0.026227683302444228
23 0.4649133252255561 0.7906052188666248 0.03573813145888884 0.026227683302444404
23 0.4249793094579868 0.8188740626060225 0.03733699905006951 0.027844747004775173
6 0.5060111039109034 0.812336375127227 0.03724608007211803 0.023938497004775173
23 0.46554975807121596 0.8179489688666248 0.03573813145888884 0.026227683302444404
6 0.42485267609923677 0.8469717807548571 0.038954050436840325 0.03024306070710594
6 0.5113168529609728 0.8390625662342195 0.0372460800721182 0.023938497004775173
23 0.46696744091687564 0.8453200007177901 0.03733699905006951 0.027844747004775173
23 0.42617943996694513 0.8704365626060225 0.03733699905006951 0.027844747004775173
6 0.4693306811332299 0.9133160325689555 0.038863131458888846 0.02633681070710594
6 0.47149324638770906 0.9391518462712865 0.03889949905006951 0.02789931070710594
6 0.5807778745250347 0.03355166541591294 0.019368249050069508 0.02721726442797027
6 0.5394625435029862 0.03601197730414526 0.022675087005972296 0.03513889183263199
6 0.559702308320625 0.03359630543444639 0.016279616641249994 0.028670637023308555
6 0.5199494772985764 0.03611118102500956 0.01802395459715278 0.03653770072563942
6 0.6730562935029861 0.04067717385343343 0.026581337005972296 0.03527530108845913
6 0.4625188370059723 0.050498574038767896 0.02859843189572935 0.05486111479078999
6 0.4290523735751043 0.0547942044386545 0.02850751291777769 0.05095486479078999
6 0.7183324259118056 0.04069702122102826 0.02492791802802081 0.03131448738612826
6 0.6106653962765278 0.043182125760199204 0.029924542553055565 0.04475942849312083
6 0.6189883489738195 0.13246288056952263 0.03163251291777769 0.0510639921954517
6 0.5824514369297222 0.13899313356474752 0.03484843189572935 0.05507936960011341
23 0.6475497600679863 0.15219502721147804 0.01816942496187508 0.04278770072563942
6 0.6911724734988542 0.14825406087674198 0.022947843939826386 0.04685764183263199
23 0.6693883924768057 0.15139641904411 0.01973192496187508 0.042842264427970275
23 0.5319988016711112 0.21841524953666386 0.018205792553055565 0.04435020072563942
6 0.01714078713781284 0.40105406851165426 0.017443379559027843 0.07867063702330857
6 0.03581805195545172 0.39858383293962457 0.02529159393982643 0.04693948738612832
6 0.4261891320275698 0.43485372667117306 0.03559266109416672 0.019977683302444406
23 0.38414710239229205 0.43963050670824 0.034121080072118115 0.02382936960011328
23 0.3870727338511809 0.46471235226173624 0.032558580072118024 0.023774805897782515
6 0.4299505648732295 0.46230660407583474 0.035774499050069505 0.027790183302444406
6 0.4289699463321185 0.487252040373504 0.035683580072118026 0.023883933302444406
23 0.3892534829012504 0.4913294159640671 0.03264949905006942 0.027681055897782515
6 0.4335126291777781 0.514732199629331 0.037300631458888844 0.02628224700477517
23 0.39065298195131987 0.5179191978152324 0.034121080072118025 0.02382936960011328
6 0.43721951063666714 0.5398413270339928 0.03720971248093754 0.02237599700477517
23 0.39359679720579904 0.5437822933687289 0.03564721248093754 0.022321433302444228
23 0.39575936246027826 0.5696181070710596 0.035683580072118116 0.023883933302444225
6 0.4370746934823268 0.5671577951828274 0.03568358007211821 0.023883933302444406
23 0.39792192771475743 0.5954539207733905 0.03573813145888893 0.026227683302444228
6 0.4438338397588547 0.5892510499921508 0.03261313145888885 0.026118555897782513
6 0.44365265501333384 0.6150050181409854 0.034121080072118205 0.02382936960011346
6 0.4034640661075006 0.6323363618803831 0.037300631458888844 0.02628224700477517
6 0.49118227165458384 0.644766929210911 0.03261313145888885 0.026118555897782513
6 0.4498851244281255 0.6480084910991433 0.03733699905006951 0.027844747004775173
6 0.4093516966164589 0.6840625529873756 0.03417563145888884 0.02617311960011346
23 0.45301077763850744 0.6816840866526397 0.03261313145888885 0.026118555897782513
6 0.49507099106937547 0.6776885566155727 0.037300631458888844 0.02628224700477517