23 0.3015625 0.028125 0.05234375 0.05546875
23 0.13203125 0.07421875 0.01796875 0.1234375
23 0.1671875 0.0859375 0.0234375 0.12109375
23 0.25390625 0.0953125 0.021875 0.09609375
23 0.178125 0.19921875 0.0453125 0.0734375
6 0.23828125 0.2 0.04765625 0.0671875
23 0.30078125 0.21875 0.04296875 0.07890625
23 0.50078125 0.22578125 0.05546875 0.0921875
23 0.13359375 0.2390625 0.025 0.11875
23 0.453125 0.246875 0.02578125 0.1171875
23 0.41484375 0.26171875 0.03203125 0.1296875
23 0.20234375 0.30546875 0.0203125 0.13125
23 0.16953125 0.30546875 0.0265625 0.13125
23 0.4984375 0.31640625 0.04296875 0.08515625
23 0.41953125 0.39453125 0.02421875 0.12265625
23 0.45390625 0.3953125 0.025 0.12421875
6 0.6125 0.4015625 0.053125 0.06796875
23 0.50234375 0.4078125 0.04375 0.1140625
6 0.13984375 0.47109375 0.0234375 0.11328125
23 0.17421875 0.47734375 0.02265625 0.11796875
6 0.609375 0.48984375 0.06796875 0.090625
6 0.8765625 0.50625 0.03828125 0.0546875
6 0.82265625 0.509375 0.03671875 0.05234375
6 0.4359375 0.52109375 0.05703125 0.0859375
23 0.5078125 0.53671875 0.03515625 0.1421875
23 0.2390625 0.55546875 0.03125 0.14609375
6 0.31015625 0.5578125 0.0203125 0.115625
23 0.340625 0.55859375 0.0265625 0.134375
23 0.27265625 0.5625 0.02890625 0.12421875
23 0.37578125 0.56953125 0.028125 0.10546875
23 0.17109375 0.6109375 0.0234375 0.128125
23 0.1390625 0.615625 0.03203125 0.1375
6 0.94765625 0.6375 0.03828125 0.078125
6 0.875 0.6375 0.0375 0.053125
6 0.82421875 0.640625 0.04296875 0.05078125
23 0.20234375 0.69140625 0.034375 0.12578125
23 0.27265625 0.69609375 0.02265625 0.1359375
23 0.3859375 0.6984375 0.02578125 0.13125
23 0.2421875 0.6984375 0.0296875 0.1234375
23 0.30859375 0.7 0.02109375 0.14296875
23 0.34140625 0.703125 0.0375 0.1328125
23 0.15234375 0.76328125 0.02734375 0.12421875
6 0.49140625 0.76796875 0.0265625 0.1171875
23 0.12109375 0.78046875 0.0234375 0.1078125
6 0.20703125 0.82109375 0.0578125 0.0953125
6 0.41953125 0.84921875 0.028125 0.10859375
23 0.07109375 0.9078125 0.0234375 0.13203125
23 0.46484375 0.91171875 0.021875 0.1140625
23 0.49609375 0.9265625 0.03125 0.1359375
23 0.3359375 0.9265625 0.028125 0.13515625
23 0.421875 0.959375 0.0328125 0.08125
23 0.11640625 0.978125 0.0578125 0.04375
23 0.38046875 0.9890625 0.05390625 0.02109375
6 0.4546875 0.99375 0.02578125 0.0125