23 0.2546875 0.33828125 0.0546875 0.053125
6 0.30859375 0.3390625 0.05703125 0.0546875
23 0.3640625 0.34296875 0.0515625 0.0625
23 0.2609375 0.4140625 0.0546875 0.07109375
6 0.31171875 0.4140625 0.05078125 0.0625
23 0.36875 0.4203125 0.059375 0.03984375
23 0.621875 0.4515625 0.03359375 0.08046875
23 0.36171875 0.48046875 0.0421875 0.04921875
23 0.67421875 0.48671875 0.0515625 0.0484375
23 0.2578125 0.49140625 0.04921875 0.0578125
6 0.3109375 0.4921875 0.05703125 0.059375
6 0.5609375 0.49375 0.05 0.05
23 0.67109375 0.55390625 0.0453125 0.0421875
23 0.365625 0.5546875 0.03671875 0.0609375
23 0.25546875 0.56328125 0.04453125 0.05078125
6 0.3109375 0.56484375 0.04765625 0.059375
23 0.25546875 0.63046875 0.04921875 0.053125
23 0.3671875 0.63359375 0.046875 0.0453125
23 0.6734375 0.63359375 0.05234375 0.040625
6 0.31015625 0.63515625 0.05234375 0.06171875
23 0.87890625 0.63671875 0.05078125 0.04375
1 0.96953125 0.65625 0.06015625 0.2984375
6 0.3109375 0.70390625 0.06015625 0.0546875
23 0.36875 0.70390625 0.0484375 0.05
1 0.540625 0.70546875 0.11640625 0.25546875
23 0.2609375 0.70859375 0.04453125 0.0640625
23 0.878125 0.715625 0.0484375 0.0546875
23 0.671875 0.7640625 0.0515625 0.0546875
6 0.309375 0.778125 0.05078125 0.06953125
23 0.365625 0.7765625 0.0453125 0.05390625
23 0.25625 0.78046875 0.04921875 0.05234375
23 0.2609375 0.85390625 0.04765625 0.065625
6 0.3109375 0.85234375 0.05 0.0765625
23 0.3671875 0.853125 0.05390625 0.05625
23 0.6296875 0.85546875 0.03203125 0.07734375
6 0.9484375 0.034375 0.0734375 0.06875
6 0.77421875 0.00078125 0.0515625 0.0015625
23 0.3671875 0.00078125 0.046875 0.0015625
6 0.61171875 0.00546875 0.04296875 0.0109375
1 0.42109375 0.13359375 0.1109375 0.196875
1 0.928125 0.1328125 0.11640625 0.2078125
1 0.7578125 0.13671875 0.12109375 0.21953125
1 0.5921875 0.13828125 0.115625 0.20625