28 0.21816557609453788 0.9490096308235516 0.06713326831736569 0.061951123360319826
6 0.2911969623451565 0.9224637409548884 0.03592753392119796 0.04629182383528985
6 0.3615293945027606 0.8294706575086603 0.10795302012638794 0.11239485866099877
6 0.236860265149547 0.8273869363414758 0.06647152702379291 0.07905673620519024
6 0.48891741010659284 0.8086934107880207 0.0709509871097012 0.09019895409301455
23 0.9707130489592032 0.18101223032789723 0.011712105947465546 0.030219766508343415
23 0.995689276203953 0.1779757615355617 0.008621447592094 0.028821040818602883
23 0.8886408553816384 0.18453005597220923 0.011384557326946165 0.023969766508343416
6 0.9418067989592032 0.18252714269779763 0.01253429952502998 0.031041960085908295
6 0.8610923874938141 0.18205683118697985 0.013851138059641244 0.026436347241038004
23 0.9141764439162492 0.17849141791256828 0.011384557326946165 0.023969766508343416
23 0.8040201939162491 0.1842644623492158 0.011630218792335612 0.02865726650834337
23 0.8312820567611194 0.18126893713444514 0.013687363749381376 0.02331134724103805
28 0.9831574681986233 0.11428175373364557 0.03368506360275347 0.06853531603337357
28 0.9128352719354103 0.10805608717987367 0.0563595426276251 0.06450291327441157
28 0.8392749412027157 0.10956103347097201 0.060552397670579336 0.07017638116223593
23 0.7406393673674261 0.08104428708901663 0.016355340343633173 0.04448698439616776
23 0.7115283994796016 0.07865294945891703 0.021783146766068028 0.04399233943912191