1 0.7545266408227189 0.8178116861075406 0.14081770678164424 0.17342041335136288
6 0.7132916728734228 0.6961724961011772 0.03743153349844608 0.06602498933799979
6 0.8008280601769757 0.696409400779722 0.04141055810555194 0.06763294267186346
6 0.7671679977281975 0.5967452081078587 0.12911391935425698 0.12331132535008997
23 0.8145889230783105 0.30026110677908574 0.04048375889134022 0.06449885200509069
6 0.24449474689962808 0.2889374200349984 0.04308222001621065 0.06999487400540882
6 0.7679686342031811 0.2942469167727224 0.04546235731976367 0.07080339600572697
6 0.17198404611383983 0.2849669880251352 0.06555653349844599 0.06635225334181775
6 0.4283432080244986 0.28560497672658813 0.03292597001621065 0.06987669533736343
23 0.7143192493808275 0.2545389794318591 0.034160984284234176 0.06286362667090888
23 0.5936450303980741 0.2273395854153144 0.03781252315936392 0.057440330004772555
23 0.7119070328792734 0.18885034476445006 0.030635723945152193 0.05423351400381797
23 0.5960680171635078 0.12496856341499625 0.03768624462331651 0.07149373933799978
6 0.7162542386274605 0.11229693543122277 0.044118181141081084 0.07547271467218156
23 0.6392593990903772 0.053557187420405085 0.05970463978475227 0.04129770934118147
6 0.706519673697483 0.05277648476285921 0.07160532630251701 0.045340319342772294
6 0.578394673697483 0.051285615412132744 0.06066782630251701 0.04521305000795417
6 0.5805222539289414 0.02238845607890546 0.06235660483856424 0.03117782200827235
6 0.7080479404467062 0.019963984762859214 0.07140411910658777 0.024255660009545016
23 0.6443493134822353 0.011406050087495973 0.05661387303552932 0.00846702800763601
1 0.27578125 0.128990255370771 0.5515625 0.257980510741542