23 0.0234375 0.57421875 0.0125 0.03828125
6 0.0546875 0.57890625 0.01484375 0.03515625
28 0.20390625 0.5921875 0.04921875 0.05859375
23 0.275 0.61953125 0.0203125 0.0265625
23 0.459375 0.6234375 0.01015625 0.03125
23 0.30625 0.62734375 0.01328125 0.02578125
23 0.41796875 0.63125 0.021875 0.034375
23 0.57734375 0.64140625 0.02109375 0.0625
23 0.653125 0.65546875 0.0125 0.03046875
6 0.61796875 0.65703125 0.015625 0.0328125
23 0.40390625 0.6953125 0.00625 0.028125
6 0.4359375 0.696875 0.0140625 0.03125