6 0.06269309456283845 0.16796875 0.011496607548481964 0.03203125
23 0.28208797686808673 0.17578125 0.022915348620028198 0.01484375
23 0.2818016047091082 0.1921875 0.022093188311602674 0.0125
6 0.24788057224170412 0.2109375 0.02290171185055314 0.0140625
1 0.15330841193327857 0.21328125 0.16455915219075065 0.11796875
6 0.9884510251638033 0.2140625 0.01587046185055314 0.0140625
6 0.9603260251638034 0.2140625 0.02686250892845372 0.0171875
6 0.8032538648553779 0.21640625 0.028425008928453722 0.0171875
6 0.8391913648553778 0.21640625 0.029206258928453722 0.0171875
6 0.7251015913164276 0.21796875 0.026026711850553143 0.0140625
6 0.7633692045469525 0.21875 0.029219895697928953 0.01796875
6 0.6868067045469524 0.21875 0.02610853246740401 0.01875
6 0.6110118177774773 0.21953125 0.02608125892845372 0.0171875
6 0.6492930677774773 0.21953125 0.02680796185055314 0.0140625
6 0.572716931008002 0.2203125 0.025259098620028196 0.01484375
6 0.5328459074690517 0.221875 0.028452282467404187 0.01875
6 0.4547345442385269 0.22109375 0.025259098620028196 0.01484375
6 0.49378340746905175 0.221875 0.023710235389503433 0.015625
6 0.37267602069957656 0.22265625 0.025245461850553052 0.0140625
6 0.4164260206995765 0.22265625 0.027602848620028198 0.01484375
6 0.3359299971606262 0.22421875 0.0261085324674041 0.01875
6 0.2913987471606262 0.22421875 0.026040348620028197 0.01484375
6 0.24992431331325035 0.228125 0.025245461850553052 0.0140625
23 0.05573793669004492 0.253125 0.02601307508107791 0.01328125
6 0.2490379232973643 0.27890625 0.02368296185055314 0.0140625
9 0.58266290097623 0.321875 0.824801176947517 0.078125
9 0.5912781960255358 0.41015625 0.8051159683433747 0.1140625
6 0.9876389529253945 0.484375 0.008139782467404188 0.01875
6 0.8172446323085435 0.4890625 0.026876145697929132 0.01796875
6 0.5406003116916926 0.49375 0.026067622158978666 0.01640625
6 0.6249753116916926 0.49375 0.025286372158978665 0.01640625
6 0.39837190138326706 0.49609375 0.023696598620028198 0.01484375
6 0.3210008778443167 0.49765625 0.022915348620028198 0.01484375
6 0.26627246753589123 0.5 0.025286372158978575 0.01640625
23 0.28722984984113953 0.5078125 0.01144206047058125 0.02890625
23 0.3005110998411395 0.5078125 0.011455697240056484 0.0296875
6 0.26601336891586297 0.51484375 0.02207955154212753 0.01171875
6 0.9855934375041191 0.6015625 0.008085235389503254 0.015625
6 0.9527809375041191 0.6015625 0.02684887215897831 0.01640625
6 0.912923550734644 0.60234375 0.026040348620028197 0.01484375
6 0.7918025271956937 0.60390625 0.02527273538950343 0.015625
6 0.7519315036567432 0.60546875 0.02605398538950343 0.015625
6 0.6730252536567433 0.60546875 0.02449148538950343 0.015625
6 0.5964627536567433 0.60546875 0.02679432508107791 0.01328125
6 0.712855366887268 0.60625 0.02290171185055314 0.0140625
6 0.636292866887268 0.60625 0.025300008928453722 0.0171875
6 0.39956048011779294 0.60703125 0.025231825081077908 0.01328125
6 0.558154230117793 0.60703125 0.024505122158978664 0.01640625
6 0.48079684334831774 0.6078125 0.024518758928453722 0.0171875
6 0.4401718433483177 0.6078125 0.026026711850553143 0.0140625
6 0.32140820657884256 0.60859375 0.026026711850553053 0.0140625
6 0.28625195657884256 0.60859375 0.022874438311602675 0.0125
6 0.3604570698093674 0.609375 0.027589211850553054 0.0140625
6 0.5190508198093674 0.609375 0.025259098620028196 0.01484375
23 0.25964854627041706 0.6109375 0.011496607548481919 0.03203125
6 0.2456718210271834 0.65078125 0.011346603084255058 0.0234375
9 0.5902888457839498 0.690625 0.7971671006486231 0.10625
9 0.781448823052483 0.078125 0.436393241882325 0.115625
9 0.5884342451353266 0.796875 0.7971671006486233 0.10625
6 0.9738165917267599 0.8734375 0.013908541395857909 0.0359375
6 0.8902092049572847 0.87421875 0.015402857548482274 0.03203125
6 0.7284768181878096 0.875 0.013072744317957153 0.0328125
6 0.6315609078793841 0.87734375 0.014662517856907442 0.034375
6 0.4448285211099089 0.878125 0.013086381087432385 0.03359375
6 0.3916762475709586 0.8796875 0.017006267856907443 0.034375
6 0.32133647403200827 0.88125 0.0147170649348082 0.0375
6 0.27679158726253306 0.88203125 0.013045470779006862 0.03125
23 0.26348306372358277 0.88359375 0.011510244317957153 0.0328125
23 0.1836728327983062 0.890625 0.03710057954530477 0.021875
6 0.129589304795129 0.90078125 0.011496607548481964 0.03203125
23 0.07020066802565383 0.9015625 0.011523881087432297 0.03359375
6 0.15613816802565383 0.9015625 0.01219603693163096 0.02734375
23 0.082714304795129 0.90078125 0.009879560470581295 0.02890625
6 0.17146315909720009 0.91875 0.013813084009531629 0.03046875
23 0.19358757508766847 0.94921875 0.038594895697928955 0.01796875
23 0.052167688318193295 0.95 0.025272735389503385 0.015625
23 0.05110006615921473 0.96640625 0.024436938311602718 0.0125
6 0.2221119955423637 0.97109375 0.02679432508107791 0.01328125
23 0.050032444000236154 0.9828125 0.023682961850553054 0.0140625
6 0.19911482630548444 0.990625 0.011264782467404099 0.01875
23 0.0513903924581086 0.99453125 0.025190914772652385 0.0109375
1 0.12614097646764025 0.9640625 0.11844208279171564 0.071875
6 0.14080050365344796 0.12421875 0.012291494317957152 0.0328125
6 0.17050164042292315 0.1234375 0.013168201704283344 0.03828125
23 0.06005901826394457 0.13984375 0.026807961850553053 0.0140625