23 0.24865429303121447 0.99765625 0.040734102773541635 0.0046875
23 0.13330204996506861 0.9859375 0.020967116641249995 0.028125
23 0.47332763792097143 0.978125 0.04224270459715278 0.0359375
6 0.9371362179930894 0.95546875 0.04373246941479181 0.0328125
23 0.24818282076663117 0.95078125 0.03571994766329869 0.02421875
23 0.6216930559489923 0.94765625 0.04287848423243048 0.0296875
23 0.135283430474027 0.934375 0.019387086056041714 0.0609375
23 0.4746914225902422 0.91953125 0.04131598423243048 0.0296875
1 0.7291068188667701 0.89765625 0.10474597064906277 0.20390625
1 0.38146875266236036 0.896875 0.1087067720358336 0.20625
9 0.06900577346392289 0.86171875 0.06268706363895857 0.2765625
23 0.25036422302708256 0.890625 0.03969893284565966 0.02734375
23 0.6222574068226729 0.88984375 0.04216996941479181 0.0328125
23 0.9161165095962145 0.88515625 0.03820916802802081 0.03046875
9 0.5529450155801381 0.846875 0.07039111407579882 0.30546875
23 0.1352301855080201 0.86953125 0.02009560087368061 0.0578125
23 0.4746563614198257 0.85390625 0.042933035619201476 0.03203125
23 0.2540717576963535 0.83203125 0.04360518284565975 0.02734375
23 0.622985411856666 0.825 0.04464100598392377 0.03828125
23 0.1375206905420132 0.8046875 0.020241071238402818 0.0640625
23 0.47683776368027714 0.79375 0.04129780043684015 0.02890625
23 0.25383667477444377 0.775 0.042896668028020814 0.03046875
1 0.9187531599568048 0.771875 0.106198714665139 0.165625
6 0.7446253289347563 0.76796875 0.04133416802802081 0.03046875
23 0.6065077330950688 0.7609375 0.02254845364722229 0.0625
23 0.1390663131671869 0.73828125 0.020186519851631956 0.06171875
23 0.25520045944371467 0.71640625 0.04135235182361115 0.03125
6 0.6687180987863883 0.70625 0.08826567904593752 0.13359375
23 0.1414295533835411 0.6703125 0.02091321846486114 0.059375
6 0.4126142223614925 0.66640625 0.044550087005972294 0.034375
23 0.8714079941129856 0.6578125 0.04289666802802117 0.03046875
23 0.9792386779085758 0.65703125 0.011519381458888844 0.025
23 0.256401243163055 0.63125 0.04202449905006951 0.0265625
23 0.14141267600871477 0.60390625 0.020168336056041715 0.0609375
23 0.25921842505878423 0.57734375 0.039717116641249994 0.028125
23 0.1437577324294787 0.53671875 0.020313806420763924 0.0671875
1 0.413434452794201 0.53046875 0.10890679378732653 0.21484375
23 0.2605822097280551 0.51875 0.04447735182361114 0.03125
9 0.083820994397326 0.46015625 0.06388654093753496 0.29453125
23 0.2627636119885065 0.45859375 0.043623366641249994 0.028125
23 0.2633097790665969 0.4015625 0.042860300436840325 0.02890625
23 0.26312924753145805 0.3421875 0.04207905043684033 0.02890625
6 0.6938343868741317 0.33203125 0.10994065729444458 0.125
23 0.2652379146095484 0.28515625 0.04129780043684032 0.02890625
6 0.8665107803008679 0.23046875 0.24570089181121552 0.35234375
23 0.2673465816876387 0.228125 0.044459168028020815 0.03046875
23 0.15115853723472203 0.21875 0.02176720364722229 0.0625
9 0.5483985195672915 0.1359375 0.08003625816812523 0.1828125
9 0.47812238715847216 0.134375 0.08463283919017392 0.17890625