23 0.15825021751493062 0.09139387023308558 0.02120350598392364 0.038990578130301136
23 0.17932578371934035 0.09134923021455213 0.018114873575104173 0.04044395072563942
23 0.07416615824437509 0.10094743030721935 0.019677373575104195 0.04049851442797028
23 0.20110986474138898 0.08820687204718411 0.018114873575104173 0.04044395072563942
23 0.11622637167524315 0.09695190027015248 0.018114873575104173 0.04044395072563942
23 0.13650250408406256 0.0960987284004536 0.021294424961875037 0.042896828130301136
23 0.22140418094579867 0.08813495017748525 0.01964100598392369 0.038936014427970275
23 0.0952417244487848 0.10090279028868591 0.01826034393982643 0.04669395072563942
23 0.02149575313413204 0.11862351442797028 0.019677373575104202 0.04049851442797028
23 0.041735517951770926 0.1162078425582714 0.018078505983923642 0.03888145072563942
6 0.7048830553739242 0.737316560876742 0.016516005983923776 0.03882688702330857
6 0.725122820191563 0.7349008890070431 0.018114873575104086 0.04044395072563951
6 0.7477427026003826 0.7341295626908405 0.01655237357510426 0.04038938702330839
6 0.33293662661232704 0.7883383360196674 0.03252221248093754 0.022212305897782513
1 0.385861604860834 0.7815997518989166 0.04046199905006942 0.027953874409436707
23 0.08163000617135488 0.8576240162420689 0.029306293502986126 0.018196928493120622
23 0.040423777922847945 0.8647718281303011 0.02926992591180557 0.016634428493120624
1 0.8521594052976743 0.8267659851935116 0.1072163540078126 0.17938245435383635
23 0.09736476215527853 0.8964236214142118 0.022275043502986126 0.01795139183263217
1 0.05099890843180632 0.9166617103442863 0.056887086056041716 0.0628745114327451
23 0.10025402602298687 0.9199429669677082 0.024618793502986146 0.01803323738612832
28 0.15019947463621602 0.9193452554422956 0.04600413744281253 0.06483631551642936
23 0.10408819405100775 0.9505208443723699 0.02774379350298615 0.018142364790789855
28 0.060138825509896646 0.9728199411069927 0.0575228656913195 0.05436011778601468
23 0.10467007550989664 0.97552084437237 0.02774379350298615 0.018142364790789855
23 0.15296210514517444 0.9709623191446266 0.029306293502986146 0.018196928493120622
23 0.15588773660406333 0.9934592093001985 0.030868793502986148 0.013081581399602981
6 0.10906728799083416 0.9949504014512789 0.03466594072944447 0.010099197097442314
6 0.4901347968245494 0.9686855788480913 0.014862587005972294 0.03486607332097762
6 0.46994958339368137 0.9734450007177902 0.014862587005972294 0.03486607332097762
9 0.8208619596537764 0.9707918324126747 0.35827608069244726 0.05841633517465041