23 0.30991344125366316 0.5016244650687917 0.036598027680328826 0.13234127404661714
23 0.5192619249420408 0.41686005155179523 0.052546679847775654 0.0642460384745874
23 0.5713828404553605 0.4095634175237116 0.056198261862997964 0.058132447730414503
23 0.490902161596168 0.3544791026402544 0.053151516311622335 0.0790897884745874
23 0.5361509945999735 0.3513342552726596 0.056548430342067135 0.06672619773041451
23 0.5906793271094877 0.3455182756910796 0.049022431824942106 0.07348462921876031
23 0.24420623372555866 0.30989332205503334 0.059242348821136395 0.07540179328391083
6 0.7364109797712259 0.2739284739696483 0.03302735870696818 0.12129464664195541
23 0.7667205622807399 0.26895823177419664 0.027526775208870903 0.12032242368379738
6 0.5992810528891999 0.23021073422126737 0.02773502224312132 0.10628720553496285
6 0.03665371889681105 0.24672866706037544 0.03509653608328587 0.1720758966419554
6 0.07483946840251945 0.2430481063532695 0.0410573760071737 0.2034895877489479
23 0.2934939679082279 0.23306543802694968 0.05361443133065045 0.0713045703257528
23 0.33777054992345035 0.22526037251052028 0.022442685779274642 0.09127976442797028
23 0.3563613824329643 0.22069935808255003 0.025104770760246708 0.09917410998146661
23 0.4787165434976597 0.18982632559841237 0.023174856235510254 0.10924851442797028
6 0.7271394560452298 0.1615921650766409 0.024690935284983163 0.08901785998146652
6 0.8209531230414242 0.15988084293678956 0.053151516311622515 0.0790897884745874
23 0.23997503707186904 0.16765125835270248 0.0448933473382616 0.06787946996293312
6 0.7623938651327589 0.12437241807186579 0.02169326927737174 0.09203373257680485
23 0.8841269436879401 0.0974329174388936 0.05088867935348418 0.06184772477225651
6 0.18055627471457936 0.11104908348777873 0.03784750988583174 0.0481299651536097
6 0.9385133547526354 0.06893340600614821 0.051701762851581276 0.06265625662342197
23 0.2252002712545383 0.09306048612018389 0.039329096843970034 0.06534474700477513
23 0.8817394313306505 0.038839167438893596 0.05548067885919252 0.0596676658792491
23 0.18301542984777566 0.05619789238078615 0.0362531763877346 0.04729415145127882
23 0.22043717539915136 0.033767331673680186 0.03778384288963732 0.04656746515360969
23 0.9359348414067625 0.0184901421589296 0.051701762851581276 0.0369802843178592
23 0.17751750494291588 0.020654751181126352 0.03628500988583174 0.041309502362252705
23 0.8766725879467214 0.007060954817172643 0.05647017589344294 0.014121909634345287
6 0.018252592889637355 0.045257936297669145 0.030255185779274708 0.09051587259533829
6 0.0850899244105682 0.03560019410221745 0.042054848821136394 0.0712003882044349
23 0.3410745524320893 0.6327554139803325 0.024178940722190578 0.11474454627913566
23 0.4223245524320893 0.629918101459128 0.02730394072219049 0.11485367368379755
23 0.3997001359301865 0.6314905251429255 0.027590442205065367 0.12188492368379737
23 0.3135398014435061 0.6290227787711226 0.03272361117842611 0.13298611479078987
23 0.36647380045492295 0.6224801128918734 0.034749026197454125 0.12525546034428636