23 0.326424670876165 0.7557327578714844 0.017025673916276674 0.035011669961943784
23 0.3061440043742622 0.7557791788220115 0.015399506920082295 0.03338550296574958
23 0.3488262528913874 0.7610595864266656 0.01217900642579064 0.030914418973360825
23 0.2850820878723594 0.7558574332706357 0.013900673916276673 0.03488433596955502
23 0.5772258255150697 0.8024499544879931 0.028203254448624194 0.022207922433401705
28 0.5250412430055557 0.800676548860505 0.048513095855386726 0.0612531763877346
28 0.09818958292944352 0.7868713058177683 0.05945059585538688 0.06169884536109542
23 0.574580986579765 0.8290761214841872 0.031169086958138338 0.018429006425790817
23 0.27920216099033324 0.8044541007611217 0.015558674410568152 0.03729175296574958
23 0.3219799100017501 0.8073907583657759 0.015463173916276673 0.03494800296574958
23 0.2993236600017501 0.8083139298105946 0.015463173916276673 0.03494800296574958
23 0.3420377420169725 0.8128130874152488 0.015463173916276673 0.03494800296574958
23 0.8970979737281837 0.876770886275754 0.015399506920082472 0.03338550296574958
23 0.8293520582148641 0.87407165061021 0.01399617441056833 0.03722808596955503
28 0.9233739722453091 0.8827197973404491 0.02998593034206749 0.0659579224334017
28 0.8603792237281838 0.8782670606863221 0.05195643083635879 0.06919301038012335
28 0.7911981422072529 0.8725064920169725 0.05297776136870667 0.055975427376317555
23 0.5720634816368492 0.8525772884803817 0.031232753954332716 0.01999150642579082
23 0.5701680592034474 0.8799528719784788 0.03279525395433271 0.02005517342198502
23 0.7228009692795595 0.9049316728533313 0.015686008402957086 0.04041675296574958
23 0.6963021362757539 0.9044515117886359 0.02756392589344294 0.044800505437207504
23 0.7642881323214212 0.9204001639560827 0.026481586958138337 0.018238005437207504
9 0.9462582346769608 0.054351988594112444 0.1074835306460784 0.10870397718822489
23 0.655870656616071 0.020852444602161183 0.02641791996194378 0.016675505437207454
23 0.6490821457416562 0.07260594559074436 0.02251166996194378 0.01651633794672147
23 0.6165932979091029 0.1425656185184378 0.013900673916276673 0.03488433596955511
6 0.6091190375289796 0.19200720300511817 0.01568600840295691 0.040416752965749494
23 0.6046424431564674 0.24444645349940974 0.013900673916276673 0.03488433596955511
9 0.9150905118258169 0.3012124707624343 0.1567499960828485 0.3823243631555925
23 0.10871051924019084 0.29897205779493463 0.029670253954332714 0.01992783942959626
23 0.1060656803048862 0.32559822479112904 0.029670253954332714 0.01992783942959626
23 0.10189017486767875 0.35150680878351787 0.026640754448624283 0.022144255437207504
23 0.6270864930427368 0.4018623640698135 0.034357753954332715 0.020118840418179396
23 0.09852775292856848 0.3766023092778094 0.02820325444862428 0.022207922433401882
28 0.5715713220922096 0.4244032089366172 0.05039393083635879 0.06912934338392898
6 0.6213166541074321 0.42861586505839666 0.031232753954332716 0.019991506425790638
23 0.09516533098945822 0.401697809772101 0.028044086958138315 0.018301672433401882
6 0.004365211939547782 0.3995224975285421 0.008730423879095565 0.07908000494291585
23 0.09177107555225075 0.4275745602663926 0.026545253954332715 0.019800505437207506
23 0.08997115361314048 0.45260639376448975 0.024982753954332693 0.019736838441012948
6 0.6143225547920041 0.5045562825488827 0.029765754448624192 0.022271589429596263
23 0.9210699619023668 0.5372945508004904 0.03279525395433254 0.02005517342198502
23 0.578975303803421 0.5106762899632564 0.017025673916276674 0.03501166996194396
23 0.08579564817593302 0.47851497775687857 0.02820325444862428 0.022207922433401882
23 0.610051548860505 0.5328086165412714 0.026545253954332715 0.019800505437207506
6 0.9193337069594509 0.5607638842985876 0.034453254448624196 0.022462590418179395
28 0.8289633749442284 0.5582065700778622 0.06091759536109542 0.05941876235728962
23 0.08393205924062837 0.5051093112549758 0.02960658695813829 0.018365339429596263
23 0.9143769515222434 0.5867043017890735 0.029670253954332537 0.01992783942959626
6 0.8770361190127293 0.5843260596977389 0.031391921444818394 0.023897756425790638
23 0.6056532089366172 0.5641859505336603 0.026481586958138337 0.018238005437207504
23 0.0806014707996153 0.5294235617492673 0.028107753954332692 0.019864172433401883
23 0.6030402034994098 0.5900308675298547 0.026545253954332715 0.019800505437207506
28 0.8226377790888415 0.6177407375683482 0.059514262851581276 0.06326134536109525
23 0.07864238137001907 0.5583616452473645 0.026545253954332694 0.019800505437207506
28 0.5572183675298545 0.604377210419492 0.05211559832684483 0.07309926038012335
23 0.6004271980622023 0.6158757845260491 0.029765754448624192 0.022271589429596263
23 0.2971722054765761 0.5931345987839554 0.02826692144481866 0.023770422433401883
23 0.0745623764271032 0.5819264792397533 0.026481586958138292 0.018238005437207504
23 0.5993448591268976 0.642438284526049 0.032890754448624195 0.022398923421985018
23 0.29380978353746584 0.6182300992782469 0.026545253954332715 0.019800505437207506
6 0.8315379352106209 0.6672950685949874 0.029765754448624192 0.022271589429596263
23 0.7934476861992042 0.6641674100017501 0.026545253954332538 0.019800505437207506
23 0.07041870448799292 0.6070538132321421 0.029765754448624282 0.022271589429596263
6 0.5967318536896902 0.6682832015222434 0.02982942144481875 0.02383408942959626
23 0.2911649446021612 0.6448562662744413 0.02982942144481866 0.02383408942959626
23 0.06777386555268827 0.6336799802283365 0.026640754448624283 0.022144255437207504
28 0.8095064263133726 0.7103102395455145 0.05788809585538672 0.061635178364900865
23 0.06363019361357801 0.6588073142207252 0.029765754448624282 0.022271589429596263
28 0.35046434874677435 0.701716419924763 0.05045759783255317 0.0706918433839288
28 0.29765768372774626 0.6960685977953721 0.05202009783255326 0.07075551038012336
23 0.5865636748304978 0.7264140365032153 0.029670253954332537 0.01992783942959626
23 0.06248418768207896 0.6869323142207253 0.026545253954332694 0.019800505437207506
28 0.5335341753247893 0.7262349643738247 0.04701426285158128 0.06275200939154005
28 0.10308001277721916 0.7242758053234768 0.061013095855386903 0.06176251235728962