6 0.2543318750929526 0.9911057076239341 0.04079875494291585 0.017788584752131697
6 0.7920892016709675 0.9666122233434971 0.11212726828878879 0.06677555331300589
23 0.20817445809675822 0.9888441969846102 0.044832338935304604 0.02231160603077953
23 0.8840684546367171 0.9826580949949115 0.021137512357289622 0.03468381001017704
23 0.9555150317090237 0.9673124305875138 0.045150673916276675 0.03564799498543501
23 0.867667521823192 0.9179369047232664 0.04739892342198502 0.03337244114536908
23 0.6223086008726648 0.8905092720368166 0.02423067885919252 0.05844899749271733
1 0.3324648508726648 0.8820756802583094 0.11814911661563361 0.16106318362352176
23 0.6605434299221378 0.8713333747023839 0.022986513840164414 0.06621603338609461
23 0.7864228390096667 0.8391011993921322 0.022109763345872935 0.06384955133278361
23 0.7629853390096668 0.838419237792792 0.0227318458553869 0.059966033386094963
23 0.7403290890096668 0.8377600082467632 0.024485346843970034 0.06469899749271768
9 0.4528781685534312 0.8114485946815012 0.1444596072240934 0.11735028754272996
23 0.6582514180591397 0.8150833747023839 0.04355634041817939 0.034821280878812644
23 0.8092727485914872 0.8062121430447838 0.032579031140370064 0.1484291398125855
6 0.9053028315952929 0.8074456856020789 0.08643886018984297 0.12970788354437915
23 0.6583349896942388 0.7596828208623178 0.021169345855386722 0.059920569279472244
23 0.6301463226980444 0.7573019669431096 0.02282734634967838 0.06230978338609496
23 0.37386448919994714 0.7490646034569899 0.023704096843970034 0.06467626543940633
6 0.5550999017475172 0.7348299218785322 0.024740014828747547 0.0709489974927175
9 0.4512599773369491 0.6951332728947467 0.14814302273741298 0.11199519780928675
23 0.551994806386422 0.6777759398252209 0.04114892342198502 0.03319058471887839
6 0.9190656067669828 0.5323918613080416 0.023050180836359145 0.06777853338609478
6 0.6753328528126501 0.5065721927282147 0.12357144566510651 0.14093254005001227
1 0.8229280944096932 0.47107026491068077 0.126777358706968 0.12385870031656906
6 0.8007334649424784 0.251933820004388 0.09196861859280006 0.16966529381093612
23 0.8798678666156337 0.18322693560207876 0.044273923421985016 0.03328151293212374