23 0.88359375 0.0125 0.0125 0.025
23 0.94296875 0.0109375 0.0328125 0.015625
23 0.68125 0.02109375 0.0140625 0.03125
6 0.65390625 0.0234375 0.01640625 0.03515625
23 0.34765625 0.02734375 0.01484375 0.03359375
1 0.55625 0.040625 0.13359375 0.08046875
1 0.7765625 0.04375 0.13828125 0.0875
23 0.94296875 0.04921875 0.0328125 0.01875
23 0.44296875 0.06796875 0.0328125 0.01796875
23 0.940625 0.07890625 0.0375 0.01171875
23 0.36875 0.08359375 0.021875 0.0203125
23 0.6828125 0.096875 0.01484375 0.04140625
23 0.446875 0.0984375 0.01953125 0.0125
23 0.9453125 0.10859375 0.04609375 0.01484375
23 0.1640625 0.11640625 0.02265625 0.04140625
23 0.36171875 0.11796875 0.02734375 0.0203125
1 0.040625 0.13359375 0.08125 0.08515625
23 0.94140625 0.1375 0.03828125 0.01171875
23 0.89765625 0.16015625 0.02109375 0.05390625
23 0.94453125 0.16875 0.03515625 0.01484375
23 0.565625 0.209375 0.15234375 0.0734375
23 0.234375 0.21171875 0.1734375 0.07734375
23 0.7328125 0.21640625 0.15 0.06640625
23 0.4046875 0.21640625 0.1515625 0.075
6 0.95859375 0.2359375 0.04140625 0.01796875
23 0.0109375 0.24296875 0.01484375 0.0296875
23 0.078125 0.2546875 0.0265625 0.01484375
23 0.10078125 0.29140625 0.0296875 0.0140625
23 0.09609375 0.3203125 0.0328125 0.0171875
23 0.0984375 0.35 0.03125 0.0140625
6 0.10234375 0.3875 0.0359375 0.0171875
23 0.928125 0.41015625 0.01875 0.040625
23 0.09453125 0.4234375 0.03359375 0.015625
23 0.184375 0.42890625 0.0390625 0.0171875
23 0.0953125 0.4515625 0.028125 0.01328125
23 0.18828125 0.4625 0.0390625 0.0234375
23 0.73984375 0.47578125 0.03671875 0.0171875
1 0.00390625 0.484375 0.0078125 0.3484375
6 0.09765625 0.48828125 0.0296875 0.01953125
23 0.92578125 0.4953125 0.0203125 0.03828125
23 0.19453125 0.5 0.04296875 0.01953125
23 0.74453125 0.50703125 0.03203125 0.015625
23 0.09765625 0.51796875 0.02421875 0.01640625
23 0.8625 0.52734375 0.03671875 0.0203125
23 0.1890625 0.53359375 0.0375 0.015625
6 0.74140625 0.540625 0.0390625 0.02421875
23 0.09296875 0.54921875 0.03359375 0.009375
23 0.98984375 0.55078125 0.0203125 0.03359375
6 0.18828125 0.5625 0.0421875 0.01796875
1 0.47734375 0.56875 0.3578125 0.353125
23 0.7421875 0.57578125 0.025 0.01484375
6 0.09453125 0.59296875 0.03359375 0.01484375
23 0.1921875 0.5953125 0.02890625 0.01640625
6 0.93828125 0.60859375 0.04765625 0.01953125
23 0.09296875 0.621875 0.03984375 0.02265625
23 0.74296875 0.63203125 0.03671875 0.01953125
23 0.08984375 0.6640625 0.03359375 0.0171875
23 0.73984375 0.665625 0.02578125 0.01328125
23 0.865625 0.6859375 0.03046875 0.01875
23 0.73984375 0.6953125 0.0328125 0.0171875
23 0.740625 0.73203125 0.028125 0.01484375
23 0.22109375 0.7390625 0.01875 0.0375
6 0.128125 0.7421875 0.02109375 0.03828125
23 0.1609375 0.74375 0.015625 0.04140625
1 0.96484375 0.7546875 0.0703125 0.20625
23 0.54140625 0.8046875 0.0171875 0.040625
23 0.28515625 0.80625 0.0171875 0.0375
23 0.31796875 0.80703125 0.021875 0.0390625
23 0.5125 0.80859375 0.01953125 0.0421875
23 0.5765625 0.809375 0.02109375 0.04296875
6 0.478125 0.80859375 0.0140625 0.053125
23 0.61484375 0.81015625 0.01796875 0.04140625
23 0.64921875 0.81171875 0.0171875 0.0328125
1 0.80234375 0.81328125 0.06015625 0.04453125
23 0.428125 0.83359375 0.01953125 0.0390625
23 0.3984375 0.83671875 0.0109375 0.0375
23 0.36640625 0.840625 0.0171875 0.04453125
23 0.56015625 0.86875 0.01796875 0.0421875
23 0.59609375 0.86953125 0.021875 0.0484375
23 0.5265625 0.8703125 0.0203125 0.03671875
23 0.628125 0.875 0.021875 0.03984375
23 0.70234375 0.88828125 0.01171875 0.03359375
6 0.790625 0.890625 0.02890625 0.03984375
6 0.7453125 0.890625 0.028125 0.05078125
23 0.8359375 0.8921875 0.015625 0.03125
23 0.990625 0.90078125 0.01875 0.01640625
23 0.934375 0.90078125 0.04296875 0.015625
23 0.22109375 0.90546875 0.040625 0.01875