23 0.41640625 0.9960346415608662 0.00859375 0.007930716878267675
28 0.37734375 0.9981800732216248 0.03828125 0.0036398535567503387
6 0.86875 0.0377780432822107 0.02265625 0.013940479546028884
23 0.91875 0.0407953946941365 0.03359375 0.008789978292387646
23 0.96875 0.050062746106062296 0.0203125 0.016997283386094873
23 0.97109375 0.06809969226599631 0.02265625 0.011596729546028884
23 0.9265625 0.06914771522724991 0.0390625 0.014417852665567032
6 0.8625 0.06806493685571997 0.0171875 0.013781355172849485
6 0.9171875 0.09231243058751382 0.01953125 0.012287051332783516
6 0.8640625 0.09232915096234266 0.01796875 0.012241587226160843
6 0.96015625 0.09981269351963755 0.02421875 0.013204693652651579
6 0.86875 0.12605929328221072 0.02578125 0.01559390775927425
23 0.9765625 0.12919631663917572 0.02265625 0.01081547954602886
6 0.8703125 0.15188600738883337 0.01953125 0.009943301332783516
23 0.92734375 0.15432669728056125 0.0265625 0.016397889812585564
1 0.6125 0.174853179796091 0.215625 0.32033654671392997
6 0.8671875 0.17367007917558802 0.02578125 0.014031407759274205
23 0.91953125 0.18066187674744785 0.01875 0.009920569279472158
6 0.97109375 0.18372469226599633 0.03359375 0.012696228292387656
6 0.375 0.18669263558944346 0.0296875 0.021957568025830952
6 0.42578125 0.1905139690546806 0.034375 0.022093960345698972
23 0.9203125 0.20880960880075916 0.0234375 0.01396321159934022
6 0.96953125 0.21336672815937363 0.0359375 0.013545674452321688
23 0.86328125 0.21183766890903133 0.0234375 0.016306961599340218
6 0.87265625 0.2464854535487674 0.02109375 0.012332515439406232
6 0.91953125 0.2509743767474478 0.01875 0.013826819279472158
23 0.96640625 0.27499454994612826 0.02109375 0.012332515439406144
6 0.86875 0.2776217932822107 0.01875 0.01929556927947216
6 0.91953125 0.3330056267474478 0.02421875 0.016329693652651578
6 0.9703125 0.33448321021268496 0.02890625 0.01177858597251955
6 0.91875 0.3572016446941365 0.01953125 0.008380801332783516
23 0.41875 0.3676531305748786 0.0078125 0.029914820533113406
23 0.390625 0.3683972766556703 0.0078125 0.03616482053311341
23 0.43359375 0.375116289587794 0.01015625 0.03545176669304739
6 0.3640625 0.37309313684308465 0.009375 0.04792903463973612
6 0.91328125 0.3976675203209571 0.01953125 0.020880801332783604
6 0.96875 0.4008439961060623 0.0234375 0.013181961599340219
6 0.96953125 0.42586672815937365 0.015625 0.006704641066226813
6 0.91640625 0.42510219853420245 0.02421875 0.013204693652651579
6 0.85390625 0.4490648842692952 0.01484375 0.03246315901291545
6 0.6390625 0.44359481960867664 0.015625 0.04186089106622681
6 0.82265625 0.4497181021368416 0.01015625 0.030764266693047305
6 0.6859375 0.44495874280735703 0.01640625 0.03485237311953817
23 0.48828125 0.4415512833195878 0.00703125 0.02989208847980205
6 0.78203125 0.4493172853646518 0.01171875 0.03627848079967002
6 0.70859375 0.44796172235338594 0.009375 0.034647784639735946
6 0.73515625 0.4495158621659715 0.0078125 0.03225857053311341
6 0.61171875 0.4451429477427797 0.00703125 0.03848583847980205
6 0.51015625 0.44375028081230533 0.01328125 0.044917694906292736
6 0.803125 0.4514935508040582 0.01015625 0.027639266693047303
6 0.75546875 0.45088814555206636 0.009375 0.033085284639735944
6 0.375 0.4390363855894435 0.02578125 0.016375157759274117
6 0.659375 0.4480921029947714 0.00625 0.029088106426490866
6 0.96640625 0.45936954994612833 0.01875 0.010701819279472247
6 0.91875 0.45798289469413656 0.0234375 0.01396321159934022
23 0.3703125 0.46858749326957544 0.025 0.011664925705962937
23 0.46328125 0.49473010761362496 0.00859375 0.029937552586424766
23 0.4421875 0.49411634217421874 0.009375 0.029960284639736122
6 0.54140625 0.49778456294475903 0.01640625 0.03250862311953817
23 0.5078125 0.4999320846523713 0.00703125 0.030673338479802047
23 0.4890625 0.5017302653728992 0.00625 0.03065060642649069
23 0.36953125 0.4990335112162641 0.02890625 0.01412233597251955
23 0.41875 0.5059343805748785 0.0140625 0.043377926959604095
23 0.36953125 0.5271585112162641 0.02578125 0.008562657759274294
6 0.690625 0.554470135127225 0.0140625 0.044940426959604096
6 0.8421875 0.5604426534696251 0.01640625 0.04422737311953817
6 0.7265625 0.5570783095795467 0.0109375 0.04406824874635884
6 0.87890625 0.5607298099752581 0.01640625 0.035633623119538174
6 0.80390625 0.5616725328573694 0.01328125 0.04413644490629274
6 0.640625 0.5569215337152993 0.0125 0.03317621285298138
6 0.6609375 0.5582938171013941 0.01015625 0.030764266693047482
23 0.3671875 0.5513090650563301 0.03046875 0.010261550079142267
6 0.61796875 0.5586060541692703 0.01640625 0.03485237311953817
6 0.759375 0.565064305818623 0.01796875 0.053647837226160885
28 0.375 0.6054426355894436 0.046875 0.059957673198680436
1 0.490625 0.6306819794795219 0.1078125 0.09610577335696498
6 0.87578125 0.6411076317620128 0.015625 0.03639214106622681
6 0.84140625 0.6440136714163138 0.01171875 0.04018473079967002
23 0.99765625 0.6962163320785819 0.0046875 0.00951139231986815
6 0.37890625 0.6938375458560001 0.03125 0.012628032132453625
23 0.746875 0.7240755929656416 0.0265625 0.014835389812585476
23 0.37734375 0.7180108317493774 0.02734375 0.012514371865896833
23 0.378125 0.7469398138026888 0.0265625 0.0070228898125854755
23 0.74765625 0.757692075018953 0.028125 0.010193353919208193
1 0.65625 0.773782424781526 0.05 0.0717673514119257
23 0.3796875 0.7712040279093115 0.02265625 0.013940479546028861
6 0.73671875 0.7862800762725941 0.05 0.013173601411925872
23 0.38203125 0.7931472240692455 0.02578125 0.011687657759274116
6 0.74453125 0.8146323968057075 0.02734375 0.012514371865896833
23 0.38046875 0.8227892599626229 0.0328125 0.014235996239076343
23 0.3734375 0.8514909214828208 0.02890625 0.008653585972519551
23 0.37421875 0.8780761535361321 0.0234375 0.009275711599340042
23 0.3734375 0.8991471714828208 0.028125 0.011755853919208192
23 0.93046875 0.9216051254938066 0.0140625 0.0324404269596041
28 0.975 0.9268071025325529 0.03984375 0.05662808471887857
6 0.38671875 0.9534398663891135 0.015625 0.03639214106622681
23 0.41796875 0.9551303985215671 0.01328125 0.04179269490629274
23 0.36171875 0.9534936906831508 0.0171875 0.04190635517284917