23 0.8234375 0.3169283341901529 0.01171875 0.03159098079967011
23 0.79453125 0.3160872482176334 0.01015625 0.03154551669304748
23 0.796875 0.3684991943775674 0.01015625 0.029201766693047394
23 0.825 0.3708800482967757 0.0125 0.04020746285298138
6 0.2125 0.35696436850068464 0.0265625 0.017960389812585565
23 0.30625 0.3604734648980455 0.009375 0.03386653463973612
23 0.2859375 0.35988243151195065 0.01171875 0.03471598079967011
28 0.44140625 0.41049986012090744 0.053125 0.06013952962517113
6 0.825 0.42478629829677567 0.015625 0.037173391066226816
6 0.7984375 0.42557590848419 0.01015625 0.03623301669304731
23 0.47890625 0.4279972486798518 0.00859375 0.031500052586424764
28 0.4296875 0.48437762932123735 0.034375 0.04475021034569906
23 0.47734375 0.48810803457322915 0.0125 0.03161371285298138
6 0.5296875 0.4888498321450889 0.01171875 0.03471598079967002
6 0.50234375 0.4903979602791919 0.0109375 0.034693248746358665
23 0.55546875 0.49194373990436324 0.0125 0.03551996285298138
28 0.90703125 0.5342044138944664 0.04296875 0.059844012932123644
23 0.8046875 0.5335702649106807 0.01171875 0.03627848079967002
6 0.85234375 0.5349569201626726 0.0140625 0.0363466769596041
23 0.7796875 0.5328428392047179 0.015625 0.041079641066226816
23 0.8328125 0.5343886188298891 0.01015625 0.04404551669304731
23 0.50078125 0.5411337461725694 0.01171875 0.033153480799670024
23 0.478125 0.5428182666265404 0.01015625 0.03779551669304748
23 0.53359375 0.5467759924116455 0.01015625 0.042483016693047305
23 0.55390625 0.5473670257977404 0.0078125 0.038508570533113406
28 0.42578125 0.5498889690546805 0.02890625 0.044591085972519554
23 0.590625 0.5624979323033734 0.01171875 0.03471598079967002
23 0.62109375 0.5641657323825158 0.009375 0.04011653463973612
23 0.65390625 0.5651204786215921 0.0109375 0.04016199874635866
23 0.68203125 0.5706263325408003 0.01328125 0.03866769490629274
23 0.684375 0.6222570287007343 0.00859375 0.033062552586424765
23 0.65546875 0.6221971927282148 0.01171875 0.03159098079967002
23 0.62578125 0.6228958747023838 0.00859375 0.030718802586424766
23 0.59765625 0.6252025207831755 0.0078125 0.036946070533113405
1 0.80234375 0.6311583187507468 0.071875 0.0575600989046432
28 0.90234375 0.6410992715745983 0.04921875 0.05533836935861451
23 0.5171875 0.6806736192921075 0.0125 0.03630121285298138
6 0.94609375 0.7236222665600334 0.0140625 0.037127926959604096
28 0.90546875 0.7255651997878438 0.04296875 0.057500262932123646
6 0.859375 0.7257865086424746 0.01796875 0.04661658722616089
6 0.6921875 0.7365468492338477 0.01328125 0.055073944906292735
6 0.55546875 0.7403812399043632 0.0125 0.04255121285298138
23 0.52265625 0.7456764936652869 0.009375 0.034647784639735946
6 0.25859375 0.7458055596460538 0.01484375 0.05043190901291546
1 0.37890625 0.7555562958560001 0.0453125 0.059912209092057724
6 0.78046875 0.7992718212580293 0.0109375 0.03234949874635866
6 0.809375 0.8008941572305488 0.015625 0.04029839106622681
23 0.51875 0.7963440833987302 0.009375 0.03621028463973612
6 0.7390625 0.8043170224325282 0.0109375 0.03938074874635866
6 0.55 0.7988158655311837 0.00625 0.039244356426490865
6 0.715625 0.8036350608331879 0.0125 0.03239496285298138
6 0.69140625 0.8060553671805364 0.0125 0.03005121285298138
6 0.259375 0.827078291699365 0.0125 0.03473871285298173
6 0.98125 0.8613639589590438 0.02421875 0.0171109436526514
6 0.53125 0.8506140462517117 0.01171875 0.03315348079967038
6 0.48515625 0.8508353551063426 0.01328125 0.03241769490629309
6 0.3671875 0.84740281505633 0.01015625 0.03232676669304766
23 0.3859375 0.8487296343358022 0.00625 0.025963106426490867
6 0.55234375 0.8551340616911178 0.01484375 0.033244409012915456
6 0.7796875 0.8625303392047179 0.01640625 0.03094612311953817
6 0.46015625 0.8516704294003794 0.00859375 0.027593802586424944
6 0.596875 0.8572110387298644 0.009375 0.035429034639736304
6 0.4390625 0.8534004139609734 0.0046875 0.03607389231986815
6 0.6875 0.8614104569139798 0.00546875 0.02515912437317951
6 0.92421875 0.8667357690673159 0.02734375 0.010951871865896834
6 0.87265625 0.8675792035487675 0.028125 0.015662103919208192
23 0.4109375 0.8533633100417651 0.01640625 0.03407112311953817
6 0.70703125 0.8674475082467632 0.01171875 0.033153480799670024
6 0.86640625 0.8923973471222766 0.0265625 0.014054139812585475
23 0.9171875 0.9001249305875139 0.0265625 0.010929139812585476
23 0.96796875 0.9031650140527511 0.021875 0.010011497492717325
23 0.39140625 0.9035762587089817 0.00703125 0.03223583847980223
6 0.865625 0.9189371150689652 0.01875 0.014608069279471891
6 0.4640625 0.9103778396669362 0.0078125 0.028352320533113585
23 0.36328125 0.9066641547897734 0.0140625 0.027752926959604095
23 0.92109375 0.9244573408540706 0.02578125 0.010906407759274117
6 0.4390625 0.9119941639609734 0.015625 0.03873589106622681
23 0.97578125 0.9268298345858643 0.025 0.013227425705962758
6 0.86796875 0.9502553112288993 0.02109375 0.009988765439405967
23 0.92109375 0.9549260908540707 0.021875 0.012355247492717325
23 0.9671875 0.9578297819994397 0.0203125 0.007622283386094608
23 0.8671875 0.9791388291755879 0.02265625 0.007690479546028683
23 0.96640625 0.9828070499461283 0.021875 0.010011497492717325
23 0.91953125 0.9861306267474479 0.025 0.006196175705962759
1 0.6125 0.9909362032195631 0.215625 0.018127593560873834