23 0.3405522648176389 0.009070631491174114 0.01733297036472221 0.0065500089284537405
23 0.38337554445291666 0.016070653812308464 0.022819904160312453 0.007426716314779929
23 0.44734712547496525 0.021095118909272403 0.02220230832062491 0.014444329545304757
23 0.38052264817638887 0.037904743503882954 0.02925174211621524 0.015348310470581295
23 0.33591866299402773 0.04025244764379826 0.02287445554708336 0.009770466314779935
6 0.3891702963527778 0.06931838473758499 0.030087543502986147 0.01770569724005646
6 0.33524586255718747 0.06915869764379827 0.022910823138263935 0.011332966314779914
28 0.9764339070101041 0.08972948538291282 0.04527743882958326 0.06638865909060951
28 0.9012702528497915 0.0954516055132965 0.037319468464860964 0.06000229139585782
23 0.33698954730270825 0.09498085795222377 0.028452308320624998 0.014553423701106105
23 0.9331196648938889 0.10382321306177848 0.013681946713368375 0.05099943831160272
23 0.3885520473027083 0.09588088473758499 0.027707425911805573 0.01610228693163094
23 0.3355900482526388 0.1215297211827486 0.03075969072944442 0.013031834009531628
23 0.38711618066145825 0.12399224796810984 0.02925174211621533 0.01534831047058125
23 0.3334274829981596 0.14728369764379826 0.026072190729444424 0.012950013392680582
23 0.3832820126334374 0.15440645089020916 0.022165940729444424 0.012881829545304768
23 0.9307564246775346 0.1717783262923033 0.01646145459715278 0.03621023538950343
28 0.892311520517222 0.17814137458801999 0.029016005983923777 0.038772173701106104
23 0.7329183367216319 0.1761407236150853 0.01965918977951393 0.0393897824674041
28 0.9781944691304514 0.18198516923028868 0.031559777735416364 0.04740683400953163
6 0.33497114599218736 0.18169960795222379 0.02372844072944442 0.012909103084255103
1 0.1234375 0.19746710957707686 0.246875 0.3949342191541537
6 0.3318273089862151 0.21603369764379826 0.03403016109416672 0.019336381087432297
6 0.993146015483229 0.24477154138926727 0.004143292553055744 0.043804547077900755
23 0.9759221478920483 0.2460340324608135 0.011755770801562449 0.03534716477265239
23 0.9570994127096875 0.24883174999340946 0.012609755983923776 0.03848580154212762
23 0.6931992604492359 0.3044060454497523 0.03081424211621524 0.015375584009531628
23 0.73891115074184 0.3216168648487873 0.014372277735416716 0.047106825081077906
28 0.687801939210833 0.36840036160237644 0.03711944671336802 0.05140854139585782
28 0.6300076230064233 0.3666099906612139 0.033104093939826384 0.04665285754848192
23 0.7359484984813885 0.381745841309837 0.00786770459715278 0.03606023092527657
23 0.7562609984813886 0.3821003973161914 0.01411770459715278 0.03616932508107791
23 0.7796984984813886 0.3825095004004465 0.008667138392743112 0.036855117694751624
23 0.8007740646857983 0.38365894317627613 0.013391005983923777 0.03849943831160276
6 0.33701938279006904 0.42949222564697553 0.030305749050069507 0.027080697240056396
23 0.6703949272429858 0.44469012621287296 0.01250065321038214 0.033798301542127616
6 0.7203767434473954 0.4463441294592839 0.015662020801562447 0.035415348620028195
23 0.6929420744694441 0.44977309252765296 0.01633416802802081 0.030741485389503432
6 0.6484108244694441 0.4489957966675683 0.013391005983923598 0.03849943831160267
1 0.8089300971708676 0.4697737211794533 0.07280302678548622 0.07467844602224041
23 0.23770840739135374 0.4988813794625793 0.025672800436840327 0.02934262662320535
6 0.20640320279420094 0.5342870454530476 0.024019381458888933 0.025409103084255057
6 0.2672861514074301 0.5376944634721108 0.02881598423243057 0.030178423701106107
6 0.06692116907486059 0.6170432240254178 0.013536476348645876 0.04474943831160268
6 0.07028125199677027 0.6741562946422687 0.013190984232430569 0.029905688311602674
23 0.6152300760849647 0.6992997597359374 0.014154072188333445 0.037731825081077905
23 0.7847249584937842 0.7038214387120492 0.009448388392743113 0.03686875446422686
6 0.8105062084937842 0.7042714521047297 0.012573388392743112 0.03692330154212762
23 0.7581624584937842 0.7033577885498935 0.01171940321038214 0.033784664772652385
1 0.260433473311423 0.6977961663942102 0.32867377991961816 0.19706550933219552
6 0.06659190112308967 0.7319278843338431 0.018169424961875034 0.042487508928453724
23 0.8665730641171174 0.7802805730458925 0.009321101823611145 0.03140000446422704
23 0.822786696525937 0.7810794139552829 0.012627939779513753 0.03926705154212762
23 0.8867582775479853 0.7861038790522469 0.011828505983923775 0.03847216477265238
23 0.8437349761612147 0.7876976067311124 0.009393837005972471 0.03452500446422704
6 0.06853495440972157 0.7827636814117438 0.014044969414791697 0.03304432508107791
6 0.23804671419336731 0.8537188839268062 0.036264808320625085 0.014689791395857554