28 0.023397158126921315 0.660097748782184 0.04679431625384263 0.15168127678536117
6 0.7573287949283734 0.5643361988583189 0.008596239200226919 0.06729659415580151
6 0.10188732677953874 0.5521136992686514 0.02965278366526398 0.044240923701106105
23 0.7698287949283733 0.5645543871699218 0.010376994009550167 0.07357386769475163
23 0.7456100449283734 0.5641316473161915 0.010376994009550167 0.07357386769475163
23 0.7316293904818696 0.5615424354656383 0.014474216967708209 0.07911080154212762
23 0.5738987360353659 0.5564440580316541 0.01517362141421188 0.07678068831160267
23 0.5887152041842005 0.5574844066516823 0.016145844372369923 0.08226307508107791
23 0.3755703634400276 0.5498553185849608 0.012611616604888454 0.07048977800317716
6 0.40140617714235843 0.5487428319776415 0.011721239200226741 0.06735114123370209
23 0.38893345899352394 0.5477433936660387 0.01233879809323426 0.06267727800317716
23 0.4139880226958548 0.5466172702892441 0.011076398456053838 0.07124375446422686
6 0.7877801867610053 0.5429793960983755 0.013839299907332858 0.10564602800317716
6 0.060074338212284126 0.49588129017804183 0.03432292549789595 0.06618410754848192
23 0.22845231597976556 0.4870944456152033 0.01492808475372307 0.06974943831160267
23 0.2379637252355927 0.4833518368489054 0.010540685116542825 0.07826136769475163
23 0.712209757086758 0.49084810592033357 0.02174356914462656 0.13076875892845372
23 0.5513813844914198 0.4849139314084486 0.02430557395394999 0.13705966923687923
23 0.5851115437472469 0.4815940624958809 0.04072669292109108 0.04833808847375849
23 0.3561780118960815 0.47837973903965614 0.02127977767481415 0.11748750892845372
1 0.15208327813815034 0.4130608818982112 0.021433545098009342 0.09953239569792896
23 0.06197663331029348 0.39663526663909143 0.018360619600113415 0.03389375892845372
23 0.9098784199707822 0.40439991151965093 0.023306069144626206 0.130796032467404
23 0.00515126663197993 0.37921989569792897 0.01030253326395986 0.07280625446422687
6 0.5553645347615722 0.37085143140844856 0.01361112141421188 0.07675341477265238
6 0.7163020347615723 0.3736606059203336 0.014174116604888454 0.07051705154212753
6 0.36183278957089576 0.3612195125786064 0.014637908074700867 0.08379830154212761
23 0.06207832623138458 0.34895174310014115 0.01857887440943684 0.04014375892845372
28 0.6394766399337154 0.3574668157422918 0.05372274464252236 0.1969119561685102
28 0.4817732673383771 0.3515871883083075 0.042229683935416415 0.15845342816533298
28 0.8389954902965352 0.3523504419584601 0.056230185749515015 0.20164036647693573
28 0.28597961770119684 0.3395706091700398 0.04995290389834954 0.2007500223211343
6 0.11217009546867826 0.32481085957707684 0.011267371414211969 0.07671250446422687
23 0.09659965917100913 0.3229756241875735 0.009940484390903382 0.06107386769475172
23 0.12486106842683627 0.31956029788867957 0.01546379809323426 0.06273182508107791
6 0.9156968887525891 0.28255218505860125 0.0153100306700388 0.08068693831160267
23 0.0007861952833438082 0.2633767073863262 0.0015723905666876164 0.07982386769475172
23 0.18938984909687534 0.24016885267721802 0.01024058475372307 0.06966761769475172
23 0.09753965499465789 0.20651482710967278 0.006924611795565072 0.06414432061685105
23 0.0843675323993196 0.20315800202859488 0.012048621414211924 0.076726141233702
23 0.0712772553574776 0.19745742694751697 0.009967766242068788 0.061855117694751716
23 0.0019047511811263527 0.18055057061685104 0.0038095023622527055 0.04235114123370205
23 0.19448906606458355 0.16130351298564352 0.0114112151536097 0.036114778003177195
23 0.09644343566469696 0.12597789326229694 0.013546634028083671 0.05254830154212753
6 0.04620028885310553 0.8036392431001411 0.04933036660488852 0.07113070616851011
6 0.6678967287789718 0.7300645645244759 0.022934046912107854 0.14250114569792877
6 0.581259824332468 0.726207133112732 0.02131698320977691 0.14091137215897867
6 0.45709563803479886 0.7224763867661799 0.05648315689357446 0.16416764001588594
6 0.6258456380347989 0.7254219289728165 0.05716520317271012 0.1836988900158861
6 0.49874742469528777 0.7161678855483639 0.024114600995791945 0.13159091923687924
6 0.5425519883976186 0.7153690446389734 0.05605657095872498 0.17431025324641086
6 0.33166905209994946 0.7101246168806774 0.025922637656280757 0.13864944277582972
6 0.16224692950461117 0.7040404379045656 0.024950414698122713 0.1331670560063543