6 0.10833738919851657 0.8815505393459538 0.05425685186643912 0.06546191534054487
6 0.15133736687738222 0.8390908666852264 0.04755683847375849 0.039607940006363404
6 0.6543123624131553 0.8363515060868597 0.05298467816533296 0.037327824673772624
6 0.09688564609837542 0.8072136106779085 0.051544909090609534 0.04434089334022708
6 0.1521907548646734 0.7984840480187719 0.049873314934808156 0.03807271200668154
1 0.04045836809519822 0.79609375 0.06024339366603874 0.4078125
6 0.8800021091667445 0.7889877994509492 0.04603524878218401 0.041933508672817865
6 0.10086798822558189 0.7221209953453176 0.04074377678536121 0.052026124005408826
1 0.39070205559602206 0.6801902233847704 0.41805371387585266 0.5914640780553612
6 0.63350716436232 0.673642420751087 0.0459670649348082 0.038027258672817865
1 0.8857281834370436 0.6695474561186764 0.11051258035608384 0.15594201201463562
23 0.15195715543386626 0.65085507001909 0.045844334009531626 0.030996008672817866
6 0.6360048729664621 0.6377412834181779 0.047420470779006865 0.031795440006363404
23 0.15056225080748362 0.6156897293523172 0.05202615016215582 0.027162484006999676
23 0.7489588404990581 0.6203094301002227 0.04393696063273715 0.05596873667249973
23 0.6345826948011292 0.6010134427514051 0.04733865016215581 0.027107940006363407
6 0.6829383741842782 0.596889564091314 0.046993776785361166 0.052098849339590636
6 0.14829063879477475 0.5750465480187719 0.05073638555165916 0.042769302673454135
6 0.1493934427725343 0.5039800700190901 0.05146308847375849 0.039653393340226904
6 0.6284945616851021 0.4759679894175416 0.04104378571381488 0.06921362400540883
23 0.8602803498345489 0.4646054174490401 0.034780148944339825 0.06835964867122701
6 0.828948529217698 0.45955429077813126 0.026776734171687622 0.05733124200349984
23 0.8279666818154856 0.40330429077813124 0.03535684740221221 0.056649989337999786
6 0.6904706359554009 0.3571821740929048 0.10141426988550233 0.12693576468013576
6 0.3855376741048479 0.3395743140515431 0.031409687093786685 0.0542607860041362
6 0.4167876741048479 0.339937940722452 0.03539775771063773 0.058993739337999784
6 0.59155584902377 0.3286930000795418 0.09694495819710518 0.1393812206794994
6 0.5414603916374439 0.32264244740608755 0.030710257710637734 0.05893919533736343
6 0.7797865060857847 0.2832366914385406 0.10377165665497756 0.1277442866804539
6 0.7399876205341255 0.2405946580999045 0.03153241801906326 0.0612920360041362
6 0.8516927337646504 0.2411133734484038 0.039249460632737154 0.05591419267186337
23 0.5454154602257 0.2359873320734966 0.05313468262955982 0.04592157467377245
23 0.6646330645277712 0.21940945408972318 0.026790370941162676 0.05811249200349984
23 0.6880569277582959 0.21890092409290482 0.028366507710637735 0.05891192333704529
23 0.7145921542193456 0.2176475067631774 0.025995484171687268 0.057322151336727065
6 0.6395785174498704 0.215993552752996 0.024610262174864773 0.0674602200031817
23 0.5986671452908918 0.19911458808081445 0.049160248782184016 0.041969871339908774
23 0.5461461172877147 0.18834926340704206 0.0467483149348082 0.03803634933959064
23 0.5463955332781829 0.15788960407381478 0.04821535754848192 0.03258578067313609
23 0.5930387081971051 0.14515379408017812 0.04363695170428326 0.03878123667249973
23 0.5465085815738997 0.11961744474058751 0.04910570170428326 0.03884487133990877
6 0.5985114123370204 0.10069526941435991 0.03656479139585791 0.036355670671545236
23 0.5466898137169922 0.08525153540736023 0.04432274431795698 0.033321577339272455
6 0.2332994695611908 0.07535617803149855 0.0475295649348082 0.03804544000636336
23 0.9764095299308366 0.08166674279913026 0.047180940138326834 0.04196078067313609
23 0.9238699224832901 0.08026732745858516 0.05153127232113448 0.04355964334022695
6 0.5992966164769358 0.05618220074790535 0.0506545649348082 0.03808180267345425
23 0.5452676355516591 0.04852369474058751 0.04595342816533297 0.03724600867281791
6 0.2335079752432337 0.04255276869827127 0.048147173701106105 0.028679530673136066
6 0.9263676310874324 0.04436619012567603 0.03949887662320535 0.02545453333863612
23 0.4302193340095316 0.035468616724997314 0.03543866801906326 0.06133748933799978
6 0.35594603693163096 0.03148000338158869 0.03689207386326192 0.055105670671545225
23 0.4012039898537303 0.02888226205440659 0.027407979707460582 0.048746582670272556
6 0.6010676221589786 0.02339697274822352 0.03885399431795715 0.0332579426718634
6 0.2338119383116027 0.015218109365043997 0.03871762662320544 0.025445442671863393
1 0.7718534549506944 0.09724464743790429 0.2179120231319132 0.17828118336249865
23 0.9322221647726524 0.021782665459857815 0.045694329545304765 0.0224022586728179