23 0.420766441679375 0.021412718747116626 0.02763469072944442 0.012977286931630949
23 0.979360191679375 0.031163008921863168 0.0331034407294446 0.01307274431795713
23 0.4216743250381249 0.049564992286066964 0.02440058795590261 0.008235239853730269
23 0.42034756117041655 0.0729888555165918 0.023692073138263936 0.011346603084255103
23 0.9756890246012848 0.08815334861343767 0.02787108007211785 0.02313353693163096
1 0.09245829730270824 0.09071254910649558 0.06524444671336811 0.05189946509696393
6 0.42123726073357626 0.10192237905554213 0.03079605832062491 0.01459433400953163
23 0.4174576440923262 0.12999283197764147 0.022892639342673604 0.010551716314779913
23 0.41689394642902766 0.15421158197764145 0.02378299211621524 0.015252853084255058
1 0.5503967774510763 0.1604497195578955 0.06827852773541672 0.048047762174864596
23 0.9729802922687153 0.1709522118439625 0.02227504350298588 0.017569329545304768
23 0.9237797260643055 0.16931184536702676 0.022929006933854267 0.012114216314779913
6 0.8791030056995833 0.17478454950694208 0.033194359707395905 0.01697899431795715
23 0.4177472784010067 0.1847076055165918 0.020585256933854268 0.01207330600635439
6 0.9285938594230554 0.19753230275335296 0.02917900693385427 0.012223310470581339
23 0.4147670955553471 0.2120104452081663 0.02143924211621524 0.015211942775829535
6 0.879338088621493 0.2318430730458924 0.02612674211621524 0.015293763392680581
23 0.9307914858479511 0.23743059983125364 0.019022756933854267 0.012046032467404011
23 0.4195448613229164 0.24179340259449247 0.02220230832062491 0.014444329545304769
23 0.09212837614055536 0.2392045961843962 0.032431293502986104 0.017746607548481917
28 0.03569653818465257 0.24603524878218402 0.038536476348645876 0.0451858149348082
6 0.924722670593472 0.26311639244492746 0.023710256933854267 0.012127853084255059
23 0.9754493692067012 0.2663465324608135 0.026163109707395903 0.016856263392680582
23 0.0914192081125345 0.2696733461843962 0.03234037452503471 0.013840357548481919
6 0.9725230845374302 0.32491300892186314 0.026035823138263935 0.011387513392680581
6 0.9687434678961804 0.3529834618439625 0.02378299211621524 0.015252853084255058
23 0.24210692629305522 0.41064103977100475 0.01722452080156254 0.03544262215897849
23 0.2671069262930552 0.4110774163942102 0.01804213839274311 0.03701875892845372
23 0.21785180870187465 0.41178079991727445 0.01106543977951393 0.03923977800317715
23 0.19517737490628437 0.41216658360249453 0.01735180737069446 0.040911372158978485
23 0.2189045092149649 0.4672904602257 0.011737587005972295 0.03456591477265238
23 0.2696675754193746 0.468958100241586 0.014898954597152781 0.03618296185055314
23 0.8120356069545135 0.5378242917963043 0.007159189779513753 0.039171594155801334
23 0.9089106069545135 0.5395152512112255 0.014190439779513753 0.039294325081077906
6 0.8448299231589231 0.5391782861142614 0.007958623575104084 0.03996648092527657
6 0.8721009379765621 0.5427805730458924 0.012718858757465413 0.04317330154212762
28 0.31893891717499956 0.5682956270269472 0.049165505033993105 0.06567559293798535
6 0.26492356440145787 0.5720421899331605 0.021585365691319504 0.0550420560063543
6 0.2293672708984717 0.5886160353067778 0.011010888392743112 0.03689602800317715
1 0.6893955811189578 0.6357242292971282 0.11935071846486114 0.061434152190750525
1 0.8603802283454162 0.6433981818121903 0.15203593189572934 0.05653814650870785
6 0.2605432292953467 0.6595012796247349 0.013372822188333355 0.037718188311602674
6 0.2276943617041661 0.6604910353067778 0.017279072188333355 0.03778637215897866
23 0.9719528547703119 0.6852056266166149 0.024455139342673606 0.010578989853730292
6 0.07109886958795084 0.6726074314117438 0.01720633700597225 0.034661372158978666
6 0.09373693579236055 0.6737841477265238 0.013935866641250017 0.02835682508107773
23 0.16711988440558972 0.6774097540571897 0.015026241166284749 0.04165171185055314
6 0.19836988440558972 0.6779552248361966 0.015898410144236142 0.0455715986200282
23 0.1420471492232286 0.6800983774339844 0.02036770459715278 0.036278419236879245
23 0.20178386550388824 0.7663319322225227 0.011828505983923687 0.03847216477265238
23 0.14084636550388824 0.7652682642034595 0.011755770801562537 0.03534716477265239
6 0.09551568170829797 0.7652585815738997 0.01179213839274309 0.03690966477265238
6 0.0650287479127077 0.765507997564368 0.01729725598392364 0.038567622158978666
23 0.24155488032152714 0.7701524074657564 0.015716572188333354 0.0377590986200282
23 0.1157190789347563 0.7703006375802541 0.011047255983923643 0.03845852800317715
28 0.8836144405420132 0.8204379687438212 0.03470296153100705 0.04824263108743239
23 0.8147189701772909 0.8254879330300063 0.008467116641249817 0.028261367694751627
23 0.9217320363817005 0.8281374204481047 0.01319098423243048 0.029905688311602674
28 0.9615757863817007 0.8288328956913384 0.027635343939826383 0.046557400162155815
6 0.8349405511993396 0.8297487390363607 0.014135888392743112 0.03695057508107809
23 0.16606326463020765 0.8235444143656153 0.01722452080156254 0.035442622158978664
23 0.19335246324343683 0.8263654512972461 0.01184668977951393 0.039253414772652206
6 0.08864677944784653 0.8253193741875734 0.011701219414791696 0.03300341477265221
6 0.06987859565225625 0.8257733417201696 0.01173758700597225 0.03456591477265221
23 0.13784734565225626 0.8269597406645091 0.011937608757465324 0.043159664772652206
23 0.244079161856666 0.8295955913131323 0.013427373575104262 0.04006193831160267
6 0.11510017667430486 0.8304705243497292 0.016334168028020856 0.030741485389503255
6 0.43575751558013814 0.8548252366040241 0.03866310970739591 0.017074451704283435
6 0.017115965143297877 0.8764358149348082 0.010356924961875036 0.042351141233702094
6 0.0685693623697562 0.8820233417201694 0.015771123575104195 0.0401028486200282
6 0.35281707580062427 0.8924558758091312 0.030996080072118026 0.02318808400953145
6 0.4442233258006242 0.8940513778377263 0.043586999050069505 0.02731252232113448
6 0.9176426420050341 0.9030965101396792 0.009612042553055745 0.04390000446422704
28 0.7957494582094438 0.9017504241015526 0.03993532218833344 0.038181838473758486
28 0.8760000026623604 0.9125300113574951 0.02447397634864572 0.04494035308425524
23 0.9377369364579506 0.9128260661460335 0.014789851823611144 0.031495461850553144
23 0.9603022674799992 0.9171277824608136 0.009321101823611145 0.03140000446422704
23 0.31133743740788117 0.9284655137964224 0.023056293502986148 0.017582966314779826
23 0.3619368494519784 0.9371644038123085 0.022965374525034755 0.013676716314779824
23 0.42205673186079784 0.9397769350618965 0.035338087955902785 0.008426154626382498
6 0.4673510480652075 0.9413491176914566 0.03555629350298624 0.017801154626382498
6 0.3622453207666312 0.9574905405817837 0.028415940729444422 0.012990923701106282
6 0.3208027031754506 0.9583302917995997 0.031468205547083274 0.009920470779006508
23 0.4237640490151381 0.9671615953703221 0.022910823138263935 0.011332966314779824
28 0.9563401596724646 0.9806420106501232 0.03944501291777769 0.03871597869975361
23 0.8914418582856936 0.9868292130650737 0.013154616641249816 0.026341573869852652
23 0.9086293582856936 0.9840665759911446 0.00952112357510444 0.03186684801771093
28 0.8320668582856936 0.98133615513106 0.03470296153100705 0.03732768973788012
23 0.871874240694513 0.9866621626390029 0.012446101823611144 0.02667567472199437
23 0.7882804906945131 0.9839794704720812 0.01262793977951393 0.03204105905583745
6 0.46929410135183947 0.9921849147693571 0.02222049211621524 0.015225579545304768
23 0.3231639837606589 0.9911973388775003 0.03853582313826394 0.011605701704283433
23 0.41689579996506865 0.9935631788743526 0.0276346907294446 0.012873642251294726
23 0.3653151161694783 0.9933016595969345 0.029215374525034754 0.013396680806130944