23 0.1546875 0.725 0.02578125 0.01875
23 0.1578125 0.75 0.02578125 0.01953125
23 0.1578125 0.7734375 0.02578125 0.01953125
28 0.11171875 0.775 0.0515625 0.05703125
23 0.1578125 0.7984375 0.02578125 0.0203125
6 0.15859375 0.821875 0.03359375 0.02578125
28 0.1125 0.83671875 0.053125 0.05234375
23 0.16015625 0.84921875 0.02734375 0.025
23 0.15625 0.8703125 0.02265625 0.01953125
23 0.15859375 0.89609375 0.0203125 0.01953125
28 0.1140625 0.89921875 0.05390625 0.05234375
23 0.159375 0.92109375 0.0234375 0.02109375
23 0.15859375 0.94609375 0.0171875 0.01875
28 0.11328125 0.95703125 0.04921875 0.04453125
23 0.16015625 0.96875 0.028125 0.0203125
23 0.1625 0.99921875 0.0265625 0.0015625
28 0.11640625 0.99921875 0.04765625 0.0015625
28 0.0984375 0.0359375 0.0453125 0.06171875
23 0.14765625 0.09609375 0.02578125 0.01953125
28 0.0953125 0.0984375 0.0421875 0.06015625
23 0.1484375 0.11796875 0.02421875 0.015625
23 0.15 0.1421875 0.02421875 0.01640625
23 0.1 0.14453125 0.02265625 0.0140625
23 0.103125 0.1671875 0.03125 0.01484375
23 0.14921875 0.16875 0.0234375 0.01640625
28 0.10234375 0.21484375 0.04765625 0.06484375
28 0.15 0.2171875 0.04140625 0.06015625
1 0.13828125 0.35078125 0.11328125 0.1984375
23 0.11875 0.4671875 0.0265625 0.01953125
23 0.1609375 0.49140625 0.0234375 0.0125
23 0.11875 0.49140625 0.01875 0.01875
23 0.16328125 0.51328125 0.02265625 0.02109375
23 0.12109375 0.5203125 0.028125 0.02109375
28 0.11015625 0.71484375 0.0515625 0.05625