28 0.794760454028472 0.3967811480524107 0.04113479948690983 0.05732450248119943
28 0.7909613471708676 0.49280212344530483 0.042043336056041804 0.06282963978475227
28 0.9733543134515272 0.586545777083796 0.029670622625173594 0.06771619292790554
28 0.6577293134515274 0.5718453064484128 0.04255182912218754 0.051147277088305285
28 0.5912685120647565 0.5710961356464139 0.06028418977951393 0.04182793507002245
28 0.932638394473576 0.5885598872990437 0.04358765226045165 0.06212116439185813
28 0.7794770268823953 0.5829904758026697 0.04967399810013902 0.055381012820281586
28 0.7169952106779857 0.5792982415184353 0.05781315321038196 0.036250023159363744
6 0.3866706246219439 0.6249166867226524 0.019568270801562537 0.03602954528527036
6 0.38403528068211756 0.6709376621155465 0.018859755983923598 0.03911815798171734
6 0.3851970839687494 0.7218280740262053 0.015698388392743113 0.03741010876750561
6 0.3824708210509716 0.7717552994190995 0.014771668028020813 0.03112372146395277