23 0.54375 0.003125 0.00859375 0.00625
6 0.87265625 0.0046875 0.01328125 0.009375
6 0.559375 0.0015625 0.01171875 0.003125
6 0.09609375 0.0046875 0.01328125 0.009375
23 0.85390625 0.003125 0.0078125 0.00625
6 0.91640625 0.0125 0.0171875 0.025
28 0.60546875 0.046875 0.0078125 0.03671875
23 0.52421875 0.05625 0.01015625 0.0859375
23 0.3953125 0.06171875 0.01171875 0.096875
23 0.0671875 0.0625 0.01171875 0.10625
23 0.84453125 0.0640625 0.0171875 0.0953125
23 0.57890625 0.06640625 0.02578125 0.04296875
23 0.41953125 0.06953125 0.01796875 0.08203125
23 0.22265625 0.0734375 0.00859375 0.0703125
23 0.3015625 0.07265625 0.00859375 0.0625
6 0.28984375 0.0734375 0.0109375 0.05703125
6 0.20859375 0.07421875 0.0109375 0.06484375
23 0.89296875 0.08046875 0.0203125 0.0390625
6 0.67734375 0.0828125 0.009375 0.0765625
6 0.7671875 0.08203125 0.00859375 0.075
23 0.690625 0.08359375 0.01015625 0.07109375
23 0.78125 0.08984375 0.009375 0.08359375
23 0.11875 0.10078125 0.02265625 0.03515625
6 0.08203125 0.24140625 0.00625 0.08671875
23 0.05 0.24375 0.009375 0.07109375
6 0.009375 0.24375 0.009375 0.07265625
6 0.0390625 0.2421875 0.01171875 0.07578125
23 0.1265625 0.2453125 0.00625 0.05
6 0.13828125 0.24296875 0.0078125 0.05859375
6 0.1140625 0.24609375 0.009375 0.06328125
6 0.15078125 0.246875 0.0078125 0.071875
23 0.22109375 0.2484375 0.009375 0.0625
6 0.39296875 0.24921875 0.00625 0.05703125
23 0.18125 0.2515625 0.01328125 0.0875
6 0.24609375 0.2515625 0.01015625 0.07578125
6 0.48203125 0.25078125 0.01015625 0.07421875
6 0.37734375 0.253125 0.01015625 0.06484375
23 0.51875 0.253125 0.00703125 0.07109375
6 0.3328125 0.2546875 0.01015625 0.075
6 0.43515625 0.25390625 0.009375 0.06640625
23 0.3125 0.25546875 0.01171875 0.07578125
6 0.34453125 0.25625 0.0078125 0.078125
6 0.2046875 0.25546875 0.01484375 0.08359375
6 0.67421875 0.25625 0.015625 0.090625
6 0.2984375 0.25625 0.01484375 0.071875
23 0.6890625 0.25625 0.00703125 0.07734375
23 0.42265625 0.25546875 0.00703125 0.0703125
23 0.36484375 0.25703125 0.00859375 0.0734375
6 0.53046875 0.25703125 0.009375 0.0734375
23 0.5765625 0.25703125 0.00703125 0.0734375
6 0.546875 0.25859375 0.0078125 0.0640625
23 0.27578125 0.2609375 0.01484375 0.08125
6 0.603125 0.26015625 0.00703125 0.0671875
6 0.778125 0.2625 0.01171875 0.07734375
6 0.56015625 0.2609375 0.01015625 0.0625
6 0.71484375 0.26328125 0.01328125 0.07890625
23 0.65078125 0.2625 0.015625 0.08984375
23 0.7921875 0.26328125 0.0078125 0.07265625
6 0.61640625 0.26484375 0.0078125 0.07578125
6 0.5890625 0.26484375 0.0078125 0.0765625
6 0.70078125 0.265625 0.00625 0.078125
23 0.83203125 0.26796875 0.01015625 0.0765625
6 0.86015625 0.26796875 0.00859375 0.0765625
23 0.890625 0.26796875 0.00703125 0.08203125
6 0.80546875 0.26875 0.009375 0.07734375
6 0.8171875 0.27109375 0.0078125 0.07578125
6 0.87421875 0.2734375 0.0078125 0.09921875
23 0.7546875 0.2765625 0.0171875 0.0984375
6 0.84609375 0.27578125 0.01015625 0.08515625
6 0.90546875 0.27421875 0.0078125 0.07578125