28 0.29140625 0.73359375 0.0453125 0.059375
28 0.53359375 0.73828125 0.03984375 0.0609375
23 0.33515625 0.74375 0.021875 0.01796875
23 0.0875 0.75078125 0.02265625 0.01796875
23 0.334375 0.7671875 0.025 0.01640625
23 0.0859375 0.771875 0.0265625 0.01953125
6 0.88203125 0.7734375 0.025 0.02578125
6 0.7296875 0.7734375 0.01875 0.0453125
6 0.8359375 0.77578125 0.0171875 0.04296875
6 0.78359375 0.778125 0.0609375 0.04140625
23 0.33515625 0.78984375 0.02109375 0.0171875
28 0.29140625 0.8015625 0.040625 0.0640625
28 0.4890625 0.803125 0.0453125 0.06015625
28 0.534375 0.80546875 0.04609375 0.06640625
23 0.0375 0.81171875 0.03203125 0.02265625
23 0.33984375 0.81484375 0.02578125 0.01484375
23 0.00546875 0.8375 0.0109375 0.015625
23 0.00703125 0.86171875 0.0140625 0.015625
23 0.00625 0.88515625 0.0125 0.01875
23 0.00625 0.9078125 0.0125 0.015625
23 0.0859375 0.31640625 0.0265625 0.01640625
28 0.3265625 0.31953125 0.03984375 0.06015625
23 0.0890625 0.34140625 0.02890625 0.01875
23 0.0875 0.3765625 0.02578125 0.01640625
23 0.08671875 0.40078125 0.02734375 0.01640625
6 0.7515625 0.43671875 0.01484375 0.0375
23 0.090625 0.43671875 0.02421875 0.01953125
23 0.08984375 0.4609375 0.021875 0.01953125
6 0.75078125 0.49296875 0.015625 0.0390625
6 0.73125 0.49609375 0.01640625 0.03203125
23 0.0890625 0.49765625 0.02109375 0.0171875
23 0.0890625 0.5203125 0.02109375 0.0109375
28 0.54609375 0.54296875 0.040625 0.059375
28 0.503125 0.5453125 0.04296875 0.0515625
6 0.7671875 0.55546875 0.0140625 0.03984375
23 0.08671875 0.5703125 0.01640625 0.01875
23 0.08671875 0.5921875 0.02265625 0.0203125
23 0.0859375 0.6328125 0.0234375 0.015625
23 0.33671875 0.6390625 0.0234375 0.01484375
23 0.0859375 0.65625 0.02109375 0.01484375
23 0.33359375 0.66171875 0.021875 0.01875
28 0.534375 0.67421875 0.059375 0.03671875
23 0.3328125 0.6859375 0.02578125 0.015625
23 0.0875 0.69296875 0.0234375 0.015625
23 0.08671875 0.7125 0.02265625 0.0171875
23 0.3359375 0.71484375 0.0234375 0.02109375