9 0.14140625 0.36015625 0.28203125 0.19453125
6 0.59765625 0.3625 0.425 0.14453125
1 0.97265625 0.496875 0.0546875 0.1453125
6 0.909375 0.528125 0.096875 0.14921875
6 0.50703125 0.52890625 0.11015625 0.11796875
6 0.41015625 0.584375 0.03125 0.0796875
6 0.4484375 0.58828125 0.03125 0.0625
6 0.41015625 0.7109375 0.0421875 0.059375
6 0.49296875 0.796875 0.034375 0.065625
6 0.54375 0.871875 0.03203125 0.0796875
23 0.853125 0.921875 0.021875 0.059375
23 0.92578125 0.9265625 0.02890625 0.06875
23 0.89921875 0.92734375 0.0265625 0.0578125
23 0.87890625 0.928125 0.03046875 0.0625
23 0.83203125 0.92890625 0.0265625 0.06015625
6 0.77734375 0.93046875 0.03828125 0.06328125
6 0.94921875 0.93046875 0.02421875 0.06796875
6 0.61640625 0.9453125 0.053125 0.07265625
6 0.39453125 0.95546875 0.03671875 0.06796875
6 0.41875 0.96015625 0.03046875 0.0609375