23 0.04115675996019384 0.8377455366604888 0.014699169961943915 0.01611607332097762
23 0.04136234840120691 0.8619370048093234 0.013136669961943914 0.01606150961864685
23 0.042317353344122774 0.8853745048093234 0.013264003954332693 0.019186509618646853
23 0.043240524788941456 0.9080307548093234 0.013136669961943914 0.01606150961864685
1 0.4978419338021084 0.09851941178771587 0.13549578410611945 0.1662202554422956
1 0.7864826225471326 0.21313750561193162 0.3253089950942652 0.38270589491267487
23 0.19045915121604465 0.3280679802145522 0.01452275642579064 0.030932541469812235
23 0.20767848471414183 0.3294494309401915 0.013805173421985017 0.032467759618646855
23 0.16942906821223902 0.3288938702330856 0.017775090418179394 0.03416666887447395
23 0.24833531821223903 0.3316493372007938 0.01683467292769336 0.030233137023308564
23 0.2663359017103362 0.33305806977759866 0.016930173421985016 0.03257688702330856
23 0.2874933187065306 0.3353571797590652 0.014586423421985018 0.03249504146981223
23 0.32736890220462783 0.33752980416850203 0.01374150642579064 0.030905259618646853
23 0.2281501522046278 0.3340650090704927 0.016085256425790638 0.030987105172143092
23 0.306306985702725 0.33757444418703547 0.016930173421985016 0.03257688702330856
23 0.1438361606075848 0.3709077554422956 0.016212590418179396 0.03411210517214318
23 0.12586741060758483 0.37028027286549076 0.018556340418179395 0.034193950725639424
23 0.1327514219762913 0.4243502139724834 0.030451503954332715 0.019786710344286362
23 0.13223942741349876 0.45007690027015246 0.02882533695813829 0.01816964664195524
23 0.13003759885831745 0.4726240228654907 0.03448508794672147 0.02304811960011328
23 0.1310562707974277 0.49762402286549073 0.026895422433401883 0.028244051088459086
23 0.13448235973273237 0.524268368418987 0.030547004448624283 0.022130460344286184
23 0.13774928117755106 0.5470064639724834 0.030324169961943915 0.016661710344286363
23 0.13707811912427253 0.5688269002701525 0.028107753954332716 0.019704864790789856
23 0.13819229155767437 0.5961706502701525 0.03129642095052709 0.021376492195451745
23 0.16966246745111735 0.6409573606144388 0.03373567144481866 0.023802087748947896
23 0.1698998893902276 0.6659300787632733 0.03155108893530465 0.027626492195451748
23 0.3611615593521715 0.6882118504476378 0.019401257414373773 0.035783732576804894
23 0.3181928093521715 0.6867113486335391 0.017838757414373775 0.035729168874474124
23 0.2416303093521715 0.6840377272193272 0.02030984140676253 0.038936014427970275
23 0.2994746428502687 0.686837834205569 0.016962006920082207 0.033358137023308566
23 0.3807564763483659 0.6904563967267734 0.019369423916276586 0.0350024825768049
23 0.2807564763483659 0.6869643197775986 0.023275673916276586 0.03513889183263199
23 0.34009964285026867 0.6882564904661711 0.02337117441056815 0.037482641832631815
23 0.2605076433445603 0.6878174916472976 0.019624091901054186 0.041252482576804896