9 0.8635244307002529 0.6498343927832219 0.2729511385994943 0.19781298070495268
6 0.41347135389173867 0.6421816933879521 0.42752280235290635 0.14947657272436105
1 0.03612582954200947 0.5034431733370452 0.05722393912238162 0.14594884667409058
6 0.09886160876300268 0.4729295173456358 0.09947962296975747 0.15034599267981755
6 0.5011917219935275 0.47682996073358785 0.1122154021907507 0.11925053401495393
6 0.5970985113607904 0.42248845341340535 0.032640950486467445 0.08005112667090888
6 0.5587490775134146 0.418136760741542 0.032340941558013724 0.06286362667090888
6 0.5948893547058128 0.2959259534134054 0.04322389448011279 0.05986589600572696
6 0.5105768100635443 0.20902484273549682 0.0355204886359143 0.06602498933799979
6 0.4584864301939279 0.13343394939526987 0.03342220048646745 0.08006021733768165
23 0.148238676947517 0.07983404535327181 0.022911394480112923 0.0596295386696362
23 0.07550060633066598 0.07430111334340862 0.030106285713814972 0.06908635467059072
23 0.1020494695611908 0.0738289460136812 0.02757162094116259 0.058121582670272565
23 0.12234833279171564 0.07328405334977198 0.031559691558013594 0.06285453600413615
23 0.16920969602224045 0.07304824335613531 0.027612531249588113 0.06046533267027256
6 0.22386992248329013 0.07212209003022588 0.039385828327488784 0.0637266926718634
6 0.05199492248329013 0.07012214334022696 0.025405148944339782 0.06825056066995439
6 0.3845483238632619 0.05915101738540669 0.05439321956119079 0.07327441534054513
6 0.6062460458600847 0.05157651674885986 0.03790514894433983 0.06839601133831796
6 0.5819454752432336 0.046607206078905464 0.03153241801906326 0.06129203600413617