23 0.9188887991047245 0.6342855874944939 0.014982648456053838 0.07153025961864685
28 0.9354314583605519 0.62980641862002 0.011011911069925873 0.047202382213985136
6 0.03782977206288256 0.6595907656090967 0.013147329944399665 0.06366319591631608
23 0.02541161761637884 0.6576835252277434 0.012529771051392224 0.06832341406515052
23 0.9558258039140479 0.6267533404897188 0.013392866604888453 0.07069444591631609
23 0.06603661761637884 0.6562648689671413 0.010721734390903358 0.061237600362819576
23 0.8894741176163787 0.6275097978387801 0.007968756623422025 0.04943700480932343
23 0.05286449502104055 0.6536036604369535 0.011502984390903382 0.06126488221398514
23 0.00877041833613134 0.6536507896557138 0.01754083667226268 0.03274057813030105
23 0.6514929679791985 0.6272370124442357 0.01188493030721922 0.07220238221398514
23 0.6642930683420183 0.6182067528255889 0.007142866604888454 0.07047619110699266
6 0.14145576906765767 0.6192980931064256 0.013229175497895929 0.06600694591631609
23 0.11723701906765767 0.6201438304925538 0.0065699477304145045 0.05406994110699266
23 0.1282290827699885 0.6181993845762379 0.008214293283910833 0.05646825480932342
23 0.009806464983973659 0.6129712259533828 0.018814487386128266 0.024846232576804895
28 0.898742479411944 0.5632017611782913 0.009630460344286362 0.029987600362819757
23 0.9472891068166056 0.5583852864060348 0.011530266242068876 0.06204613221398514
23 0.19513632977476364 0.5791889590783419 0.009350207349061357 0.06665178666048881
23 0.9311283934770944 0.5519269552805088 0.011584829944399643 0.06360863221398513
23 0.10610111162592908 0.5815178401112007 0.008405266242068787 0.061937004809323425
23 0.18188236162592908 0.5788715005481542 0.00781498920022683 0.06737847295815805
23 0.2405852390305908 0.573700361710747 0.011748521051392301 0.06829613221398514
6 0.6053744253282599 0.5625222372164922 0.013665685116542824 0.07850694591631609
23 0.9202181753282599 0.5515276511968248 0.012103185116542648 0.07845238221398514
6 0.2289756164352525 0.5709845894782285 0.007814989200226741 0.06737847295815805
6 0.5674478393934106 0.5537027979235982 0.016798119600113282 0.034139387023308564
23 0.6940376212445759 0.5485018880347988 0.010503479581580067 0.05498760036281958
23 0.9612524030957413 0.5383902449362225 0.010186021051392302 0.0682415685116542
23 0.6839632167980723 0.5465128020999495 0.00885913402808356 0.05258928666048881
23 0.6692013123515685 0.5446874072720925 0.010148815516429367 0.04483135036281958
6 0.02965766271438819 0.5584374933765781 0.01231151624206881 0.062073414065150524
23 0.01643097641671904 0.5573387848463904 0.009858638837407096 0.05886656851165419
23 0.004316680971207578 0.5569940444650372 0.008633361942415155 0.06665178666048881
23 0.143774726416719 0.5528918431064256 0.008640879218760222 0.04633928666048881
23 0.16678564048186958 0.5419444194226282 0.009422129218760223 0.046366568511654195
28 0.21412443195168188 0.5270262583527024 0.015880460344286272 0.030205855172143182
23 0.8990723508261558 0.4867211067317877 0.009432052902557686 0.06899553666048881
23 0.9513615371238251 0.48645572270370396 0.00705109736759475 0.04550347295815804
23 0.9131621326773214 0.4854487834108099 0.009050106986241957 0.05805803666048881
23 0.5835019145284868 0.4961804746026205 0.007805065516429366 0.04474950480932342
23 0.5656422919331485 0.4936829571794254 0.008831852176918176 0.05180803666048881
23 0.11022810563547929 0.5080257764088698 0.008159729581579978 0.05490575480932343
23 0.23681788748664473 0.5028248665200705 0.02184028366526398 0.04445932813030105
23 0.9414781056354794 0.4789978867688546 0.011284729581579712 0.055014882213985136
23 0.13302076489130643 0.5033283527250724 0.008750006623421935 0.04946428666048881
28 0.8533605467424719 0.4773932359505479 0.01383681070710594 0.03871775961864685
23 0.9745361422959682 0.4708207990199066 0.01647073738612832 0.024764387023308566
23 0.121465705998299 0.49905008049255384 0.0092956436467305 0.06508928666048881
23 0.8741095563611185 0.46418390782024677 0.009513898456054192 0.0713392866604888
23 0.8922147156169459 0.45965017524344187 0.014791675497895795 0.06606150961864685
1 0.06767850708675811 0.4751785600741337 0.029322945368161824 0.21404514183263199
23 0.15676828893792355 0.47128717904127504 0.010503479581579978 0.05498760036281976
23 0.1451859481937507 0.4677901568087564 0.00843254809323426 0.06271825480932343
23 0.9383456711519088 0.4346303278758471 0.016098715153609788 0.036455855172143004
23 0.1704042030030741 0.46066713757146277 0.009995048093234215 0.0627728185116542
23 0.18918148485423952 0.4592311231434925 0.009831356986241647 0.058085318511654195
23 0.9762821807705556 0.42082079901990654 0.016071433302444406 0.035674605172143006
23 0.21486353113337522 0.4388268539061988 0.011857648456053926 0.07142113221398513
23 0.2297345629845407 0.43752724873405563 0.011448420688572547 0.05970238221398514
6 0.5352578766868715 0.4252975449283733 0.01102183475372307 0.06983135036281976
23 0.36887890853803695 0.4303273292266095 0.008050602176918175 0.051780754809323426
23 0.40101928594269864 0.42608377332882696 0.013420148456054016 0.07147569591631608
23 0.3799255359426986 0.4268203833102935 0.008268856986241602 0.058030754809323425
23 0.5603942859426987 0.4205182756910796 0.0072966340280835595 0.052534722958158045
6 0.12383922704969122 0.43108133049255387 0.007914192921091079 0.047874504809323426
23 0.5503744451985259 0.4169666897562302 0.011693957349061358 0.06673363221398514
23 0.8778818863055184 0.4008480941179159 0.010875501814098599 0.043296132213985136
23 0.8661358544543528 0.40203857188539727 0.00928571996293286 0.042460318511654195
23 0.5890922048171726 0.4031298790491242 0.01307540807470069 0.0839484140651507
23 0.27360361407299977 0.4102454969199571 0.0075694525397379305 0.060347222958158045
23 0.28295133222183433 0.41069936470597196 0.009858638837407074 0.05886656851165419
23 0.29564230517999235 0.4047941050873251 0.006679075135076218 0.05719494110699248
23 0.3066070870311578 0.40363090917100913 0.010394352176918264 0.051862600362819755
28 0.7270559962869849 0.3850470232440089 0.011793161069925695 0.04722966406515052
23 0.7451611555428121 0.3805132906672041 0.013874016242068877 0.06212797776748138
23 0.7975867510963084 0.37634165663912034 0.008541675497895973 0.06584325480932343
23 0.5749577829474738 0.3833357342212674 0.009377489200226918 0.0674330366604888
23 0.7851685966498045 0.37443441625776724 0.007170148456053837 0.07125744110699257
23 0.34777772405446633 0.38658725291040685 0.01139385698624169 0.05813988221398514
23 0.7039185966498046 0.37727172877897175 0.010858143646730411 0.06514385036281975
23 0.604918101459128 0.3744865238769811 0.01024058475372307 0.06980406851165419
23 0.7596328833102934 0.3683034673462264 0.00919643992586625 0.08459325480932342
23 0.772941415161459 0.3670584258764141 0.009251003628197196 0.08615575480932343
23 0.5240773292266094 0.36560508639818556 0.00999504809323426 0.06277281851165428
23 0.23216264773826376 0.36799599873405564 0.01007689364673059 0.06511656851165437
23 0.5379314981010834 0.3487350449283733 0.01209326143274545 0.055823414065150526
23 0.3590525299522489 0.35420133884525634 0.010585325135076217 0.05733135036281976
23 0.33580600291040685 0.34955104438021917 0.006307052902557686 0.06888640925582709
6 0.126567412166234 0.3529563304925538 0.006679075135076218 0.05719494110699257
23 0.8915202895708958 0.32312239820159994 0.008487111795565027 0.06428075480932342
23 0.8797742577197303 0.3243128759690813 0.0060615162420688765 0.061855159255827095
28 0.8580629488267227 0.3203892678017133 0.012110619600113637 0.033975695916315905
28 0.6870237625290537 0.324801493206942 0.015972229581580066 0.05517857332097771
23 0.3823362625290537 0.3354414151614589 0.00999504809323426 0.06277281851165428
23 0.3723164217848809 0.3318898292266095 0.00843254809323426 0.06271825480932343
23 0.275577831040708 0.3313665287711225 0.009077388837407163 0.05883928666048881
28 0.2161755491895426 0.33422119945969503 0.011684033665263983 0.044104664065150526
23 0.2874057084453697 0.32783230100364114 0.009050106986241601 0.05805803666048881
1 0.9444915221477006 0.30332576417351625 0.0697718413771451 0.12104167549789598
23 0.31097961770119686 0.3231075954686783 0.009449411069925695 0.04714781851165428
23 0.5972990636175128 0.30218493794213164 0.008750006623422023 0.04946428666048881
23 0.6707092817663474 0.3004016939325814 0.008814494009550167 0.07365575480932343
6 0.34886156361751286 0.3108605666127377 0.00843254809323426 0.06271825480932343
23 0.0465723773198437 0.3198561430137583 0.02717262440943683 0.04074405108845909
23 0.5857440047245055 0.2979066657096131 0.00851439364673041 0.06506200480932342
23 0.7075917228733399 0.29443194692780633 0.008241575135076219 0.05724950480932343
1 0.45605650472450543 0.30243545300307406 0.0612996316658311 0.2136011977304145
6 0.4007787276826634 0.2989037144358195 0.010458839563046496 0.07605406851165428
28 0.2532316050873251 0.3009349843060854 0.012247028855940556 0.037881945916315996
23 0.2362350780454831 0.29606643503172475 0.008187011432745361 0.055687004809323426
23 0.5324652373013102 0.2818203634400276 0.017524805897782512 0.03260416887447395
23 0.7290227787711225 0.2616913687975052 0.008487111795565027 0.06428075480932342
23 0.7641790287711225 0.26046368549506094 0.00945933475372307 0.06977678666048881
23 0.7408506561757842 0.25815714103002374 0.00789683475372307 0.06972222295815804
23 0.7517608743246188 0.2585564451137078 0.008087807711881112 0.07519097295815805
6 0.28333825653860395 0.26555055581296455 0.02381201143274545 0.05623264183263199
28 0.7874081976455966 0.24326626181126354 0.012547129218760134 0.04647569591631599
23 0.8047321069014236 0.2387598110856241 0.014010425497896151 0.06603422776748147
6 0.2168600846689051 0.24758429501319132 0.013856658074700868 0.083975695916316
23 0.08655502577589765 0.2474528641578178 0.013283739200226786 0.067569445916316
23 0.8952579031805594 0.21609114820159991 0.00872272477225664 0.04868303666048881
23 0.5359374668828902 0.22707829973769672 0.007487606986241601 0.05800347295815804
23 0.524273280585221 0.22592502750517815 0.011912212158384783 0.07298363221398514
23 0.5493005624363866 0.22427075826788445 0.008405266242068877 0.061937004809323425
23 0.8830307216922136 0.20871515782024677 0.007214788474587408 0.05019097295815804
23 0.5619096898410482 0.2207092486492376 0.010213302902557685 0.06902281851165429
23 0.5762177265015371 0.21318692532825995 0.009486616604888453 0.07055803666048881
23 0.1262722902038679 0.22733877159954644 0.009350207349061357 0.06665178666048881
23 0.1512722902038679 0.22646575236225272 0.012447925497895973 0.06597966406515052
23 0.16385413575736418 0.22368549274360588 0.009268361795565117 0.06430803666048882
6 0.3976661405666876 0.20927821924514292 0.017199912884024292 0.09033482332097771
6 0.3838764590783419 0.20195679256612062 0.012748025860715639 0.07457341406515053
23 0.7436061231434925 0.17925089103002376 0.009722229581580066 0.05496031851165428
23 0.18081594646447016 0.1848586057202973 0.009268361795565117 0.06430803666048882
23 0.7912450149761244 0.1557389799600981 0.022003974772256463 0.049146828130301135
6 0.5274280516366133 0.15792899565401272 0.016688992195451745 0.031014387023308564
28 0.6141468016366133 0.15490071017465024 0.01209326143274545 0.05582341406515057
23 0.10092011533894416 0.17126238639033636 0.010885425497895973 0.06592510036281976
23 0.5884201153389441 0.15423851126310936 0.020731651451278844 0.03505704627913566
23 0.951810492743606 0.13842745047118538 0.012666180307219577 0.07222966406515056
6 0.966654242743606 0.13790909529904224 0.011666675497895795 0.06595238221398514
23 0.9800173382971021 0.13510155382922998 0.008896339563046496 0.07599950480932342
6 0.9191344019994329 0.13566703822013335 0.013501994009550345 0.07381944591631599
23 0.6426810294040947 0.1421998135326948 0.010567966967708209 0.07917906851165428
28 0.5515748797669144 0.1367980401190499 0.014836315516429366 0.04499504146981228
23 0.6312350979157489 0.13479654130017624 0.012485131032858731 0.08938988221398514
6 0.5103868845762378 0.13199397823081757 0.008487111795565027 0.06428075480932342
23 0.48080851198089947 0.12990568857510382 0.01048612141421188 0.07683531851165429
23 0.4987772619808995 0.129278205998299 0.006951893646730411 0.06500744110699257
23 0.5303819260460501 0.11803068195168187 0.016579864790790034 0.027889387023308565
6 0.1451016796742472 0.04565226198089955 0.014665189925866207 0.08478422776748142
23 0.15946428003706686 0.03656743865992185 0.008241575135076219 0.05724950480932343
23 0.07907737559056319 0.037033719329960926 0.009694947730414506 0.054179068511654285
6 0.44623759373939775 0.027449127045766613 0.014573420688572546 0.054898254091533226
6 0.40491318929289405 0.03127663471327639 0.01282987141421188 0.06255326942655277
23 0.5423040618882323 0.03198719088513601 0.011485626223535305 0.06397438177027202
6 0.6017609074417286 0.027845941929223822 0.013556557711881112 0.055691883858447644
23 0.462916662251052 0.022468347145738265 0.013683043283910835 0.04493669429147653
6 0.871319439292894 0.02316028399156158 0.01595487141421188 0.04632056798312316
6 0.5581473166975558 0.025491654224647164 0.014174116604888454 0.05098330844929433
6 0.0948115029952249 0.03515686402077925 0.01584574400955021 0.0703137280415585
23 0.8526785666975558 0.020314922966007214 0.010267866604888454 0.04062984593201443
6 0.915850689292894 0.022416853547303668 0.01986112141421188 0.044833707094607336
23 0.6998634913928434 0.7168426602673175 0.016316969962933213 0.04270585517214318
23 0.6998014932069421 0.6739284739696483 0.017552087748947898 0.03338541887447395
23 0.9015276843139347 0.6622022563689679 0.012720744009550344 0.07379216406515052
28 0.8703049661651001 0.6625122804155851 0.010803579944399644 0.06358135036281976