23 0.24889025121122543 0.9238027686982712 0.04255569277582953 0.021584646005727137
23 0.29414820413332476 0.9212050273710892 0.04045740462638268 0.035619874005409
23 0.5612675202859488 0.9204077854073602 0.047570475243233545 0.04038919000636341
6 0.613543086438573 0.9171106100811326 0.04358240462638267 0.03565623667249973
6 0.25145614366274344 0.8918078813653623 0.03727785754848192 0.03245851133831792
23 0.2974680730458924 0.8876567307049529 0.041197744317957155 0.033285214672181596
6 0.940409549506942 0.8935758494589034 0.046857409090609536 0.044286349339590456
23 0.5598044318121904 0.8813361947405876 0.046007975243233724 0.040371008672817864
6 0.608914087656389 0.8756589067472689 0.04037558400953163 0.030932374005409
6 0.24622317288373666 0.860503337364726 0.040334673701106105 0.028588624005409003
23 0.9406453287279353 0.862334940125676 0.05149036201270896 0.041215893340227086
6 0.6138510036468574 0.845253791414678 0.05308013555165925 0.04279657467377227
6 0.24961122564368016 0.8308612906985895 0.04191081047058134 0.029388055338954187
23 0.560535088874205 0.8336981260741329 0.04356876785690744 0.03487498667249973
23 0.9440742917963043 0.8350366434595398 0.05475172970746058 0.049064756007317814
23 0.6124288254815244 0.8085259507479053 0.03955342370110611 0.028579533338636054
6 0.24832541517309892 0.8019459500318167 0.03494774431795715 0.033212489337999786
23 0.5638685945562478 0.8009310794079966 0.03808638108743238 0.034030102005090865
6 0.24695778408566657 0.768343109365044 0.0365238810874323 0.03401192067154515
23 0.9250691473161915 0.775452558123767 0.03450741355483657 0.052734648671227194
6 0.6648583502382908 0.7693003660884504 0.026667640015886108 0.05108124200349984
6 0.8288935766993404 0.7696469061107222 0.026722187093786688 0.05420624200349984
6 0.7359111899298652 0.7677838667647683 0.028298323863261744 0.05500567333704538
6 0.8039072134688154 0.7701372547739951 0.02916139448011279 0.05970226400381797
6 0.75464755316039 0.7672207927673135 0.03145059740221221 0.056604536004136105
23 0.6890361899298652 0.7672384267584048 0.029065937093786687 0.05423351400381797
6 0.85464755316039 0.768384398114222 0.02912048417168762 0.05735851400381797
6 0.7101299399298652 0.7674838747612684 0.02580456939903506 0.04638465133672724
23 0.877290166390915 0.7678667774506309 0.028271050324311632 0.0534431733370452
6 0.7851026663909149 0.7667940787714498 0.03061480032431163 0.05347044533736352
6 0.3126821956119081 0.7300533160407254 0.04924206939903506 0.04665737133990877
1 0.3959895734529295 0.7146197673854067 0.08655688311602719 0.12598179201145393
6 0.8762128616023765 0.706148027450631 0.032327304788538666 0.06208237667090888
6 0.17459581452447578 0.6948596086887263 0.029874460632737066 0.055805104670590744
6 0.8300645645244756 0.7024866781110404 0.030519342937985527 0.048001695337363516
23 0.037877064524475784 0.6932687420034999 0.03079207832748877 0.06362669533736351
6 0.12381456452447578 0.6942687153484993 0.029942644480112877 0.059711354670590744
6 0.8027071777550006 0.701387254773995 0.03449377678536116 0.05195339867122719
6 0.7589435409855254 0.7000969274347226 0.02751707386326192 0.05499658267027261
6 0.2019259277550006 0.6943965320257716 0.028271050324311542 0.05344317333704538
6 0.10736740421605026 0.6917340613462721 0.032450035713814974 0.06911362667090906
6 0.7854924042160503 0.6996247601049952 0.032999460632737156 0.05584146733768165
6 0.682353767446575 0.6976435420909958 0.025845479707460584 0.04872840133672725
6 0.1518850174465751 0.6914709793523173 0.0275579841716874 0.05734033267027243
6 0.9370139939076247 0.6990445994589033 0.03223184740221221 0.05661362667090906
6 0.07999638067709994 0.6898533880092268 0.02437843709378673 0.054178970003181705
6 0.05888899390762477 0.6888266900063634 0.028257413554836398 0.05266192333704538
6 0.7081077439076248 0.6963810340944956 0.033026734171687264 0.05740396733768165
6 0.01825035713814959 0.6875727253341818 0.013509120941162578 0.05795795066836362
23 0.7354242203686744 0.6951367074315409 0.025954573863261922 0.054978401336727066
23 0.17806964204118564 0.6253829026893626 0.029983554788538445 0.06205510467059074
6 0.08351111850223532 0.6227204320098632 0.02433752678536121 0.051835220003181706
6 0.15302873173276016 0.6227482513526355 0.019622753246410874 0.05021817600254543
23 0.05849748173276015 0.621648280673136 0.020404003246410875 0.050227266669318024
23 0.031934981732760145 0.6213391980028635 0.025023319399035026 0.0463755606699543
23 0.10925145819380981 0.6206766740133631 0.02526878124958811 0.060438060669954295
23 0.8519611095737816 0.614478148114222 0.02812104586008459 0.04484942333704538
23 0.778482699265356 0.6112798754375861 0.026722187093786688 0.05420624200349984
23 0.829263949265356 0.6118707687778131 0.026654003246410696 0.05029999200349984
23 0.7354866757264057 0.6092173887650864 0.02514605032431163 0.0534068106699543
23 0.7573344021874554 0.6079094274347226 0.03217730032431163 0.05348862667090888
23 0.8049770154179802 0.6076827081078587 0.02132162094116268 0.05804885733609062
23 0.6853775815706044 0.6023855860916322 0.029819913554836396 0.05268010467059074
23 0.7118991712621788 0.6003509187619047 0.03084662540538936 0.06675169533736351
23 0.369643487414803 0.5924629567154522 0.046021612012708865 0.04115225867281787
6 0.4091463181779238 0.5733953307208612 0.039249460632737154 0.05591419267186346
23 0.1518696063273707 0.5563420013526355 0.03376707386326192 0.05506930800445424
23 0.06042244601894518 0.5529346433402269 0.03375343709378673 0.05428805800445424
23 0.10957301217156934 0.5496011053469084 0.040085257710637735 0.05904828333863606
23 0.3623570929346901 0.5330152313812706 0.04358240462638267 0.03565623667249973
1 0.47361219277253425 0.5077526967297699 0.07408020251506216 0.17192100067631771
6 0.40708321184725776 0.4999487400540884 0.03615173417168745 0.057440330004772555
6 0.1264371838440806 0.4865289406826811 0.02583184293798535 0.047947151336727244
23 0.9748474103051302 0.49483890479785764 0.021212526785361164 0.05179885733609062
23 0.83732013676618 0.4916764474458585 0.026735823863261742 0.05498749200349984
23 0.19747638676617987 0.48423119135899884 0.03391707832748878 0.06366305800445424
6 0.10686502353565505 0.483957924013363 0.02350172970746054 0.04870112933640893
23 0.9099900235356551 0.49330312945572163 0.02983355032431163 0.053461354670590745
23 0.86466388676618 0.4919946207829037 0.023529003246410697 0.05026362933640911
6 0.06073036322722954 0.48107782467377247 0.026009120941162568 0.05810340133672724
23 0.9529178632272295 0.4914593661282213 0.023034125405389717 0.06666078866963616
23 0.8880604764577544 0.4899235907860854 0.025118776785361164 0.0518443106699543
6 0.5340314955324779 0.4787742687380422 0.03166878571381489 0.0691045360041361
23 0.40815874228606697 0.4273197620544066 0.033313106330665934 0.07381021733768164
23 0.20264908197764148 0.42258516669318064 0.02687219155801355 0.06279999200349984
23 0.26039339813026563 0.41935162603436205 0.027776172483290118 0.0698403326702726
23 0.2861610113607904 0.4188703680378619 0.03313582832748878 0.06365396733768165
23 0.23377635105236488 0.4159175433640895 0.034916516639091455 0.07617214867122701
23 0.1728524878218401 0.41598972135581713 0.02943412986961631 0.07532726400381798
23 0.378892207790068 0.31684533871736126 0.03787787540538945 0.06683351133831791
23 0.34605243425111765 0.3149010307129069 0.03638355925276535 0.07072158000477255
6 0.41321266071216733 0.31412032805536105 0.041975040178041746 0.07781646467218159
23 0.45171427881395604 0.1481958833943154 0.04190685633066593 0.07391021467218155
23 0.4203279111192044 0.1400197567234065 0.03876821956119088 0.07309260200509068
6 0.6952324537328782 0.13775092142740478 0.038972771103318316 0.08481135200509068
6 0.7499784549506943 0.09699010876826805 0.0496102621748646 0.06775112133990877
23 0.7967443607948927 0.0912855487746314 0.06430400771063774 0.05933009400859053
6 0.37285563108084174 0.998057334022908 0.03607386769475172 0.003885331954183968
23 0.4181817678503169 0.9991294853596351 0.026671594155801337 0.0017410292807298333
6 0.25099426785031687 0.9981226940145561 0.03839034415580134 0.003754611970887822
1 0.7871442276722751 0.923394783378407 0.216871674511885 0.153210433243186
23 0.94850051338609 0.993762785228338 0.04570796631477982 0.01247442954332385
6 0.24826868830501211 0.977690837364726 0.04041649431795715 0.033276124005409004
6 0.2462425381428564 0.9511101560311804 0.041197744317957155 0.033285214672181596
23 0.5603186749123316 0.9555458540738148 0.04038922077900686 0.031713624005409
6 0.61565105721758 0.9483787914146781 0.04448638555165907 0.042696577339272325
6 0.9413504866007287 0.9474820994589035 0.04450002232113448 0.04347782733927232