23 0.42109375 0.0140625 0.02734375 0.0125
23 0.9796875 0.0140625 0.0328125 0.0125
23 0.42265625 0.0421875 0.02421875 0.0078125
23 0.421875 0.065625 0.0234375 0.0109375
23 0.97734375 0.07109375 0.02734375 0.02265625
1 0.09453125 0.0890625 0.0640625 0.05078125
6 0.4234375 0.09453125 0.03046875 0.0140625
23 0.4203125 0.12265625 0.02265625 0.01015625
23 0.4203125 0.146875 0.0234375 0.01484375
1 0.55390625 0.15078125 0.0671875 0.046875
23 0.9765625 0.15390625 0.021875 0.0171875
23 0.92734375 0.153125 0.02265625 0.01171875
6 0.8828125 0.159375 0.0328125 0.01640625
23 0.421875 0.17734375 0.0203125 0.01171875
6 0.9328125 0.18125 0.02890625 0.01171875
23 0.41953125 0.2046875 0.02109375 0.01484375
6 0.884375 0.21640625 0.02578125 0.01484375
23 0.9359375 0.22109375 0.01875 0.01171875
23 0.425 0.234375 0.021875 0.0140625
23 0.09765625 0.2375 0.03203125 0.0171875
28 0.04140625 0.2453125 0.0375 0.04453125
6 0.93046875 0.246875 0.0234375 0.01171875
23 0.98125 0.24921875 0.02578125 0.01640625
23 0.09765625 0.26796875 0.03203125 0.01328125
23 0.00078125 0.26875 0.0015625 0.015625
6 0.9796875 0.3078125 0.02578125 0.0109375
6 0.9765625 0.3359375 0.0234375 0.01484375
23 0.2515625 0.40625 0.01640625 0.03515625
23 0.2765625 0.40625 0.0171875 0.03671875
23 0.22734375 0.4078125 0.01015625 0.0390625
23 0.2046875 0.40859375 0.01640625 0.040625
23 0.2296875 0.46328125 0.0109375 0.034375
23 0.28046875 0.4640625 0.0140625 0.0359375
23 0.82421875 0.5234375 0.00625 0.0390625
23 0.92109375 0.5234375 0.01328125 0.0390625
6 0.85703125 0.52421875 0.00703125 0.03984375
6 0.884375 0.52734375 0.01171875 0.04296875
28 0.33203125 0.5625 0.04765625 0.06484375
6 0.278125 0.5671875 0.0203125 0.0546875
6 0.24296875 0.584375 0.01015625 0.03671875
1 0.70390625 0.6234375 0.11796875 0.059375
1 0.875 0.628125 0.15078125 0.05390625
6 0.27578125 0.6546875 0.0125 0.0375
6 0.24296875 0.65625 0.01640625 0.0375
23 0.9875 0.66796875 0.02421875 0.01015625
6 0.08671875 0.67109375 0.01640625 0.034375
6 0.109375 0.671875 0.01328125 0.028125
23 0.1828125 0.67421875 0.0140625 0.04140625
6 0.2140625 0.67421875 0.01484375 0.0453125
23 0.1578125 0.67734375 0.01953125 0.0359375
23 0.21953125 0.7625 0.0109375 0.03828125
23 0.15859375 0.7625 0.0109375 0.03515625
6 0.11328125 0.76328125 0.0109375 0.03671875
6 0.0828125 0.7640625 0.01640625 0.03828125
23 0.259375 0.765625 0.01484375 0.0375
23 0.13359375 0.76796875 0.01015625 0.03828125
28 0.90234375 0.8046875 0.03359375 0.04765625
23 0.83359375 0.8109375 0.0078125 0.028125
23 0.940625 0.81171875 0.0125 0.0296875
28 0.98046875 0.81171875 0.0265625 0.04609375
6 0.85390625 0.81484375 0.01328125 0.03671875
23 0.18515625 0.8203125 0.01640625 0.03515625
23 0.2125 0.82265625 0.0109375 0.0390625
6 0.1078125 0.8234375 0.0109375 0.0328125
6 0.0890625 0.82421875 0.0109375 0.034375
23 0.15703125 0.82421875 0.0109375 0.04296875
23 0.26328125 0.825 0.0125 0.03984375
6 0.134375 0.828125 0.015625 0.03046875
6 0.45546875 0.846875 0.03828125 0.01640625
6 0.0375 0.87578125 0.009375 0.0421875
6 0.0890625 0.88046875 0.01484375 0.03984375
6 0.0109375 0.88125 0.0078125 0.04453125
6 0.3734375 0.8859375 0.03046875 0.02265625
6 0.46484375 0.8859375 0.04296875 0.0265625
6 0.93828125 0.88671875 0.00859375 0.04375
28 0.81640625 0.8875 0.0390625 0.0375
28 0.896875 0.896875 0.0234375 0.04453125
23 0.95859375 0.89609375 0.0140625 0.03125
23 0.98125 0.9 0.00859375 0.03125
23 0.3328125 0.92265625 0.02265625 0.0171875
23 0.38359375 0.93046875 0.02265625 0.01328125
23 0.44375 0.93203125 0.03515625 0.0078125
6 0.4890625 0.9328125 0.03515625 0.0171875
6 0.384375 0.95078125 0.028125 0.0125
6 0.34296875 0.95234375 0.03125 0.009375
23 0.44609375 0.959375 0.02265625 0.0109375
28 0.97890625 0.96953125 0.03828125 0.05
23 0.9140625 0.971875 0.0125 0.028125
23 0.93125 0.971875 0.00859375 0.03984375
28 0.8546875 0.971875 0.03359375 0.04765625
23 0.89453125 0.9734375 0.01171875 0.03125
23 0.8109375 0.9734375 0.01171875 0.0390625
6 0.4921875 0.98359375 0.021875 0.01484375
23 0.34609375 0.98515625 0.03828125 0.0109375
23 0.43984375 0.9859375 0.02734375 0.0125
23 0.38828125 0.98671875 0.02890625 0.01328125