23 0.99296875 0.8375 0.0140625 0.015625
23 0.99375 0.86171875 0.0125 0.015625
23 0.99375 0.88515625 0.0125 0.01875
23 0.99375 0.9078125 0.0125 0.015625
1 0.50546875 0.08125 0.12890625 0.16171875
1 0.22109375 0.1859375 0.31015625 0.371875
23 0.82265625 0.321875 0.01328125 0.03046875
23 0.80546875 0.32265625 0.0125 0.03203125
23 0.84375 0.3234375 0.01640625 0.03359375
23 0.76484375 0.3234375 0.015625 0.0296875
23 0.746875 0.32421875 0.015625 0.03203125
23 0.72578125 0.32578125 0.01328125 0.03203125
23 0.6859375 0.3265625 0.0125 0.03046875
23 0.78515625 0.3265625 0.01484375 0.03046875
23 0.70703125 0.32734375 0.015625 0.03203125
23 0.87109375 0.36640625 0.01484375 0.03359375
23 0.8890625 0.36640625 0.0171875 0.03359375
23 0.884375 0.4203125 0.0296875 0.01875
23 0.8859375 0.44609375 0.028125 0.0171875
23 0.8890625 0.46875 0.03359375 0.021875
23 0.8890625 0.49375 0.02578125 0.02734375
23 0.88671875 0.5203125 0.0296875 0.02109375
23 0.884375 0.54296875 0.0296875 0.015625
23 0.8859375 0.56484375 0.02734375 0.01875
23 0.8859375 0.5921875 0.03046875 0.0203125
23 0.85625 0.6359375 0.0328125 0.02265625
23 0.85703125 0.6609375 0.03046875 0.0265625
23 0.66640625 0.6765625 0.01796875 0.03515625
23 0.709375 0.6765625 0.01640625 0.03515625
23 0.7859375 0.6765625 0.01875 0.03828125
23 0.728125 0.67734375 0.015625 0.0328125
23 0.646875 0.678125 0.01796875 0.034375
23 0.746875 0.678125 0.021875 0.034375
23 0.6875 0.67734375 0.021875 0.03671875
23 0.7671875 0.6796875 0.01796875 0.040625