6 0.7328125 0.37578125 0.0296875 0.01484375
6 0.815625 0.3828125 0.0140625 0.03984375
23 0.76640625 0.38359375 0.01328125 0.0390625
6 0.8921875 0.384375 0.01328125 0.03671875
23 0.86484375 0.3859375 0.0140625 0.034375
23 0.93828125 0.38515625 0.0078125 0.0375
23 0.78828125 0.38671875 0.01171875 0.040625
23 0.91328125 0.38671875 0.01015625 0.040625
23 0.83984375 0.3890625 0.01015625 0.03671875
6 0.9609375 0.390625 0.01171875 0.03984375
28 0.99140625 0.39375 0.0171875 0.0578125
23 0.73046875 0.4078125 0.028125 0.0140625
23 0.79296875 0.4390625 0.00703125 0.02890625
23 0.890625 0.43828125 0.01015625 0.0390625
6 0.840625 0.4390625 0.0109375 0.03828125
23 0.86484375 0.4390625 0.0109375 0.03359375
23 0.81796875 0.43984375 0.00703125 0.03515625
23 0.91171875 0.440625 0.01171875 0.0328125
6 0.76640625 0.43984375 0.0125 0.03046875
23 0.93515625 0.44140625 0.0125 0.03828125
23 0.73203125 0.44453125 0.03046875 0.0171875
23 0.36640625 0.55390625 0.0125 0.03203125
6 0.41484375 0.59296875 0.04375 0.01875
23 0.43828125 0.6421875 0.01328125 0.0421875
23 0.36796875 0.6421875 0.009375 0.0296875
23 0.4125 0.64140625 0.0078125 0.0359375
6 0.39140625 0.6453125 0.00703125 0.03203125
23 0.365625 0.728125 0.01484375 0.04609375
6 0.86484375 0.8515625 0.01484375 0.05
6 0.36171875 0.8609375 0.01484375 0.04453125
23 0.3875 0.8625 0.01640625 0.0390625
1 0.953125 0.86640625 0.09375 0.11171875
1 0.68046875 0.87734375 0.334375 0.1125
23 0.3890625 0.91484375 0.009375 0.0328125
6 0.38828125 0.965625 0.0109375 0.034375
23 0.4703125 0.9875 0.00625 0.025
23 0.5609375 0.9875 0.009375 0.025
23 0.7765625 0.990625 0.009375 0.01875
23 0.49375 0.990625 0.0125 0.01875
23 0.5140625 0.990625 0.00625 0.01875
23 0.53515625 0.990625 0.0078125 0.01875
23 0.75390625 0.99296875 0.00859375 0.0140625
6 0.72734375 0.99375 0.01015625 0.01171875
23 0.646875 0.99296875 0.00703125 0.0140625
28 0.596875 0.98984375 0.03125 0.01953125
28 0.678125 0.99375 0.03515625 0.01171875