6 0.20078125 0.012092137701014524 0.0296875 0.012582568025830942
6 0.20234375 0.033231351807637206 0.03046875 0.01963655007914228
6 0.79375 0.07622076616432201 0.00859375 0.034625052586424766
6 0.20078125 0.06209213770101453 0.0328125 0.017360996239076297
6 0.79375 0.13090826616432202 0.00859375 0.03618755258642477
6 0.20703125 0.11461774412750525 0.0421875 0.019196280878812377
23 0.7453125 0.19903012885901888 0.0125 0.04020746285298142
23 0.7171875 0.19977427493981065 0.01015625 0.030764266693047392
6 0.76015625 0.20102453787193436 0.009375 0.04324153463973603
23 0.66796875 0.20302965558119618 0.0109375 0.03234949874635884
23 0.64609375 0.20395565808847865 0.01171875 0.03159098079967011
23 0.6953125 0.2046065274470931 0.0078125 0.03772732053311341
1 0.05546875 0.1969264757851052 0.1109375 0.3938529515702104
6 0.1921875 0.24309208511458977 0.03359375 0.022071228292387612
23 0.68515625 0.2636860107540457 0.0140625 0.03790917695960409
28 0.73125 0.26893345189941475 0.040625 0.05430706677218975
23 0.68046875 0.31979961843417765 0.01328125 0.030073944906292737
23 0.728125 0.3258737736861694 0.0390625 0.016761602665567032
6 0.74921875 0.37414378912557555 0.0109375 0.03469324874635884
23 0.725 0.37812659547292404 0.0140625 0.041034176959604096
6 0.18828125 0.4234471748480331 0.01640625 0.031727373119538174
23 0.1703125 0.45261183762187224 0.0140625 0.023065426959604098
23 0.15390625 0.46932196450233404 0.0046875 0.03294889231986815
1 0.71796875 0.5044845069931221 0.05625 0.08444920783841639
6 0.134375 0.49297241316955065 0.0125 0.03395746285298138
28 0.6515625 0.540052282461658 0.02890625 0.05943483597251955
23 0.06875 0.581687920691398 0.009375 0.040897784639735944
6 0.6984375 0.6171974556603385 0.0109375 0.03781824874635866
23 0.74765625 0.619410825018953 0.01171875 0.03627848079967002
23 0.725 0.6187515954729241 0.01015625 0.029201766693047304
28 0.65546875 0.6518846927282148 0.02890625 0.04693483597251955
23 0.703125 0.6759275979802065 0.009375 0.04402278463973612
23 0.0171875 0.6692501051728496 0.0109375 0.042505748746358665
23 0.65546875 0.7034471927282148 0.02109375 0.014676265439406321
23 0.6609375 0.7364188171013941 0.0203125 0.012309783386094786
23 0.0234375 0.7272444615993402 0.0125 0.03473871285298138
23 0.0171875 0.7801876051728496 0.0109375 0.029224498746358664
6 0.80625 0.8047094790173034 0.01171875 0.045653480799670375
6 0.80859375 0.8774339251772375 0.01328125 0.03866769490629274