23 0.03451379910472456 0.6681966209411626 0.01498264845605395 0.07131193831160268
28 0.018243958360551697 0.664003998782184 0.011011911069925672 0.04703864123370209
6 0.9159547720628826 0.6781101469091543 0.013147329944399645 0.06347216477265238
23 0.9285366176163787 0.6759845852207571 0.012529771051391947 0.06814602800317715
23 0.0023548686082461205 0.6613056927758296 0.004709737216492241 0.07050341477265239
23 0.8879116176163787 0.6752754732080481 0.010721734390903492 0.06108750446422686
23 0.06447411761637885 0.660902318181219 0.007968756623421957 0.04932784415580151
23 0.9013019950210406 0.6723822982891261 0.011502984390903493 0.0611011412337021
23 0.9474503087233714 0.671624367688161 0.021431055897782512 0.0323858060063543
23 0.3030554679791986 0.6564677828711458 0.0118849303072194 0.0720386412337021
23 0.29085556834201826 0.6476558445595432 0.007142866604888454 0.07039432061685105
6 0.8148932690676578 0.639604980107907 0.013229175497895795 0.06581591477265239
23 0.8391120190676578 0.6400277199616373 0.006569947730414328 0.05398807061685105
23 0.8282290827699885 0.638274305188985 0.008214293283910833 0.056359094155801336
23 0.9473064649839736 0.6309720941492107 0.01881448738612832 0.024532395697928956
28 0.05967997941194393 0.5967170872559425 0.009630460344286251 0.02983750446422686
23 0.011351606816605641 0.592746607548482 0.011530266242068803 0.061882391233702094
23 0.7638863297747636 0.6004100665530707 0.009350207349061357 0.06652898092527657
23 0.028003393477094497 0.5860017297074606 0.011584829944399666 0.06344489123370209
23 0.8529761116259291 0.6011834082732401 0.008405266242068877 0.06182784415580152
23 0.7771948616259291 0.5998606416341487 0.007814989200226741 0.0672829573863261
23 0.7187102390305908 0.5957128839235108 0.011748521051392301 0.0681323912337021
6 0.35381192532825995 0.5909070125786064 0.013665685116542824 0.07831591477265239
23 0.03896817532825992 0.5854113944801129 0.012103185116542792 0.07828864123370209
6 0.7305381164352525 0.5927924354656383 0.007814989200226918 0.0672829573863261
6 0.39244783939341044 0.5814189642828897 0.01679811960011346 0.03386648538950343
23 0.26591262124457593 0.5784285576279122 0.010503479581579888 0.05483750446422686
23 0.0019227068107187267 0.572983532467404 0.0038454136214374534 0.06810511769475162
23 0.2761507167980722 0.5762620856310894 0.008859134028083738 0.052466480925276573
23 0.2910763123515685 0.5741774342511177 0.010148815516429367 0.04468125446422686
6 0.9312201627143881 0.5767521984512818 0.012311516242068877 0.06189602800317715
23 0.944555976416719 0.5754215235323598 0.00985863883740734 0.05873011769475163
23 0.9570832582678843 0.5748584618439625 0.009350207349061179 0.06652898092527657
23 0.817212226416719 0.5731987301079071 0.00864087921876049 0.04621648092527657
23 0.7949106404818697 0.5626470137931271 0.009422129218760133 0.046230117694751625
28 0.7484994319516819 0.5485475576246169 0.015880460344286362 0.029946598620028197
23 0.06469735082615587 0.520195497564368 0.009432052902557664 0.06887273092527657
23 0.012299037123825008 0.5208443340095317 0.007051097367594819 0.0454079573863261
23 0.050662132677321295 0.519168785713815 0.009050106986241669 0.05793523092527657
23 0.3803769145284867 0.5241422524323367 0.007805065516429366 0.044640344155801336
23 0.3984547919331484 0.5213308981302657 0.008831852176918264 0.05168523092527657
23 0.8539781056354794 0.5277186347342897 0.00815972958157971 0.054796594155801334
23 0.7274428874866448 0.5247282280793122 0.02184028366526398 0.0441045560063543
23 0.02272810563547929 0.5132091120127088 0.011284729581579955 0.05485114123370209
23 0.8314582648913064 0.5234169184195098 0.008750006623422023 0.04934148092527657
28 0.11117304674247186 0.5100625669634031 0.01383681070710594 0.03849943831160267
23 0.843340705998299 0.5189339699616373 0.009295643646730412 0.06496648092527657
23 0.0912970563611187 0.4972080109570486 0.009513898456053927 0.07121648092527658
23 0.07346471561694584 0.4929881152591197 0.01479167549789595 0.06584318831160267
1 0.8989285070867581 0.49410729382489926 0.02932294536816187 0.21366307954530478
23 0.8098932889379235 0.4917714521047299 0.010503479581579711 0.05483750446422686
23 0.8217484481937507 0.4880697536468574 0.00843254809323426 0.06260909415580133
23 0.028970671151908677 0.4687596826295598 0.016098715153609687 0.0361965986200282
23 0.7969667030030742 0.48138337702365186 0.00999504809323426 0.06263636769475163
23 0.7782439848542395 0.48027484455624786 0.009831356986241602 0.057948867694751625
23 0.7539260311333752 0.4603072179330424 0.011857648456053837 0.07125739123370209
23 0.7391095629845407 0.45926686931301414 0.011448420688572547 0.059538641233702096
6 0.4336953766868715 0.4523723924482227 0.01102183475372307 0.06968125446422686
23 0.6001289085380369 0.4544957743464339 0.008050602176918175 0.05167159415580151
23 0.5682067859426987 0.450811666797952 0.013420148456053837 0.07128466477265238
23 0.5893005359426986 0.45117985957378154 0.008268856986241602 0.05792159415580152
23 0.40883178594269864 0.4480297658250173 0.0072966340280835595 0.052439207386326105
6 0.8457142270496913 0.4509652199616373 0.007914192921091256 0.04776534415580134
23 0.4191244451985258 0.44430079382819454 0.011693957349061358 0.06656989123370209
23 0.09194438630551836 0.4338994874180983 0.01087550181409853 0.04313239123370209
23 0.10363585445435293 0.43488528896022577 0.009285719962933125 0.042323867694751625
23 0.38127970481717266 0.4311325921239112 0.013075408074700779 0.08377102800317715
23 0.6970411140729997 0.43273559699187986 0.0075694525397379305 0.060251707386326105
23 0.6876388322218343 0.43335320575817776 0.009858638837406985 0.05873011769475163
23 0.6753298051799923 0.4276662674465751 0.006679075135076218 0.057113070616851044
23 0.6644195870311578 0.4266941026739227 0.010394352176918175 0.05171250446422686
28 0.2442434962869849 0.41545127069628124 0.011793161069925695 0.04705227800317715
23 0.22641115554281205 0.4112313749983524 0.013874016242068788 0.06192330154212762
23 0.17414925109630836 0.40797396144351594 0.008541675497895973 0.06573409415580134
23 0.39683278294747376 0.4110791907439394 0.00937748920022683 0.06731023092527658
23 0.18673109664980464 0.40584839975511866 0.007170148456053927 0.07117557061685105
23 0.6243402240544663 0.4103599906612139 0.011393856986241601 0.057976141233702094
23 0.26798109664980463 0.40726662378053635 0.0108581436467305 0.06499375446422687
23 0.36741810145912807 0.402748493503883 0.01024058475372307 0.06966761769475163
23 0.2127578833102935 0.3992671631477993 0.00919643992586625 0.08448409415580134
23 0.19950391516145888 0.3982540880667214 0.009251003628197063 0.08604659415580133
23 0.4490773292266095 0.3924479675293006 0.00999504809323426 0.06263636769475181
23 0.7415376477382637 0.38973561931301426 0.010076893646730412 0.06498011769475162
23 0.4363689981010834 0.37580989244822277 0.01209326143274545 0.055646028003177236
23 0.6153025299522489 0.3781514626580367 0.010585325135076217 0.05718125446422686
23 0.6389310029104068 0.3730918157422918 0.006307052902557686 0.0688181838473759
6 0.848442412166234 0.3728402199616373 0.006679075135076218 0.057113070616851044
23 0.08370778957089572 0.35636482264544594 0.008487111795565095 0.06417159415580134
23 0.0953992577197303 0.35735062418757346 0.00606151624206881 0.06178693384737581
28 0.11743794882672284 0.35304495373287825 0.01211061960011337 0.033784664772652385
28 0.2885862625290537 0.3544689062479404 0.01597222958157989 0.054932961850553054
23 0.5932737625290537 0.35978724634325676 0.00999504809323426 0.06263636769475163
23 0.6035664217848808 0.35605827434643395 0.00843254809323426 0.06260909415580133
23 0.700577831040708 0.353842983761355 0.009077388837406986 0.05871648092527657
28 0.7599255491895426 0.35566062824146794 0.011684033665263983 0.04392727800317715
23 0.6889682084453697 0.3505134322192275 0.009050106986241601 0.05793523092527657
1 0.033438721418136544 0.33748240909060956 0.06687744283627309 0.1198954886359143
23 0.6656671177011969 0.3461980791349724 0.009449411069925695 0.04701136769475163
23 0.38011156361751286 0.3302695215070601 0.008750006623421935 0.04934148092527657
23 0.3066467817663474 0.3297689151763942 0.008814494009550256 0.07354659415580134
6 0.6285490636175128 0.3346060142001642 0.00843254809323426 0.06260909415580133
23 0.9309473773198438 0.33832094398705503 0.027172624409436706 0.04029376339268058
23 0.3919940047245054 0.32578657304918773 0.008514393646730501 0.06495284415580134
23 0.27009172287334 0.3244404870110612 0.008241575135076219 0.05714034415580134
1 0.5216815047245055 0.328050276782066 0.0612996316658311 0.2126596870937867
6 0.5773412276826634 0.323549737414803 0.010458839563046496 0.07591761769475172
28 0.7251066050873252 0.32300208684561016 0.012247028855940556 0.037690914772652385
23 0.742485078045483 0.31783334577406386 0.00818701143274545 0.05557784415580134
23 0.44652773730131023 0.30875876014297443 0.017524805897782512 0.03231762215897858
23 0.2508977787711225 0.2920546810047068 0.008487111795565027 0.06417159415580134
23 0.21574152877112254 0.29144102637832414 0.00945933475372307 0.06965398092527657
23 0.23928815617578425 0.2887251294625792 0.00789683475372307 0.06962670738632619
23 0.22832337432461883 0.28931546468992686 0.008087807711881112 0.0750954573863262
6 0.6974007565386039 0.28812252637502883 0.02381201143274545 0.05585057954530477
28 0.19365819764559652 0.2746393100635442 0.012547129218760222 0.04628466477265238
23 0.17660710690142367 0.2704330511350904 0.014010425497895973 0.06582955154212762
6 0.7652975846689051 0.2689827885498935 0.01385665807470069 0.08378466477265238
23 0.8959300257758975 0.2665726290522469 0.013283739200226564 0.06737841477265238
23 0.08744540318055935 0.24933357264544592 0.008722724772256529 0.048560230925276573
23 0.44687496688289025 0.2540439866040241 0.007487606986241601 0.05790795738632619
23 0.4586482805852211 0.25268603814615165 0.011912212158384783 0.0728198912337021
23 0.43367556243638655 0.25146841152294624 0.008405266242068877 0.06182784415580134
23 0.10021822169221362 0.24173926095704862 0.007214788474587408 0.050095457386326106
23 0.42128468984104817 0.24812522321134348 0.010213302902557685 0.06888636769475162
23 0.40746772650153706 0.2408485113607904 0.009486616604888453 0.07043523092527657
23 0.8575222902038678 0.24714079057848837 0.009350207349061179 0.06652898092527657
23 0.8325222902038678 0.24670441395528292 0.012447925497895796 0.06580227800317714
23 0.8201041357573642 0.24414247564368016 0.009268361795565028 0.06418523092527657
6 0.5867286405666876 0.23381508157060438 0.017199912884024116 0.09008921185055305
6 0.6010639590783419 0.22624804342115742 0.012748025860715727 0.07439602800317716
23 0.24204362314349245 0.2098188794625792 0.009722229581579978 0.05482386769475171
23 0.8058159464644701 0.20558849025417678 0.009268361795565028 0.06418523092527657
23 0.19593251497612446 0.18712567329406904 0.022003974772256553 0.04879205600635443
6 0.4602405516366133 0.1847036513766765 0.016688992195451745 0.030741485389503432
28 0.3735218016366133 0.1831899699649326 0.01209326143274545 0.055646028003177236
23 0.886857615338944 0.1905868275101193 0.010885425497895795 0.06577500446422686
23 0.39935761533894415 0.18207748335761323 0.020731651451278844 0.03471591923687924
23 0.036185492743605864 0.17261138555165917 0.012666180307219378 0.07205227800317719
6 0.02134174274360586 0.17235228693163096 0.011666675497895945 0.06578864123370201
23 0.008142338297102142 0.16977671185055304 0.008896339563046507 0.07589034415580134
6 0.06913440199943299 0.16927787986961632 0.013501994009550211 0.07362841477265239
23 0.34580602940409466 0.1709802962638265 0.010567966967708209 0.07904261769475171
28 0.4375123797669144 0.16398204829242138 0.014836315516429366 0.04476307508107791
23 0.35779759791574894 0.16337234780595405 0.012485131032858731 0.08922614123370205
6 0.47913688457623776 0.15845479707460539 0.008487111795565027 0.06417159415580134
23 0.5089335119808995 0.15584799431466184 0.01048612141421188 0.07669886769475172
23 0.4909647619808995 0.15553434861673293 0.006951893646730411 0.064925570616851
23 0.4600694260460501 0.14483262783772616 0.016579864790790034 0.027616485389503388
6 0.8513516796742472 0.06567260226688564 0.014665189925866429 0.08457955154212755
23 0.837589280037067 0.05683339041633256 0.008241575135076219 0.05714034415580136
23 0.9181398755905633 0.055894227672275074 0.009694947730414327 0.054042617694751695
6 0.5509250937393977 0.050266196018945185 0.014573420688572546 0.05959318831160272
6 0.5924131892928941 0.048645194801129193 0.01282987141421188 0.0767397780031772
23 0.45480406188823236 0.04937012337349927 0.011485626223535305 0.08296250446422687
6 0.39551090744172857 0.04598997889338635 0.013556557711881112 0.07519091477265238
23 0.534791662251052 0.04216732385996661 0.013683043283910835 0.05645455154212755
6 0.12600693929289403 0.040504043424452706 0.01595487141421197 0.07679432508107789
6 0.4393973166975558 0.04284738798399588 0.014174116604888454 0.07051705154212755
6 0.9026240029952248 0.05249649228277168 0.015845744009550345 0.07366932508107789
23 0.14486606669755572 0.03770632589185679 0.010267866604888543 0.0704488676947517
6 0.08147568929289403 0.03972674756436802 0.019861121414211924 0.07686250892845373
23 0.24830099139284348 0.7469740060857847 0.016316969962933126 0.0424465986200282
23 0.251363993206942 0.704032529624735 0.017552087748947988 0.033098872158978665
23 0.04996518431393458 0.6958267431001411 0.01272074400955021 0.07361477800317714
28 0.08124246616510002 0.695590963879148 0.010803579944399667 0.06343125446422686