23 0.8552032997376967 0.5140028585458861 0.01562748920022692 0.06765129146981223
23 0.8156695737843138 0.48417151480648835 0.01113096215838496 0.07295635036281958
6 0.3974478526402544 0.4613218688823232 0.017552087748947898 0.03338541887447395
23 0.009412139300743251 0.46784969891154093 0.007078379218760247 0.04628472295815804
23 0.8563417030030742 0.43671367224821706 0.009558538474587408 0.050272818511654195
23 0.02453863149619494 0.4368898755905632 0.011775802902557652 0.06907738221398514
23 0.8402727589008567 0.4052826229738565 0.012366079944399644 0.06363591406515053
23 0.8617955840359329 0.34756932669472074 0.004843756623422024 0.04932787740466171
23 0.0037115349622243556 0.36664186297669143 0.007423069924448711 0.0635267866604888
23 0.02478665735691059 0.36275297114405947 0.011076398456053937 0.07139385036281976
23 0.9326810029104069 0.32870771008983224 0.009776793283910835 0.056522818511654284
23 0.8757315984639031 0.32835553522490846 0.009404771051392303 0.06821428666048882
23 0.8905753484639032 0.32783718005276535 0.009940484390903493 0.06121031851165428
23 0.8183283262313846 0.3186556422111501 0.010421634028083559 0.05264385036281967
6 0.12380699991518199 0.32028023974838093 0.022152796912107853 0.14278770072563943
6 0.2061656321291671 0.30804064537601106 0.024814005442295617 0.12961557813030114
23 0.831220195831498 0.2846526644436687 0.00765129809323426 0.06269097295815804
6 0.3696378550873251 0.2968699884824366 0.018536723591130143 0.12861607332097771
6 0.5338367643431523 0.28723454973769674 0.020443963972483204 0.11619791887447395
6 0.3314384506408214 0.2958630491895426 0.0631696665122213 0.17777282513507622
6 0.49741811470597197 0.27992304674247187 0.059099725405228655 0.17294891587924913
23 0.9132340876641301 0.25994035192246423 0.02803571996293286 0.04311508293962456
6 0.42115571506879174 0.27400291815668376 0.058072938744739844 0.16589038402808365
23 0.0054073492763228904 0.28229414482785686 0.010814698552645781 0.06673363221398514
23 0.937889347282777 0.24659461453633594 0.012229670688572725 0.059729664065150526
23 0.01752228358044595 0.28029513520921007 0.007023815516429388 0.044722222958158045
23 0.8200570065386039 0.24680792406231555 0.010721734390903492 0.06123760036281976
23 0.8842286339432658 0.2414458122667505 0.011059040288685651 0.09324156851165429
23 0.8481200083527025 0.202911591122691 0.00651538402808356 0.05250744110699257
23 0.8591939176085297 0.198623395206375 0.008668161069925873 0.047120536660488856
23 0.9166616772271766 0.18413182007129877 0.011230165879248943 0.05345238221398514
6 0.25103916642740326 0.14027030281773964 0.015009930307219399 0.07231150961864685
23 0.2394022619808996 0.13833578058522106 0.008586315516429365 0.04477678666048886
23 0.2761755756832304 0.13549103358044595 0.008568957349061357 0.06662450480932343
23 0.2637301393855613 0.1343650431990928 0.009268361795565028 0.06430803666048886
23 0.6943625804925538 0.114645243206942 0.010448915879249121 0.05342510036281971
23 0.6811358941948847 0.11354653467675428 0.011584829944399643 0.06360863221398513
23 0.6569444260460502 0.11361102206288257 0.013764888837406985 0.059002977767481424
6 0.6711160534507119 0.10999494874190485 0.011857648456053837 0.07142113221398513
23 0.8439087127065388 0.10005940963434527 0.010885425497895795 0.0659251003628197
23 0.8579439308553735 0.10034958631336759 0.00964038402808356 0.052616568511654284
23 0.8913293497298476 0.0827974985644196 0.011440986205001735 0.10417906851165429
23 0.9049379819438326 0.07295870709460733 0.013129971777031813 0.08551091406515055
23 0.919999986753156 0.06619035192246421 0.0075148888374073405 0.058784722958157995
23 0.10572915562763005 0.07823907268800552 0.016564995823648766 0.11684275961864685
23 0.4338814374787955 0.0659994451985258 0.00950397477225664 0.048710318511654284
23 0.30670137858578805 0.06575888693849055 0.021979182121317907 0.11547123257680485
23 0.4215724104369535 0.06096720481717264 0.00991320253973793 0.060429068511654284
23 0.5247519741392843 0.05580350046333615 0.02017114546082901 0.10838541887447399
23 0.7250520745021041 0.05305488707552909 0.019427100995791945 0.10610977415105818
28 0.18140376742319514 0.015076873776464642 0.0340674651536097 0.030153747552929284
28 0.6038963263162026 0.012202961461799104 0.03593006551642937 0.02440592292359821
28 0.38452876742319514 0.01155751497612444 0.0371924651536097 0.02311502995224888