23 0.52890625 0.02320210009177756 0.00703125 0.015829588479802058
23 0.43828125 0.020565181907662055 0.01015625 0.015920516693047428
23 0.22265625 0.013509885193732061 0.01015625 0.014358016693047426
23 0.50625 0.023324120545748683 0.0125 0.017551212852981446
23 0.4859375 0.02273308715965383 0.00625 0.017369356426490724
23 0.46484375 0.02211932172024763 0.0078125 0.017414820533113405
23 0.246875 0.01577707884638362 0.009375 0.01746028463973609
6 0.2734375 0.016549968658969197 0.009375 0.017460284639736083
23 0.353125 0.021212388096725935 0.00703125 0.022079588479802063
28 0.403125 0.030479739508651727 0.03125 0.03840928213245363
28 0.321875 0.027334355964272312 0.03515625 0.03696044239901033
23 0.65 0.044694318355035345 0.01484375 0.039494409012915475
23 0.675 0.046202994060998245 0.0171875 0.041906355172849484
23 0.67421875 0.0985240120076869 0.00859375 0.034625052586424766
23 0.65234375 0.10023126451496937 0.009375 0.03464778463973608
28 0.215625 0.10939904671393 0.04453125 0.06067072703874641
28 0.125 0.10754337852981448 0.03125 0.05715928213245362
23 0.0859375 0.10796927586424747 0.009375 0.03621028463973608
23 0.1703125 0.10886183762187225 0.0171875 0.04112510517284949
23 0.25390625 0.11207541732618569 0.0109375 0.03859949874635875
28 0.04609375 0.1122786911453691 0.04453125 0.05520197703874641
6 0.0140625 0.20431542695960414 0.028125 0.014880853919208282
6 0.18671875 0.2413704607414104 0.0328125 0.015017246239076344
23 0.1375 0.24071959138279592 0.03125 0.015753032132453625
23 0.021875 0.2381364974927175 0.0296875 0.01336381802583091
23 0.06484375 0.24016801042484123 0.03046875 0.01573030007914227
23 0.13984375 0.27047528754273 0.0359375 0.015108174452321687
6 0.1859375 0.27181647868809905 0.03203125 0.016557014185764985
6 0.06171875 0.2682020822115959 0.03359375 0.0166024782923877
23 0.015625 0.2692046410662268 0.03125 0.016534282132453625
6 0.57578125 0.294878523290458 0.034375 0.01975021034569897
6 0.52421875 0.2933782077719095 0.03359375 0.0197274782923877
6 0.4765625 0.8818353025199178 0.03125 0.019659282132453625
6 0.53671875 0.882804420624891 0.05 0.022548601411925873
6 0.0578125 0.8790259219450391 0.0171875 0.037218855172849175
23 0.0359375 0.8791706744523218 0.0078125 0.04007107053311358
6 0.01484375 0.8824631590129155 0.01484375 0.04027565901291545
6 0.4734375 0.9129943743066724 0.0203125 0.009966033386094964
23 0.2 0.9433194056477031 0.03515625 0.015866692399010417
23 0.25390625 0.9503566673261856 0.03125 0.011065532132453626
23 0.1578125 0.9530293747688908 0.02890625 0.01724733597251955
23 0.19609375 0.9721119953811463 0.025 0.009321175705962758
23 0.1515625 0.9762850183424 0.034375 0.00803146034569906
23 0.23515625 0.9802798480467135 0.04375 0.012210494985435005