23 0.03671875 0.0046875 0.03828125 0.009375
23 0.09453125 0.0140625 0.03671875 0.028125
23 0.6234375 0.0359375 0.0375 0.03046875
23 0.75 0.11640625 0.0390625 0.0234375
6 0.6140625 0.1234375 0.03671875 0.0328125
23 0.69921875 0.1546875 0.03515625 0.03359375
23 0.83203125 0.16015625 0.0359375 0.03203125
6 0.61484375 0.1671875 0.04453125 0.03046875
23 0.74765625 0.1734375 0.02109375 0.0625
6 0.08828125 0.1859375 0.03671875 0.0265625
23 0.69765625 0.19609375 0.03515625 0.028125
6 0.61796875 0.22578125 0.0390625 0.03203125
23 0.69765625 0.240625 0.03515625 0.028125
23 0.746875 0.26171875 0.0171875 0.06640625
23 0.69921875 0.278125 0.0375 0.0296875
6 0.62265625 0.28203125 0.03984375 0.028125
23 0.09375 0.2875 0.0296875 0.025
23 0.7 0.3203125 0.03359375 0.02109375
1 0.36015625 0.321875 0.390625 0.60625
6 0.621875 0.3203125 0.0375 0.034375
1 0.96171875 0.32421875 0.07578125 0.15859375
23 0.7484375 0.34375 0.021875 0.0625
6 0.09453125 0.35859375 0.03984375 0.02734375
23 0.69609375 0.359375 0.03515625 0.02421875
6 0.0953125 0.40234375 0.03515625 0.0265625
23 0.09375 0.45234375 0.0359375 0.028125
6 0.6140625 0.4765625 0.03671875 0.025
23 0.09609375 0.51015625 0.03984375 0.0265625
6 0.61640625 0.51328125 0.04140625 0.025
6 0.09453125 0.5609375 0.034375 0.0265625
23 0.6171875 0.56171875 0.040625 0.02890625
6 0.6265625 0.6296875 0.015625 0.06484375
6 0.084375 0.68359375 0.0171875 0.06171875
6 0.0609375 0.6859375 0.0140625 0.05703125
6 0.62890625 0.71015625 0.0203125 0.059375
23 0.01171875 0.7171875 0.0171875 0.059375
23 0.0359375 0.7203125 0.01640625 0.0609375
23 0.29453125 0.7515625 0.01875 0.0578125
6 0.2671875 0.75390625 0.01484375 0.0625
6 0.34765625 0.75234375 0.01484375 0.06484375
6 0.371875 0.75390625 0.01640625 0.06328125
6 0.24296875 0.75703125 0.01875 0.059375
23 0.14921875 0.77109375 0.021875 0.059375
23 0.084375 0.775 0.02265625 0.0578125
23 0.06015625 0.775 0.0203125 0.0578125
23 0.121875 0.77578125 0.01640625 0.05546875
23 0.5421875 0.78046875 0.0453125 0.04140625
6 0.35078125 0.8328125 0.01796875 0.06640625
23 0.3265625 0.8359375 0.01640625 0.05390625
23 0.27890625 0.8359375 0.01796875 0.059375
23 0.25390625 0.83671875 0.0171875 0.059375
23 0.17890625 0.8375 0.0171875 0.06171875
23 0.23046875 0.8375 0.0203125 0.0578125
23 0.3015625 0.83671875 0.01953125 0.0609375
23 0.2046875 0.83984375 0.021875 0.05703125
1 0.0125 0.9015625 0.025 0.196875
6 0.3375 0.975 0.015625 0.05
6 0.19375 0.9765625 0.01875 0.046875
6 0.265625 0.9796875 0.015625 0.040625
6 0.21640625 0.97734375 0.0171875 0.0453125
6 0.24140625 0.9765625 0.01875 0.046875