23 0.5376239942342489 0.3897644598809501 0.06750840456798421 0.03822917549789597
9 0.5713903211217561 0.05908737875542408 0.47284435775648764 0.09449411069925676
1 0.43430092039895907 0.4198115692294445 0.11630110866099877 0.1062177728654909
23 0.5357405896662645 0.4257019598809501 0.0735946302577247 0.0353224303072194
23 0.8426523309598373 0.4536385092401288 0.03192943068726635 0.08845486479078986
23 0.7972988873822724 0.45283741187253385 0.032751624264831136 0.08926339664195523
23 0.5322946850982803 0.46158489617861925 0.07067434814554918 0.03911955290255768
6 0.24183678143480708 0.4631820793962455 0.06812588025772479 0.035131457349061354
6 0.0533508135469827 0.4605134032653774 0.06935750961093842 0.043752489200226743
6 0.6575879341937692 0.49022330606741865 0.031066293532136413 0.08686508293962447
23 0.5287259497976013 0.49981158247628843 0.06927562245580869 0.042189989200226916
6 0.23732302182386866 0.5045064838427492 0.12166031603337357 0.04479912322831048
23 0.3818985374277009 0.5236434081595188 0.034396011419960716 0.09088046034428636
23 0.5271734158764033 0.5443701143274537 0.0669318724558087 0.04210814364673041
23 0.43280926221293026 0.5528150421876025 0.07375840456798421 0.0384474303072194
6 0.5267296805757244 0.5827059280297847 0.06352026741285463 0.03653026624206888
28 0.03827188673177441 0.6250570529025576 0.07654377346354882 0.12915427586071573
6 0.3814536386254678 0.18864092558271395 0.06684998530067894 0.0405456436467305
23 0.6961369363414757 0.21763154345354682 0.03192943068726617 0.08845486479078994
23 0.6687931863414757 0.21667667866275683 0.026873438489182177 0.08125992368379738
23 0.610857855608781 0.21700157167651518 0.032587849954571445 0.08613839664195541
23 0.6396822184536513 0.21957350016963603 0.03316438206674714 0.0822594284931208
23 0.520232855608781 0.21383687694132555 0.027572801334052422 0.07972470553496284
23 0.4622975248760864 0.21416176995508387 0.026668720601357877 0.07735367368379738
23 0.4341315812985215 0.2139608733131285 0.025928414178922665 0.078107641832632
23 0.5490572184536513 0.21640880543444635 0.02814933344622812 0.07584573738612832
23 0.4956046698331322 0.22080363955519727 0.028108389868663153 0.07506448738612823
23 0.05650454828183473 0.2211235210513922 0.03842509215265535 0.09336061960011346
23 0.016754561284689988 0.22045883293962457 0.033509122569379976 0.09408730589778251
23 0.09071577397157524 0.22544892250267107 0.03760289857509047 0.09255208774894799
23 0.144703911126705 0.22576887023308556 0.036657874264830956 0.08939980589778251
23 0.35634409599784256 0.24959578375008196 0.11248671189493056 0.06319445916315995
28 0.8284437460432711 0.351393962960993 0.10371922150586883 0.10421876324684387
23 0.47042652815544683 0.34280512512722705 0.07523901741285463 0.03693949400955017