6 0.3404900446637901 0.3322539977236884 0.10500508254171699 0.05554798676543369
6 0.3415302442342488 0.38712343424145307 0.09744488805964088 0.030256888337010145
6 0.3333182745374021 0.43921247311658257 0.09390713025772479 0.03710620181924558
6 0.33316446630594465 0.4869778850272414 0.0987584045679843 0.040449525640563165
23 0.8575691655377191 0.7917726244787622 0.04969678482570927 0.0708968509096227
6 0.7431071958408724 0.8389129900706933 0.05006527702379291 0.0779281009096227
23 0.6937246715306129 0.8397455899468589 0.047557752713533394 0.07469393899896418
6 0.7983302843754831 0.8461839886229512 0.05158683344622794 0.07721962551672874
23 0.37456523575496414 0.8327120700972639 0.040939260515449584 0.06737159057054072
23 0.5213174050222695 0.8418966331652145 0.05606961555840364 0.07353169933804615
23 0.47510082428957484 0.8420935322555916 0.046899333446227945 0.07700130169541097
23 0.4244014614447046 0.8381658575246513 0.04677650271353358 0.07465755169541097
23 0.7309513545927282 0.9064814797316112 0.09888123530067894 0.042793275640563164
23 0.6540646279984765 0.9240456612869771 0.05134117198083885 0.07253212551672875
23 0.2564526436023088 0.9196234110820892 0.046408010515449585 0.06762630169541098
23 0.4663632321369196 0.934099095737827 0.04583147840327406 0.07149616439185813
23 0.4217910385593546 0.9328062694353101 0.04488645409301455 0.06833477708830529