6 0.8914427236862856 0.9696763962944533 0.046004137442812267 0.060647207411093265
6 0.838935319525973 0.9618855940036634 0.0510007619678472 0.07622881199267333
23 0.9373539825200009 0.932001611417047 0.052545078172256864 0.07755457032575279
28 0.9895294793632381 0.9232739413614468 0.02094104127352381 0.0881374062606021
23 0.8525789390170146 0.9118676714911806 0.09376883700597212 0.03762154028868601
23 0.9851822723201739 0.8567312821056194 0.02963545535965224 0.03137897477225664
6 0.9832468412079777 0.8105829684032886 0.03350631758404461 0.036929570325752795
1 0.8778854507005214 0.7917560681331361 0.1531464498475003 0.17396083357259684
23 0.9828058841649134 0.7699579684032887 0.03438823167017304 0.03146082032575279
23 0.9805389253883856 0.7316221547009578 0.038922149223228786 0.04253472958158007
23 0.980061600754141 0.6894346547009578 0.03987679849171819 0.040190979581580064
23 0.7801174850854519 0.6493924641421194 0.04371493882958326 0.06709821996293322
23 0.8269561174942712 0.649466875212045 0.0407899605810762 0.07558284255827133
28 0.8972140661075005 0.6495784918169336 0.08712009992375017 0.08734872177703164
6 0.9764365463754082 0.644794277296296 0.0471269072491836 0.03728423439090349
6 0.9731517849536114 0.5658061817427997 0.053696430092777095 0.041354175497895794
23 0.9749863886770835 0.517450527296296 0.050027222645832835 0.031815484390903495
23 0.9016794412981254 0.4389683740309186 0.04455074021635426 0.0694692518140986
23 0.9982905864356946 0.37066729653358976 0.0034188271286108574 0.059729664065150526
23 0.9038400469214587 0.3641047832867458 0.03826437262517359 0.06768849700477517
23 0.9585639145126391 0.3675770128683258 0.03897288744281262 0.06459077885594056