1 0.8220559081679824 0.9916883695151327 0.06127384328594587 0.01662326096973459
23 0.16536502575262096 0.9037059334007995 0.02941076492891881 0.0882336623699004
23 0.19503889021400153 0.9029180393482648 0.028661331185697404 0.09366146879233525
9 0.9486997005188519 0.9002410916983703 0.08614255396013845 0.17399409995457163
1 0.2773286945669235 0.8174143085701416 0.12236185509160666 0.22431500452255584
23 0.17764179107432318 0.7317457242194025 0.029456216724316864 0.0960461623699004
23 0.26155772794080245 0.657261380596409 0.08852214451560983 0.04603287426483096
1 0.4670355682998821 0.6695920414959714 0.10596417456983928 0.09068363297125828
6 0.01643560460062735 0.5428835408186028 0.02672158128389331 0.028735831637205677
6 0.8351219720870701 0.5748549101065928 0.06583407825883114 0.03937676051544958
9 0.9295123215213359 0.5555903329919428 0.132973143926435 0.43730632745333436
6 0.8363572191602039 0.5186867972617226 0.0626954427202115 0.03686923620519007
9 0.13346700585373247 0.1194604081860289 0.2665340359079618 0.1701708163720578