6 0.8024057892367231 0.49943526715899866 0.09686503392119797 0.048934113729904284
23 0.16297811906490667 0.49158184015625583 0.04673555913596861 0.07387630169541115
23 0.0613746754873418 0.4876327406943751 0.04776579262762519 0.06379282630251701
23 0.10890809475464716 0.4921961162111037 0.047557752713533484 0.074693938998964
6 0.32823462686682275 0.5063271985094767 0.09752345318850324 0.0466267510334573
6 0.4460805461341281 0.5141654313459689 0.10866567107632771 0.05104242328319834
23 0.21092429613412816 0.5032128529765374 0.04899409995457145 0.08723032630251701
6 0.5733424089789985 0.5216590618250964 0.1127766389641522 0.05513060980096292
6 0.6446674530769616 0.6401051548768362 0.050764639868663156 0.07640198821317572
23 0.7461890094993968 0.645616754338717 0.048915534825709095 0.07086046360606986
23 0.9258355659218319 0.6547670841558906 0.055861575644312114 0.08443281203449331
23 0.6961480659218319 0.6440692169113296 0.05113645409301437 0.06862587551672875
6 0.8516168159218319 0.6513102903183624 0.07013211555840364 0.07418667080199892
23 0.9593064851891373 0.6586754882086666 0.021445632066747322 0.08205052067816432
23 0.05800293475959595 0.6715175891227985 0.046735559135968587 0.07387630169541115
23 0.11112793475959595 0.6739919257643976 0.05170966417892271 0.07956337551672873
23 0.4343607168717716 0.6929625194353102 0.09883696969684674 0.05681938833701032
23 0.5538100797166419 0.7000922768789082 0.09135534034363299 0.04789815260503385
23 0.31783163613907695 0.6898845612059238 0.10291031603337357 0.04531896215832774
6 0.015065971705126196 0.9876953125 0.030131943410252392 0.024609375
23 0.12324731795799684 0.9912521714222988 0.045800500904511134 0.017495657155402355