6 0.06696293419376907 0.47066356451569263 0.10907842887824379 0.04404756058675119
6 0.24027760346107443 0.4810852959044428 0.1022518967660682 0.047626324854774894
6 0.4495972925160835 0.6114406916850511 0.1059943724558087 0.04468326137253946
23 0.13159092096478603 0.6122924464425621 0.05220430913596861 0.07413101282028159
23 0.17682153380965626 0.6159654100486319 0.047639639868663194 0.07625643899896399
6 0.053138372344267014 0.6149037160872692 0.0657721641789227 0.08021834698068134
23 0.3256717916115724 0.6299466350272414 0.05253185775648763 0.08038101282028158
6 0.2624314851891373 0.626218013439454 0.05503938206674715 0.08361517473094046
23 0.002202150611255408 0.6133005206781645 0.004404301222510816 0.082851041356329
23 0.36633773518913726 0.6310575248119937 0.053231220601357876 0.07885490012383442
6 0.38694904907480426 0.8653982915612166 0.08868404172311406 0.041538990694375146
23 0.0767961211010716 0.865832669354257 0.050682752713533466 0.07483948821317554
1 0.2238791610151633 0.8836473697257603 0.19146488297125827 0.1141289282455972
1 0.5566507174375984 0.8999296110393079 0.21107802012638804 0.11660111083442004
23 0.38720467661899555 0.9053512034718754 0.0932896545679843 0.040194814515692914
6 0.3819096670080572 0.9466119042576636 0.09448034034363299 0.0480437018192454
23 0.18816963308685922 0.9802932756405631 0.09267217887824378 0.039413448718873666