6 0.95078125 0.675 0.08515625 0.121875
23 0.19609375 0.71328125 0.0359375 0.078125
6 0.88671875 0.728125 0.075 0.14375
23 0.2234375 0.7625 0.03515625 0.0859375
6 0.60234375 0.765625 0.084375 0.1453125
6 0.47421875 0.78203125 0.08671875 0.11875
6 0.34765625 0.00078125 0.078125 0.0015625
6 0.69921875 0.0578125 0.18203125 0.11484375
23 0.5546875 0.00546875 0.040625 0.0109375
23 0.5171875 0.05078125 0.0265625 0.08125
23 0.49375 0.05546875 0.02890625 0.0703125
6 0.35703125 0.06875 0.11328125 0.13671875
6 0.39609375 0.1625 0.13203125 0.1578125
6 0.8578125 0.18828125 0.0796875 0.1
6 0.56015625 0.221875 0.05859375 0.11640625
6 0.83515625 0.45546875 0.0671875 0.19296875
6 0.76484375 0.5328125 0.07421875 0.13125
23 0.60078125 0.584375 0.025 0.09375
23 0.371875 0.59765625 0.03359375 0.0703125
6 0.6 0.634375 0.0953125 0.134375