23 0.334375 0.2515625 0.0203125 0.06953125
23 0.31015625 0.25234375 0.01875 0.06640625
23 0.253125 0.25234375 0.01640625 0.0609375
23 0.2796875 0.25390625 0.01953125 0.0609375
1 0.984375 0.26015625 0.03046875 0.1046875
23 0.35859375 0.4203125 0.040625 0.034375
23 0.36328125 0.45625 0.03984375 0.03125
23 0.3765625 0.5046875 0.04375 0.034375
23 0.45078125 0.51015625 0.040625 0.03203125
23 0.378125 0.54296875 0.03828125 0.0375
23 0.378125 0.58046875 0.0375 0.02890625
1 0.20625 0.5890625 0.12421875 0.29609375
23 0.42734375 0.61953125 0.03984375 0.03125
23 0.37734375 0.621875 0.03828125 0.03671875
23 0.42578125 0.65703125 0.04375 0.02734375
28 0.98203125 0.73046875 0.0359375 0.1421875
1 0.65546875 0.75390625 0.1921875 0.16953125
23 0.3984375 0.79921875 0.0234375 0.0640625
23 0.37578125 0.803125 0.021875 0.053125
23 0.09453125 0.8703125 0.03828125 0.0296875
23 0.215625 0.8859375 0.0171875 0.06953125
23 0.140625 0.88671875 0.015625 0.0671875
23 0.19296875 0.8890625 0.0171875 0.06328125
23 0.16484375 0.88828125 0.0203125 0.0609375
23 0.24609375 0.89375 0.0171875 0.06640625
23 0.26875 0.89296875 0.02265625 0.065625
23 0.09453125 0.90859375 0.03671875 0.03203125
23 0.4203125 0.91015625 0.02265625 0.07265625
23 0.29453125 0.915625 0.01640625 0.06484375
23 0.31796875 0.91640625 0.021875 0.065625
6 0.3625 0.915625 0.01640625 0.0640625
23 0.09453125 0.9421875 0.03671875 0.028125
23 0.03984375 0.94140625 0.0421875 0.0328125
6 0.09296875 0.98046875 0.034375 0.03046875
23 0.0359375 0.9890625 0.0375 0.021875
23 0.09375 0.9984375 0.0375 0.003125
9 0.16640625 0.115625 0.3328125 0.0953125