1 0.21011024932368225 0.07109375 0.3860295013526355 0.1421875
6 0.469757969326864 0.04765625 0.045640311346272 0.0953125
23 0.9239727546546824 0.08828125 0.04346074069063519 0.1765625
23 0.872328438653728 0.0953125 0.041280622692544 0.190625
1 0.7289500613065012 0.19765625 0.18974703672022492 0.39453125
6 0.15130577196054726 0.290625 0.05092834269572592 0.2140625
23 0.3488620246260473 0.29921875 0.03284141402768057 0.20390625
23 0.2215000932925019 0.30078125 0.029434603357726095 0.1796875
6 0.25899100262572916 0.3015625 0.03195107602640786 0.19453125
23 0.011354575986636977 0.30546875 0.022709151973273955 0.2171875
23 0.5064836206238201 0.315625 0.0572874306969986 0.2234375
6 0.4385148706238201 0.315625 0.0682249306969986 0.2234375
23 0.3018143019573656 0.3140625 0.04755789469286249 0.19296875
6 0.10416714262413831 0.31328125 0.03848288669636224 0.21875
23 0.3869796426241383 0.31328125 0.02690904002227166 0.1640625
6 0.054821123289320206 0.32421875 0.040772092695725945 0.2140625
23 0.1277120885980486 0.50546875 0.08662893801718101 0.1265625
6 0.21756492926482132 0.5046875 0.0802062153484993 0.11171875
6 0.04222876496858099 0.51640625 0.08445752993716198 0.10703125
23 0.3426007445894581 0.56875 0.03746527936027153 0.1984375
6 0.3854785879217309 0.5765625 0.03624822469763496 0.228125
23 0.29711552192077634 0.58359375 0.039672669358680676 0.18671875