6 0.35703125 0.315625 0.10234375 0.05078125
6 0.3609375 0.3703125 0.09609375 0.02578125
6 0.35546875 0.42265625 0.0921875 0.0328125
6 0.3578125 0.4703125 0.096875 0.0359375
23 0.896875 0.75 0.04609375 0.06875
6 0.78515625 0.80234375 0.04609375 0.07578125
23 0.7359375 0.80546875 0.04375 0.07265625
6 0.840625 0.80703125 0.04765625 0.075
23 0.4171875 0.81328125 0.0375 0.065625
23 0.5640625 0.815625 0.05234375 0.07109375
23 0.51796875 0.81796875 0.04296875 0.075
23 0.4671875 0.81640625 0.04296875 0.07265625
23 0.7765625 0.8703125 0.096875 0.03828125
23 0.70078125 0.89140625 0.04765625 0.0703125
23 0.30390625 0.90546875 0.04296875 0.065625
23 0.5140625 0.91015625 0.0421875 0.06953125
23 0.46953125 0.9109375 0.04140625 0.06640625
6 0.8046875 0.98515625 0.0984375 0.0296875
6 0.93125 0.9859375 0.0875 0.028125
6 0.99296875 0.9875 0.01328125 0.02421875