1 0.04609375 0.0921875 0.0921875 0.18359375
6 0.296875 0.01015625 0.17578125 0.0203125
6 0.6375 0.10546875 0.0390625 0.2109375
6 0.7453125 0.12890625 0.03984375 0.190625
23 0.91171875 0.1375 0.0328125 0.19296875
23 0.828125 0.13359375 0.0328125 0.1984375
23 0.86796875 0.1375 0.02265625 0.153125
23 0.7859375 0.14140625 0.025 0.18671875
6 0.11953125 0.37734375 0.2390625 0.3875
23 0.50859375 0.45546875 0.103125 0.12265625
23 0.5078125 0.584375 0.10859375 0.121875
1 0.78984375 0.65625 0.38515625 0.68671875
6 0.51328125 0.76484375 0.1125 0.15546875
6 0.07578125 0.78828125 0.1515625 0.4078125
6 0.228125 0.8515625 0.13359375 0.165625
6 0.5296875 0.93515625 0.04453125 0.12890625
23 0.075 0.97265625 0.04140625 0.0546875
23 0.1265625 0.9796875 0.0390625 0.040625
1 0.26875 0.965625 0.18515625 0.06796875