23 0.48885346506274924 0.744056292594674 0.04316682383528967 0.035522277088305285
23 0.827544150838398 0.751999495033092 0.03831554952502998 0.03217895326698752
1 0.20286837743264968 0.7017595148871962 0.1710992305509805 0.35010066149637387
23 0.48954286182881745 0.7010147679875681 0.04176809814554918 0.038574502481199244
23 0.8282744911820311 0.7081767204259861 0.041976138059640886 0.027673389784752443
6 0.8290867186807939 0.6627914458188804 0.0454696302577247 0.03485018899896399
9 0.4010336397571216 0.5966482915612167 0.11511150214770663 0.27813146215832774
6 0.8339213828597167 0.5854840831224333 0.04004182383528985 0.03537672787409356
23 0.718501100747541 0.5761925121965998 0.04378429952503016 0.03243366439185813
23 0.775532350747541 0.5788487853559636 0.038356493102595125 0.032960203266987696
9 0.9184158915661438 0.5721900246025966 0.09767609791840641 0.4659204065339752
23 0.7777842475136092 0.5358800353559636 0.03983710594746519 0.03147047787409356
23 0.8341570782463037 0.5361561712117744 0.0356851944820761 0.026601041356328993
28 0.7212409984181203 0.508968624893047 0.0662634871097012 0.08959334698068133
23 0.8375587172104559 0.48619255851532744 0.036261726594251795 0.022731178659881834
23 0.7822946850982803 0.47970280996306947 0.04843085594746519 0.03187073821317572
23 0.380234218114967 0.4406144613297583 0.04308493668015991 0.03395977708830529
6 0.42554671811496697 0.44272492493582816 0.04699118668015991 0.03414171360606986
23 0.8419053804848673 0.43314033312243333 0.03749335594746554 0.03136131596343468
23 0.7856144369073025 0.43130169726662243 0.042344630257724704 0.034704639784752266
28 0.7263998891912946 0.41053112489304694 0.0566837692218769 0.08525044933804615
23 0.7874535758714545 0.3812653099630695 0.034122694482076096 0.02652826674922304
6 0.8445667130265843 0.38235908312243333 0.04086401741285428 0.036194365177646404
1 0.18149018091440872 0.3475600124059969 0.14695132236495168 0.21648764081820956
1 0.6314049717330116 0.3552014619489308 0.10976450361804453 0.1017508986760924
23 0.7865395290599579 0.33893226074885774 0.04045458163720568 0.028381865177646404
23 0.7320158033702174 0.3332601495001527 0.03872830732694617 0.02518409057054054
23 0.8462011341029122 0.3362289458188804 0.040495525214770824 0.029163115177646404
9 0.015379401714008936 0.8861215905705405 0.030758803428017872 0.09876929383752824
9 0.7198654426730536 0.05702298117935319 0.5571441146538927 0.07270998552257939