23 0.5625 0.24140625 0.02265625 0.08203125
9 0.71328125 0.2953125 0.07421875 0.2921875
9 0.6328125 0.30390625 0.06640625 0.290625
23 0.3578125 0.31171875 0.04453125 0.0390625
23 0.54296875 0.33671875 0.02109375 0.08046875
6 0.4984375 0.3453125 0.06953125 0.11484375
6 0.84609375 0.3546875 0.1375 0.18203125
23 0.38515625 0.36328125 0.0453125 0.03671875
23 0.5765625 0.403125 0.0328125 0.209375
23 0.54296875 0.43203125 0.02109375 0.08671875
6 0.34375 0.45546875 0.08828125 0.13671875
6 0.965625 0.48515625 0.021875 0.078125
23 0.54453125 0.528125 0.0203125 0.08046875
23 0.4609375 0.5296875 0.0421875 0.03515625
23 0.46015625 0.59921875 0.0453125 0.04296875
6 0.290625 0.6296875 0.14375 0.2046875
6 0.57109375 0.64921875 0.01953125 0.07734375
23 0.5453125 0.65078125 0.02109375 0.07578125
6 0.6453125 0.6703125 0.04296875 0.034375
23 0.46171875 0.671875 0.0453125 0.0390625
6 0.7015625 0.6953125 0.0421875 0.0375
28 0.45625 0.81796875 0.13203125 0.203125
6 0.6390625 0.89375 0.1203125 0.1828125
23 0.32421875 0.88359375 0.0640625 0.2328125