23 0.05390625 0.021875 0.0234375 0.04375
1 0.18359375 0.02890625 0.0609375 0.0578125
23 0.83984375 0.1046875 0.02890625 0.08671875
23 0.81015625 0.10703125 0.028125 0.0921875
9 0.05625 0.14921875 0.08515625 0.16953125
1 0.72734375 0.196875 0.12109375 0.21796875
23 0.8265625 0.27734375 0.02890625 0.09453125
23 0.7421875 0.35625 0.08828125 0.04140625
1 0.53671875 0.3546875 0.10546875 0.08515625
6 0.98671875 0.4578125 0.0265625 0.02734375
6 0.16796875 0.46875 0.065625 0.0359375
9 0.0734375 0.49296875 0.13046875 0.43046875
6 0.16640625 0.525 0.0625 0.03359375
9 0.8671875 0.8875 0.265625 0.15625