23 0.46171875 0.3453125 0.04375 0.0421875
23 0.68359375 0.3703125 0.02421875 0.0703125
28 0.54140625 0.3734375 0.0609375 0.084375
23 0.7109375 0.37734375 0.0171875 0.07421875
28 0.6390625 0.37890625 0.05703125 0.0953125
23 0.46328125 0.38828125 0.0453125 0.0359375
23 0.54921875 0.4546875 0.01875 0.06171875
23 0.45078125 0.45625 0.02265625 0.06328125
23 0.521875 0.45625 0.01875 0.078125
23 0.58515625 0.45625 0.02578125 0.078125
23 0.47734375 0.4578125 0.0203125 0.071875
28 0.82734375 0.47421875 0.03984375 0.0765625
28 0.63359375 0.478125 0.053125 0.084375
28 0.6953125 0.478125 0.04765625 0.084375
23 0.6796875 0.5609375 0.02265625 0.06796875
23 0.78046875 0.56171875 0.01328125 0.065625
23 0.81484375 0.5640625 0.02421875 0.07421875
23 0.834375 0.5625 0.01875 0.06171875
23 0.64609375 0.56328125 0.021875 0.06796875
23 0.73515625 0.56484375 0.021875 0.071875
23 0.70625 0.5640625 0.0203125 0.065625
23 0.759375 0.56640625 0.0203125 0.07421875
23 0.621875 0.56484375 0.0171875 0.071875
9 0.7296875 0.80859375 0.53984375 0.36328125
9 0.27890625 0.2109375 0.5546875 0.421875
1 0.9078125 0.009375 0.18359375 0.01875
28 0.5015625 0.109375 0.0546875 0.09296875
28 0.5703125 0.1109375 0.05234375 0.0953125
28 0.63359375 0.2671875 0.053125 0.10625
28 0.53984375 0.27421875 0.05703125 0.08671875
23 0.70625 0.28125 0.02265625 0.06328125
23 0.67421875 0.284375 0.0171875 0.065625
28 0.9421875 0.32734375 0.0484375 0.08046875
28 0.88203125 0.328125 0.04921875 0.078125
28 0.98984375 0.3296875 0.0203125 0.08125