6 0.9579432795096166 0.28625863281571273 0.0841134409807669 0.1253448512925944
23 0.20443641356526196 0.2787285419776039 0.03821070533113406 0.07958934091247105
6 0.8946295045523465 0.23574397965968283 0.07918269780928675 0.14680601581733077
23 0.23034804420664753 0.228395619544202 0.03765677586424747 0.08737000741437377
6 0.6091633659934022 0.20983137296706209 0.08860316191590947 0.14875051779449713
6 0.480560992873864 0.1986458166550022 0.09017402210332381 0.12228351828878874
6 0.3767305461852046 0.9850528433467479 0.07817046410662272 0.004745849809719616
6 0.7266336062934766 0.9136965192030096 0.18537286183676702 0.12226095505664673
23 0.5836254038653366 0.971929466350991 0.040943248746358664 0.012592841901054187
23 0.5448069447732788 0.9281449742596564 0.0289266335443795 0.0823323389353046
23 0.5212330524534108 0.9244124792025723 0.03095213479802066 0.07149033942959626
6 0.384127857547118 0.9167020913695815 0.11725935932948461 0.14133460722409338
6 0.420462511149757 0.8213604164647219 0.13662312476889085 0.16319236117842592
6 0.8814311033904829 0.7767655690892791 0.08259720282385175 0.103247016805914
6 0.5827973750980953 0.7553003818643107 0.06198082594338974 0.11879376235728963
6 0.8510004911580044 0.5105012405340977 0.07280231716790127 0.1957064308363588
6 0.7784375178801817 0.43602250536284537 0.07803773495630502 0.13427418231923358
23 0.6128747023616332 0.39114503996325645 0.027727846397360877 0.09476867193911023
23 0.3835820074553403 0.3871910049057348 0.03563963479802066 0.07168134041817939
6 0.6106386009497073 0.34117687346135367 0.09922241316955063 0.13825868676785796