6 0.23125 0.04375 0.18359375 0.08671875
23 0.35625 0.0671875 0.0453125 0.07578125
6 0.1640625 0.14609375 0.13671875 0.11875
6 0.36953125 0.1578125 0.05859375 0.0828125
6 0.1609375 0.2609375 0.05703125 0.08828125
23 0.321875 0.26796875 0.0453125 0.08046875
23 0.27265625 0.26953125 0.0421875 0.078125
23 0.16171875 0.3515625 0.04453125 0.07421875
23 0.26484375 0.35234375 0.0390625 0.07109375
23 0.2140625 0.35234375 0.040625 0.06484375
23 0.21484375 0.4375 0.0421875 0.07265625
6 0.15546875 0.43828125 0.0453125 0.075
23 0.26484375 0.4390625 0.04609375 0.0703125
23 0.2125 0.52421875 0.04375 0.0671875
23 0.26484375 0.52578125 0.0390625 0.0703125
23 0.16015625 0.5265625 0.0484375 0.07265625