6 0.10382578238816016 0.536785726586355 0.10794043977951388 0.042800113609663626
6 0.2772087310013893 0.5404985475450801 0.10100010875746532 0.04646082694917482
6 0.49003342648048653 0.42771583846673816 0.10483362357510409 0.043472236205001916
23 0.17248225056868088 0.4010144068935745 0.05011040919430565 0.07356647477225646
23 0.21775838297750033 0.40103425426116923 0.04547746058107647 0.07574653366526399
6 0.09421178020395866 0.3920362217770316 0.06351894576343757 0.07949901624206887
23 0.36681347881718784 0.399213837833766 0.05025587955902786 0.07981647477225655
6 0.30355041261277804 0.3977852578893663 0.05267236474138901 0.0830233203257528
23 0.026206662612778105 0.38810020072563944 0.03626611474138895 0.08245040145127884
23 0.40745666261277813 0.40141374409436825 0.0510007619678472 0.07828125662342203
6 0.43485039152687516 0.16974708184331622 0.08759157218833327 0.04052828547936249
23 0.12512989941065983 0.14409971878180677 0.04856609298989589 0.0742931610699257
1 0.27253157627239594 0.13831848865207264 0.18839231240468762 0.11196183057737183
1 0.6053258924768057 0.14915930724854493 0.20795992999586801 0.11420637685650754
23 0.436266767951771 0.1299851773968125 0.09224270459715278 0.03912947658635506
6 0.4321780267854862 0.0884697999921508 0.09320579255305557 0.04696925843752049
23 0.23973530043684027 0.03725449645662095 0.09153418977951393 0.042227194735189634
6 0.23831761759118059 0.009883464605455514 0.08833580138677082 0.005426599181693354