23 0.7325322617711227 0.24412985430603978 0.03952615016215581 0.02678975897699045
23 0.6270498750016477 0.24429750506816555 0.04274660754848192 0.03227668969514967
23 0.31737486607319393 0.2596851139704012 0.03799092370110611 0.028343168617910842
23 0.6258089289794071 0.31539125506816557 0.03951251339268076 0.026008508976990453
23 0.7336214289794072 0.3160184898446592 0.03881308400953163 0.0306914637974506
23 0.1116918819015065 0.31552552693097136 0.04921479586008468 0.044813051131468204
1 0.4483288112846555 0.32217199931262896 0.11797229869945838 0.2694090510332723
9 0.19357708157719494 0.3691323159621911 0.08151046752930062 0.46292724687674197
1 0.022930620232142953 0.37123919574527386 0.045861240464285906 0.2682596414905477
23 0.11124582264874121 0.38584257211051115 0.04517217816533296 0.036977825233769135
23 0.6253355961876915 0.3872708002477054 0.03956706047058134 0.029133508976990453
23 0.7298867284929399 0.3956923543060398 0.0420199046263825 0.035397144515609914
23 0.31582422849293984 0.39328340914994103 0.04038922077900677 0.031481804156530305
23 0.7310577163180753 0.4628934898446591 0.039580697240056396 0.02991475897699054
23 0.6224503295486 0.46304295988862576 0.036414786931630874 0.027552828258831142
23 0.3152827118538483 0.4690692043294808 0.04041649431795715 0.0330443041565303
6 0.42208609091268573 0.5275089391059745 0.04037558400953163 0.0307005541565303
23 0.7274593835263595 0.5347548543060399 0.04276024431795715 0.033057939695149585
23 0.6219769967568844 0.5349225050681656 0.03800456047058134 0.02912441861791084
23 0.31331506290950856 0.537033409149941 0.0427738810874323 0.03383918969514958
23 0.36107072443575006 0.5763777102814093 0.020772196022240497 0.07120737948849509
23 0.7261775271956935 0.6081923543060398 0.04270569724005639 0.029932939695149586
23 0.6214354801177929 0.6107083002477054 0.037182400162155814 0.0267761234383709
23 0.7288428311734532 0.6793088302037388 0.04350058400953163 0.030718734874689523
23 0.6217570340955525 0.6818111406067849 0.03948523985373029 0.024446008976990542
1 0.5502290872625331 0.8853219599868216 0.11308420129724617 0.2131363251355733
1 0.3846313608014834 0.8827958819243822 0.11685408360249454 0.2053465510332721
1 0.05326968141503916 0.8832033854404235 0.10653936283007832 0.1881181444174139
1 0.21812965341515725 0.8872965086824027 0.1153461306803952 0.20846246067419258
9 0.7437960807697113 0.984271893292914 0.11623865462638286 0.03145621341417204
23 0.7330737784102143 0.16834405912649994 0.041924447240056395 0.029928394515609868
23 0.6306482077933633 0.17243614060678497 0.03956706047058134 0.029133508976990453
23 0.36107604748493777 0.17321180366555092 0.01841480925276535 0.07041249394987581