23 0.32387783076312077 0.021417499509020676 0.06474433847375849 0.039435204722264326
1 0.9345817313323137 0.17264171544777066 0.0800517386359143 0.0660840631335207
6 0.1311976327122854 0.1828130208808471 0.21355753408896186 0.285588562937129
9 0.6313555454563429 0.2661997761454044 0.07127853084255094 0.23476588544042354
6 0.8951316732973643 0.2841422968298598 0.1497796318982111 0.16726074375348415
9 0.7411436026805133 0.2879343964605175 0.07448930559931739 0.1949448613381226
23 0.4131219683466701 0.36962826141287736 0.04905865746575646 0.259634075233769
23 0.37012594480771976 0.3709407765381879 0.045920020696281226 0.2588346445156099
23 0.977379337259238 0.40650817622015917 0.03182274431795733 0.032994307181592394
23 0.9287100121781598 0.419507625088691 0.04595342816533297 0.036982370413308985
23 0.5290003384770537 0.44531003834384875 0.044390928165332966 0.036973280054229285
23 0.3227230649381035 0.44567261094533916 0.023334134333843258 0.08372101502711474
28 0.2688071323085436 0.4906760387366321 0.05821369480442442 0.11282725292686617
6 0.7902593924548134 0.5179309686692244 0.07804495373287815 0.13012838241536145
9 0.7076281245979058 0.5518287248175445 0.06902055559931738 0.19491304508134383
23 0.893251978899977 0.570879227548019 0.13852275771063774 0.059393701599006296
1 0.49702186120522523 0.576387321521336 0.10650691882984216 0.19434996369925486
23 0.19677639935467214 0.5887044725780493 0.15110457832748878 0.06415392447164336
6 0.9815644565788425 0.6143661280155572 0.018607498375146747 0.21571135841125635
23 0.3205724095009419 0.6136459061248789 0.04432274431795715 0.033067030054229285
23 0.1407661327155807 0.6641675600102627 0.04839263555165916 0.042464755951928265
23 0.5384672471639215 0.7086731015755653 0.0460625223211343 0.04323237041330898
6 0.4704439500860208 0.7114026709556018 0.045253998782184016 0.04166532523376922
6 0.4670132126679226 0.8184248305965223 0.08503529342445262 0.12782553903121965
23 0.3613808214342205 0.827186231358648 0.06999449472169897 0.3402164547222643
1 0.4244557455423637 0.9724855810138546 0.06115173417168744 0.055028837972290745
23 0.24425973093186712 0.9561641624695907 0.04530459172016936 0.08767167506081855