23 0.09296875 0.4984375 0.0375 0.0890625
23 0.3703125 0.5390625 0.02734375 0.0765625
23 0.34453125 0.54140625 0.028125 0.07109375
23 0.45546875 0.5953125 0.05234375 0.071875
23 0.5375 0.596875 0.03046875 0.075
23 0.50390625 0.60390625 0.04296875 0.0796875
23 0.5609375 0.6265625 0.0359375 0.06796875
6 0.72265625 0.678125 0.10390625 0.15703125
6 0.6015625 0.69453125 0.084375 0.1640625
6 0.94765625 0.703125 0.10390625 0.146875
6 0.1875 0.71796875 0.08203125 0.1375
23 0.3234375 0.728125 0.0546875 0.05390625
6 0.784375 0.74765625 0.0984375 0.12890625
6 0.9921875 0.784375 0.015625 0.16015625
23 0.515625 0.7859375 0.03671875 0.0625
23 0.43359375 0.7953125 0.02890625 0.071875