9 0.035634369064906676 0.9828488873035528 0.07126873812981335 0.03430222539289431
1 0.8608635046381569 0.9753495937221345 0.13587662426483077 0.049300812555731
23 0.7684037669626286 0.8792490456950459 0.02218926051544958 0.06649829528527036
23 0.8090697105401935 0.8803599354797982 0.026423059135968784 0.07293023180303493
23 0.8348919041177585 0.8807794664970447 0.024406857756487453 0.07907106989237604
23 0.740483484850453 0.8740328527671404 0.02934334124814413 0.06916953101724665
23 0.7146612912728881 0.8736133217498938 0.022516809135968607 0.07274829528527035
28 0.15619037200558275 0.8452526497095498 0.052739897670579336 0.06947990012383443
23 0.6789694527382774 0.867252005786459 0.02621834124814413 0.06902398180303493
23 0.11658231739216993 0.7940689853176917 0.02025826831736568 0.059394270678164315
23 0.15958868894346745 0.7804088997095497 0.0397961623699004 0.03068922787409356
1 0.9356366118288175 0.7217919183162904 0.06616498982323478 0.16206766046291676
23 0.7474748705352446 0.6957986908564816 0.03098440637700648 0.0856121683207995
23 0.6937323948455042 0.6901629669113295 0.028231220601357875 0.07769050641014079
23 0.7758455320006339 0.6924211337843871 0.02634117198083885 0.07136773180303493
23 0.7195545884230692 0.6905824979285762 0.020295889868663153 0.07498288337461148
23 0.8049155563108934 0.6906424640158455 0.029009148575090647 0.09253425641014079
23 0.832382137043588 0.6895722696401979 0.03189180913596843 0.07318494292790553
1 0.4803493255327703 0.5925109092200624 0.16982001356766735 0.37030399958571536
23 0.9047119176854256 0.5198633912279852 0.03732958163720568 0.028236315963434677
23 0.9039207016066235 0.47518659201377345 0.03991899310259513 0.03303297787409356
6 0.885066639529979 0.1923719379609975 0.01783263116223601 0.05772260876750566
6 0.6255212211671848 0.15365607857431934 0.020299211894930558 0.06017552067816441
23 0.3237473592268256 0.11375655479578298 0.044360831637205764 0.028563801695411062
6 0.6296565225012372 0.07474982857431932 0.02227114767057934 0.06806079528527029
6 0.9029645477160079 0.060068860210738505 0.019070904567984215 0.03673802067816443
1 0.43574607021724504 0.08373091459674593 0.1675294159879451 0.1332770345319033