23 0.5582862382321725 0.24467877926866236 0.02408811079489297 0.0821630602066545
9 0.7081265511383859 0.29946224891984546 0.07931890178371362 0.2926192920562819
9 0.6275077966741589 0.3075878454272452 0.07147912824476314 0.29101134026088377
23 0.3523714289794072 0.3138004422292324 0.04521308847375849 0.03932157523376904
23 0.5370913023562017 0.33987764978016716 0.022498337255942503 0.08059146984757479
6 0.49241004789197484 0.34821232454639806 0.07153585511284995 0.115248270979043
6 0.8399026566582728 0.359609929441613 0.1406773672877147 0.1828312015990063
23 0.378815152194046 0.36552202351312574 0.04595342816533297 0.036982370413308985
23 0.5695259269508123 0.4064793425003789 0.036467154219345585 0.20956589754067192
23 0.535427616480231 0.4351901497801672 0.022607431411743838 0.08684146984757479
6 0.33579976339597584 0.45746862899751595 0.09066768465815471 0.13723235528799832
6 0.9571565661559195 0.4907740919112037 0.023238676947516978 0.07825226502711473
23 0.535312793834785 0.5312929901392468 0.021717087255942503 0.08058692466803503
23 0.4516917702958347 0.5323691559284873 0.042801154626382495 0.035401689695149584
23 0.4496968478125446 0.6018958607489473 0.04606252232113448 0.04323237041330898
6 0.27963376380301297 0.6313783067888089 0.14732283360249454 0.2055238130353249
6 0.5597615945661337 0.6525412762436004 0.020881290178041922 0.0774573794884951
23 0.5339530710271834 0.6539537853187867 0.022416516639091454 0.07590396984757497
6 0.6336121517903042 0.6740668182998821 0.04356876785690744 0.034624984874689346
23 0.4499911282513538 0.6745612011080271 0.045994338473758486 0.03932612041330898
6 0.6894257751670987 0.6993940712267485 0.0428420649348082 0.03774543969514958
28 0.44197230235949697 0.8206231348512484 0.13557681006354425 0.2038931353422278
6 0.6234620357204055 0.8974679568635636 0.12350350405718977 0.18351245764913066
23 0.30879556372358274 0.8844436985739442 0.06812625730360064 0.2311126028521116