1 0.4303658514249095 0.10660224109914336 0.2611432971501809 0.1915972560752678
23 0.02589274451614742 0.0955133966419554 0.05178548903229484 0.03553076143274538
23 0.024910098654590398 0.13145089664195542 0.049820197309180796 0.03240576143274536
6 0.024904015293033377 0.17054067849312085 0.049808030586066754 0.03561260698624169
6 0.7863082349619946 0.21451895633757107 0.027282874264830958 0.08907242368379738
1 0.6599128312985215 0.22184532829993717 0.1680627617586449 0.32013642912609297
23 0.1186017565587207 0.2608606328469573 0.07038774310259503 0.03365080290255769
23 0.2366656818189199 0.3229018197775987 0.06689092887824373 0.04132689364673059
23 0.1153672139310955 0.3225793828469573 0.06536937245580869 0.04205357994439964
23 0.020645883226286278 0.3330406784931208 0.041291766452572556 0.0356126069862416
6 0.29390829375927896 0.3507292086150057 0.032792567842395835 0.09004464664195541
23 0.23441378505285168 0.3658705697775987 0.06676809814554918 0.03898314364673059
23 0.11089439789772196 0.363122537293461 0.0657821302577248 0.035049611795565025
23 0.01967347325912048 0.3721031784931208 0.03934694651824096 0.0395188569862416
23 0.018076673734090314 0.4346031784931208 0.03615334746818063 0.0426438569862416
6 0.8304046364777612 0.47825656332381267 0.07252345318850324 0.044642866604888455
23 0.88616663557325 0.5044668884588889 0.034436954997525505 0.09166171034428636
6 0.8008532553155252 0.5343602303841882 0.1265868334462283 0.07928325063297201
23 0.015855484651195795 0.5142906784931208 0.03171096930239159 0.032487606986241604
23 0.103405045229617 0.5209623191446264 0.06833059814554918 0.039037707349061354
23 0.24431997229883845 0.5352753342055689 0.07170125961093846 0.04383433475372307
23 0.10209817277380835 0.5608333509957919 0.07248250961093845 0.04386161660488845
23 0.2432178177308542 0.5712401160567343 0.07046963025772479 0.03521330290255768
1 0.5435896319552054 0.5895561287554241 0.16811367141501207 0.27646827467958934
23 0.013108112421514911 0.5853571466419554 0.026216224843029823 0.03943701143274545
6 0.23800469527504556 0.6109747386520726 0.07149654172311397 0.03992808475372307
23 0.09791860583592363 0.6256498191446264 0.0698521545679843 0.0383110210513923
23 0.012651649706744253 0.6400719284931208 0.025303299413488505 0.0395188569862416
23 0.09430892695767983 0.6646577554422957 0.06656338025772479 0.03507689364673041
23 0.011576880795666262 0.6791344284931208 0.023153761591332523 0.0356126069862416
23 0.010696593878021427 0.7111656784931208 0.021393187756042854 0.032487606986241604
23 0.009806071065985376 0.7486656784931208 0.019612142131970753 0.0395188569862416
23 0.8914152210556431 0.8075472484403555 0.06004114258219673 0.14870288402808357
1 0.25906638851392616 0.8363393264010206 0.15507808288040117 0.2806919832097769
1 0.47243949174785793 0.8868378673226787 0.25859482926235666 0.18760916052177165
1 0.7726475316619498 0.9082788800213685 0.06679243159177731 0.1138467343909035
23 0.8948323908887754 0.9944395469969258 0.025730340343633175 0.011120906006148346
1 0.76526772162147 0.9895040211362103 0.06347600180902227 0.020991957727579447