6 0.8043190078019162 0.04451017265951656 0.09913354081860284 0.01786605024766902
6 0.9308405642243512 0.051186165835091016 0.08831887155129756 0.01970037799792801
6 0.9917780642243512 0.05402437551221945 0.013318871551297563 0.01620719685684686
23 0.22299708672558843 0.0636409307267964 0.047353034825709094 0.070787688998964
23 0.2752180059928938 0.06842263006484262 0.0561515027135334 0.07509419933804624
23 0.32908331241532895 0.0717146040099947 0.05619244629109836 0.07587544933804624
23 0.7400617559928937 0.09007307567883518 0.047557752713533574 0.07469393899896401
23 0.7939680059928937 0.09258379962398727 0.04570864767057934 0.06915241439185815
23 0.9917061431480235 0.10022728742287823 0.013554566937884972 0.06531678494618806
23 0.8478333124153288 0.09587577356913934 0.05204053482570927 0.07100601282028159
23 0.954083312415329 0.10082444685233764 0.04661272840327406 0.07153255169541106
23 0.9062632881050694 0.101729821335609 0.04661272840327406 0.07153255169541106
1 0.6165556569428335 0.14540693093168416 0.14494840909054005 0.16339902812176255
6 0.7873251803485818 0.17450588771332848 0.05619244629109836 0.07587544933804624
6 0.7309932931934521 0.17344850185751765 0.05220430913596861 0.07413101282028159
28 0.2941926560383223 0.15467049917143047 0.0904822371097012 0.09072135339082217
6 0.9479760753056278 0.18747042224523178 0.05812343848918218 0.08297947394515211
6 0.8456323253056277 0.18270368547979815 0.050764639868663156 0.07640198821317572
6 0.8917260753056275 0.18485053638942092 0.05360303482570927 0.07107878742738745
28 0.1964135753056277 0.1524658362273144 0.07843593848918218 0.08392554383752823
6 0.9869976317280628 0.19007103742287823 0.01384117198083885 0.07078553494618811
23 0.2617752244465451 0.2651520808506309 0.04928734905006031 0.06308435090962279
23 0.5264552001362856 0.2806123767550737 0.04172051051544958 0.06740797787409356
23 0.20848645013628558 0.2658027442090317 0.046408010515449585 0.06762630169541106
23 0.4834455065587207 0.27939232505966266 0.051504946291098364 0.07565712551672865
23 0.5717267565587207 0.28350409036114355 0.04447369629109836 0.07532963978475227
23 0.6623517565587207 0.28772501757328334 0.04866655133405242 0.08098032630251692
23 0.6153539258260261 0.2878855293601076 0.043651502713533394 0.07451200248119934
23 0.3716448694035909 0.27575144065159385 0.05216336555840373 0.07334976282028158
23 0.31461361940359095 0.27309516749223006 0.04825711555840373 0.07316782630251692
23 0.4278129822484612 0.27993382650740467 0.04340584124814413 0.06982450248119942
6 0.7735791836279422 0.30230340198135214 0.09419373530067894 0.042574951819245574
6 0.7715762703535306 0.3554647892849051 0.08888875961093845 0.045445240694375146
23 0.4733910758714545 0.36663761393479216 0.05495749491161739 0.08205267473094038
28 0.10196977725093559 0.355603644747151 0.08242407564431198 0.0856699803552929
28 0.20180600294067608 0.3633862196019259 0.07670966417892275 0.08072776923042238
23 0.757694154795127 0.42608550433871706 0.09517970318850325 0.046517589122798596
6 0.6544872676399971 0.42284488026973044 0.08679067107632772 0.05002357878371626
23 0.5815134350982802 0.47035127294996676 0.09579717887824372 0.04342897642635144
23 0.2162193057450666 0.46195215219074903 0.04858466417892275 0.07941782630251701
23 0.15906522501237194 0.4616396290313853 0.04981961555840373 0.0732406009096227
23 0.7543367814348072 0.4901480043387171 0.09481121099041942 0.0394863391227986
6 0.4221484011770823 0.5075686749358281 0.10056656603337366 0.04520980024766903
23 0.5728477640219525 0.5161539245215433 0.08329717887824373 0.042846779569504535
6 0.7582120539360442 0.5357516027671404 0.08744909034363317 0.04771621608726928
1 0.9071032553155252 0.5489515777457499 0.16335640886339747 0.5889983416039979
23 0.5363436979885791 0.5551778831652145 0.0892196302577247 0.03688787799792799
6 0.41401831863536537 0.5580952138109577 0.09842753392119796 0.04900688833701032
23 0.15513796359241122 0.5515197663349383 0.05117739767057934 0.06940712551672874
23 0.2081401328597166 0.5563378529765374 0.049038365558403726 0.07320421360606985
6 0.7454354149718923 0.5852785678209523 0.09563340456798422 0.04030397642635144
6 0.534050857644946 0.5989278831652145 0.09690597749876276 0.04971536372990428
6 0.41160264755903764 0.6041889638109577 0.10393722749876275 0.050042849461880756
23 0.5268248558359236 0.6471470593438969 0.09390713025772471 0.03710620181924558
6 0.7482904200602749 0.6652935535529287 0.08066682383528967 0.03726886765884583
6 0.41128506501732076 0.6550793757216165 0.089011590343633 0.047788990694375144
23 0.5260535719147257 0.6917510839510028 0.09715496099041943 0.039595501033457305
6 0.7421765388980389 0.7221792543387171 0.08872498530067893 0.04232024069437514
6 0.5230204251486577 0.7346834466474499 0.08860215456798422 0.039976490694375144
6 0.8890128380843848 0.9240243523528555 0.05730456693788462 0.06735447394515219
6 0.17928927804390507 0.9798009700162107 0.18526911465389256 0.040398059967578705