6 0.027474411453690933 0.4605283230403959 0.0338451172470434 0.22423312186589683
6 0.8838979076927671 0.46844922466447797 0.09560933135366625 0.22759145407749273
6 0.38161399366528687 0.5119949169969813 0.041697069675183586 0.17216215650563313
6 0.06594118104973223 0.6001531126946968 0.06630226458147637 0.18614810015828454
23 0.26533342728880854 0.6271916711536164 0.1371794027447093 0.07346389522286181
6 0.8825891234487425 0.6115770990376573 0.15407739773014448 0.11766853628908862
6 0.1186690274470931 0.6924482612827711 0.08603209138279597 0.13988686559769087
23 0.8930944336235218 0.09921612067876269 0.06743886724704354 0.19843224135752538
6 0.33077394154108053 0.1889809658224823 0.1511797182632577 0.12539010807584336
6 0.49899274412750516 0.19268732436054412 0.07350935932948452 0.1387419027447093
6 0.5231446126281899 0.4046644871343833 0.08873955423577744 0.15245506175762474