6 0.8463941643689106 0.26139523707405665 0.16435242085843704 0.291650283611828
1 0.9646162844992944 0.3315247118651857 0.06248991192998332 0.2703244288591925
23 0.05331059172346466 0.3897363206465159 0.04610343262955987 0.04715884288963732
23 0.3256668327950109 0.3958139298105946 0.017729016639091454 0.07644975346004106
6 0.2896884224865854 0.3996220207230656 0.021553446022240408 0.07192142095052709
23 0.16053671063603236 0.41893704790910286 0.041910810470581296 0.030593425399151285
6 0.9187798587695932 0.4528386377586287 0.022416516639091454 0.0766407544486242
23 0.1451826716758065 0.5382282173767553 0.02089492694751698 0.07892083745242999
23 0.17092301136738103 0.5395214619395479 0.017633559252765264 0.07098100346004124
23 0.08878662135149495 0.5936133957416561 0.023238676947517023 0.07901633794672147
23 0.11531611932290006 0.6838736398101571 0.045980701704283346 0.04012759288963732
23 0.22467748255342493 0.6801982000765496 0.04592615462638268 0.03700259288963732
23 0.1699354354755242 0.6855515449433535 0.04517217816533296 0.038533259391540044
23 0.22383200284596433 0.7286357000765497 0.04678922524323372 0.0417219263877346
23 0.169117229307014 0.7324265449433535 0.042074451704283346 0.03996842539915128
23 0.35980073052483 0.7660335879095405 0.043541494317957154 0.03456334239534584
23 0.4113495937553548 0.7647138270351255 0.04277388108743239 0.03531275889724857
23 0.9414092406710998 0.7665363818271296 0.039648881087432385 0.035185424904859805
23 0.31475128328477353 0.7975355973010806 0.046843772321134305 0.04484692638773442
6 0.26472400974582316 0.8011354411793011 0.0459670649348082 0.039346342889637495
6 0.6772825109636391 0.8257017706858847 0.11770351744987054 0.21324144072219048
6 0.5738575020351855 0.8470912924347143 0.046734678165332964 0.038596926387734244
23 0.4855898888046607 0.8499072277196976 0.04356876785690744 0.036125842395345845
23 0.9385376108014836 0.8416000488233241 0.04199263108743238 0.03528092539915164
23 0.31164782833407934 0.8858805142972749 0.02000458279171564 0.07263900395433254
23 0.339745554795129 0.8862970083657761 0.023156856330665932 0.07432883794672165
6 0.4845534943245477 0.9092822277196975 0.046693767856907445 0.0362531763877346
1 0.2618563340161222 0.9206985246773982 0.05732335064862308 0.10851017836490087
23 0.9389000750876685 0.9102863818271295 0.038744900162155815 0.02812234140676253
23 0.008765806314103704 0.9702024120532785 0.017531612628207408 0.05801808844101295