23 0.10756272822588064 0.4977743137264337 0.040091454077492816 0.09059050790866544
23 0.38372441145369096 0.4458484219019292 0.02957149122451135 0.07767667243340189
23 0.3578749652937569 0.4445551773391367 0.03019361685133202 0.07223975593149916
23 0.46724395361527443 0.38612857060933486 0.054435098904643375 0.07400784437251211
23 0.5492297395086517 0.3812235533091293 0.03265102711788863 0.07624150642579064
23 0.5154314010288497 0.37556114372730875 0.045287419437756785 0.08143834239534575
23 0.5718034214828208 0.35058104836621345 0.037915188638086586 0.06943309091247105
6 0.7320218559642723 0.29242901426009393 0.10847539271557949 0.16126510524692703
6 0.6104507328447342 0.2809569564651593 0.08914873119538136 0.16750051779449712
6 0.9511022461235218 0.25826096680810157 0.09779550775295646 0.15110885524692702
6 0.19570627124539394 0.27439121045667303 0.08603209138279597 0.14084251730020556
23 0.3313482545523465 0.25869593178776096 0.05625601167848249 0.056134594866803764
6 0.791717453219563 0.22038291791041545 0.10218828879637112 0.1329172707602467
6 0.994159505624759 0.1751964574165614 0.011680988750482157 0.16079291996194392
23 0.5218535826073073 0.1930523912558508 0.03853731426490725 0.0639961744105682
23 0.4395495479675713 0.18701990855605635 0.0309975989046432 0.07305283942959626