6 0.30546875 0.72890625 0.08671875 0.02578125
6 0.40625 0.72890625 0.08359375 0.02578125
23 0.484375 0.0125 0.08515625 0.02421875
23 0.18203125 0.03125 0.04453125 0.0625
23 0.12890625 0.0296875 0.04765625 0.059375
28 0.5921875 0.0328125 0.0953125 0.06484375
6 0.4 0.03828125 0.05078125 0.07578125
23 0.4859375 0.05234375 0.08671875 0.0390625
1 0.29453125 0.07890625 0.13984375 0.15703125
9 0.87109375 0.1203125 0.1765625 0.240625
23 0.48203125 0.09296875 0.0796875 0.03359375
23 0.184375 0.10546875 0.05625 0.075
23 0.0765625 0.10625 0.04453125 0.071875
23 0.13125 0.10703125 0.04453125 0.0734375
28 0.02578125 0.1109375 0.05078125 0.08671875
28 0.59453125 0.11328125 0.09375 0.06875
6 0.40234375 0.12109375 0.04921875 0.07421875
23 0.484375 0.1375 0.090625 0.0359375
23 0.015625 0.17734375 0.03046875 0.0296875
6 0.015625 0.2234375 0.03046875 0.03515625
23 0.0171875 0.2640625 0.034375 0.0296875
23 0.015625 0.30234375 0.03046875 0.040625
23 0.01328125 0.34375 0.0265625 0.0375
6 0.015625 0.3890625 0.03046875 0.03515625
1 0.38203125 0.44140625 0.49765625 0.4
6 0.01328125 0.46796875 0.0265625 0.0390625
23 0.01015625 0.51640625 0.0203125 0.0296875
23 0.01171875 0.6640625 0.0234375 0.059375