6 0.8515625 0.29609375 0.159375 0.28515625
1 0.97109375 0.37109375 0.0578125 0.26796875
23 0.06015625 0.3921875 0.0453125 0.0453125
23 0.3328125 0.409375 0.01640625 0.07578125
6 0.296875 0.41171875 0.0203125 0.07109375
23 0.16796875 0.42578125 0.04140625 0.02890625
6 0.92734375 0.490625 0.02109375 0.07578125
23 0.1546875 0.54453125 0.01953125 0.078125
23 0.18046875 0.546875 0.01640625 0.0703125
23 0.09921875 0.59765625 0.021875 0.078125
23 0.12734375 0.6890625 0.0453125 0.03828125
23 0.23671875 0.68984375 0.0453125 0.03515625
23 0.18203125 0.69296875 0.04453125 0.03671875
23 0.23671875 0.73828125 0.04609375 0.03984375
23 0.18203125 0.73984375 0.04140625 0.03828125
23 0.3734375 0.78125 0.04296875 0.0328125
23 0.425 0.78203125 0.0421875 0.03359375
23 0.95546875 0.80546875 0.0390625 0.03359375
23 0.32890625 0.8109375 0.04609375 0.04296875
6 0.27890625 0.8125 0.0453125 0.0375
6 0.6921875 0.85390625 0.1140625 0.20859375
6 0.5890625 0.87109375 0.04609375 0.03671875
23 0.50078125 0.8703125 0.04296875 0.034375
23 0.95390625 0.88046875 0.04140625 0.03359375
23 0.32734375 0.89921875 0.01875 0.071875
23 0.35546875 0.90078125 0.021875 0.0734375
6 0.50078125 0.9296875 0.04609375 0.034375
1 0.278125 0.93203125 0.05546875 0.10625
23 0.95546875 0.94921875 0.03828125 0.0265625
23 0.021875 0.97109375 0.02421875 0.05703125