23 0.73671875 0.23984375 0.0390625 0.0265625
23 0.63125 0.240625 0.0421875 0.03203125
23 0.321875 0.2578125 0.0375 0.028125
23 0.63125 0.31171875 0.0390625 0.02578125
23 0.7390625 0.31171875 0.03828125 0.03046875
23 0.1171875 0.31484375 0.0484375 0.04453125
1 0.45390625 0.31953125 0.11328125 0.26875
9 0.2 0.36796875 0.0734375 0.4625
1 0.025 0.37109375 0.05 0.26796875
23 0.11796875 0.38515625 0.04453125 0.03671875
23 0.63203125 0.38359375 0.0390625 0.02890625
23 0.73671875 0.39140625 0.04140625 0.03515625
23 0.32265625 0.39140625 0.03984375 0.03125
23 0.7390625 0.45859375 0.0390625 0.0296875
23 0.63046875 0.459375 0.0359375 0.02734375
23 0.3234375 0.4671875 0.03984375 0.0328125
6 0.43125 0.525 0.03984375 0.03046875
23 0.73671875 0.53046875 0.0421875 0.0328125
23 0.63125 0.53125 0.0375 0.02890625
23 0.32265625 0.53515625 0.0421875 0.03359375
23 0.37109375 0.57421875 0.01953125 0.07109375
23 0.73671875 0.60390625 0.0421875 0.0296875
23 0.63203125 0.60703125 0.03671875 0.0265625
23 0.740625 0.675 0.04296875 0.03046875
23 0.63359375 0.678125 0.0390625 0.02421875
1 0.565625 0.88203125 0.109375 0.2125
1 0.4 0.88046875 0.11328125 0.2046875
1 0.0671875 0.8828125 0.10625 0.1875
1 0.23359375 0.8859375 0.11171875 0.2078125
9 0.7609375 0.98203125 0.115625 0.03515625
23 0.7359375 0.1640625 0.04140625 0.0296875
23 0.63359375 0.16875 0.0390625 0.02890625
23 0.3640625 0.17109375 0.0171875 0.0703125