6 0.8265625 0.4609375 0.09453125 0.04453125
23 0.18828125 0.4828125 0.04296875 0.071875
23 0.08671875 0.48359375 0.04453125 0.06171875
23 0.134375 0.4859375 0.04375 0.07265625
6 0.35390625 0.48984375 0.0953125 0.0421875
6 0.471875 0.4921875 0.10625 0.04609375
23 0.23671875 0.4921875 0.04453125 0.08515625
6 0.59921875 0.49375 0.11015625 0.05
6 0.6765625 0.60859375 0.046875 0.07421875
23 0.778125 0.609375 0.0453125 0.06875
23 0.9578125 0.61015625 0.0515625 0.08203125
23 0.728125 0.61015625 0.04765625 0.06640625
6 0.88359375 0.61015625 0.06640625 0.07109375
23 0.99140625 0.6125 0.0171875 0.08125
23 0.09296875 0.6671875 0.04296875 0.071875
23 0.14609375 0.6671875 0.04765625 0.07734375
23 0.46953125 0.67109375 0.09609375 0.05234375
23 0.5890625 0.67265625 0.0890625 0.04375
23 0.353125 0.6734375 0.10078125 0.040625
6 0.040625 0.9875 0.08125 0.02421875
23 0.175 0.9875 0.04453125 0.02421875