6 0.22895715965636695 0.0545206418516669 0.1881384871097012 0.09526976633493826
23 0.35272885232942064 0.08378011042013549 0.049284027023792906 0.07789171360606986
6 0.1564060509953682 0.15373508374611503 0.14294217378986113 0.1251177781217625
6 0.36126064733189506 0.1750236945805353 0.0629337692218769 0.0855415477664696
6 0.14726234509333141 0.2684332845319033 0.06165787426483096 0.09093752315936374
23 0.30783135289524755 0.28296031906380664 0.049529688489182176 0.08257921360606986
23 0.25853071574011777 0.28223041893997214 0.04628185775648763 0.08008991439185813
23 0.14329414009580582 0.35909467183545624 0.04842088986866324 0.07629282630251692
23 0.24637819651824094 0.36467904590444283 0.04278836555840373 0.0729131151776464
23 0.19559694651824094 0.36231387117350244 0.04402331693788471 0.06673588978475227
23 0.19191534656366946 0.4475065084770554 0.04599525271353348 0.07462116439185813
6 0.13249940298610458 0.4455223234070328 0.04924308344622812 0.07711046360606985
23 0.24183345940853976 0.45139779590444284 0.04977867198083885 0.0724593509096227
23 0.18502685945396827 0.5341160965663966 0.04727114767057934 0.06922518899896399
23 0.23728872229883852 0.5381165459044428 0.04274742198083885 0.0721318651776464
23 0.13256027872127363 0.5340218972283504 0.05224525271353349 0.07491226282028159