6 0.3729602549370839 0.6968428059826005 0.10352569671336811 0.05435517250267097
6 0.37559363924576444 0.6422917152384278 0.09669381525447918 0.02913691769334754
6 0.3689065749412158 0.5897569922802697 0.09295121941479172 0.03603175843752062
6 0.3701411134102088 0.5421825878337659 0.09771145459715277 0.0393204495445131
23 0.9026938145888892 0.2813195651379113 0.047693924011944236 0.07035962921876031
6 0.7897567502843404 0.2250745104212551 0.047857578172256866 0.07739087921876031
23 0.7404652651019793 0.2202307537978331 0.04544109298989589 0.07418403366526398
6 0.8451163975107988 0.22232402185400044 0.04940189437666689 0.07666419292109108
23 0.42153342714607656 0.2012872585223385 0.03902743882958344 0.06693452885594056
23 0.5683538757593057 0.20407249654143897 0.053998475398715405 0.07292163402808365
23 0.5222055743725349 0.2001191173226787 0.04471439437666671 0.07650050181409851
23 0.4714606919637155 0.1999082969969259 0.04465984298989589 0.07415675181409856
23 0.7795810100679862 0.15680566005843535 0.09776600598392378 0.04166419954451306
23 0.7033087975870487 0.13306557049538884 0.04929279160312507 0.07197669292109107
23 0.3061064892664237 0.10514389010335146 0.044496188829583436 0.06712550181409856
23 0.516153636492882 0.10779520806685157 0.043805857807534744 0.07100446996293312
23 0.4716042026972918 0.10545889255042218 0.042951872625173595 0.0678521881117677
6 0.8050329921162153 0.042944056700390754 0.09912848423243048 0.033125013246843915
6 0.9315773083206249 0.046582466589190075 0.08815461664124982 0.03118056733052792
6 0.9931686084488976 0.047175232831258886 0.013662783102204656 0.02468254146981228