23 0.6545810200952802 0.6872310001115417 0.032599397442476176 0.09933493668015991
6 0.4521100050681655 0.6547516135222388 0.0666380541565303 0.04332395409301455
6 0.561453188811387 0.6550149643813213 0.09556248487468952 0.04796386646291495
6 0.11995149004105092 0.6154755930571666 0.04849710821486464 0.14702880823145748
6 0.1863486496819713 0.617393297150181 0.04772494857394429 0.14855036465389268
23 0.44721342680933435 0.6185684520568495 0.0587664668225127 0.03275826831736559
9 0.07432239011580566 0.9578125 0.13799087939029936 0.084375
6 0.2899292093976464 0.9674704921412982 0.11521190954272456 0.06505901571740366
6 0.36245208654845057 0.5477402956798428 0.06508009933607006 0.04402331693788462
9 0.6414417124227085 0.9582130489592032 0.3475022347764936 0.08357390208159358
6 0.3605759691602038 0.4937521585247131 0.06191419272021177 0.0368282926276251
23 0.35869530659241716 0.4389827713695834 0.07058521077238851 0.05055992198083885
6 0.29149417105379777 0.4331178736990041 0.031005081185697492 0.09378429952503016
6 0.3614385115110732 0.37352154567984297 0.06427157825883115 0.039294873360319824
6 0.13315897540671973 0.33500352103089914 0.07598123789975157 0.03834652702379291
23 0.20738227058625952 0.33967441089956235 0.059574987899751616 0.03748671189493056
23 0.060493635047640104 0.32963326831736567 0.06819600897699045 0.04262459124814422
6 0.27922545432948087 0.337972470035531 0.0642852137974506 0.04163862336031983
23 0.13526183089110985 0.2937201017635938 0.07134828005422929 0.04747586555840364
23 0.2102436501729506 0.29452568520982186 0.06895907825883114 0.039540534825709094
23 0.44805220150081054 0.22576347636710903 0.02787099082661797 0.09205802521477065
23 0.4175789063212707 0.22338542684207888 0.02475508118569749 0.09345675090451114
23 0.392547090064492 0.21660648236000285 0.02708065046753827 0.09045458163720577
23 0.8499459787263695 0.16950566881302015 0.027816448672140125 0.08268302521477064
23 0.9038522287263696 0.1723307756649966 0.024741445647077854 0.09111300090451113
23 0.8749323431877499 0.16847211329509618 0.02394656010845857 0.0887283073269463
6 0.14740536611170058 0.9043267311168073 0.027875536006157643 0.09283927521477083
6 0.17864627575262096 0.9044019742194024 0.02468690349260032 0.08173800090451096
6 0.20674854985492191 0.901969693011738 0.02707610528799833 0.08967333163720567
6 0.39649230590504614 0.8947314823600028 0.05947096965118313 0.15385201831736595
23 0.2868945921075955 0.8507181315009202 0.033453370315113064 0.1118758802577247
23 0.24938095656897605 0.8464090897778063 0.03031927995603345 0.11014960594746519
23 0.6047360770804808 0.8455071675698246 0.06503464754067209 0.03621081693788497
23 0.5320480108237021 0.8362306648562914 0.0720886234383709 0.04048555913596843
23 0.7202701734896847 0.8359418170494264 0.0713073734383709 0.04044461555840364
23 0.9381298391807291 0.8286150751900268 0.03258121672431713 0.09620993668015991
23 0.9795224536421099 0.8284413348009652 0.034952237801555694 0.10102026741285464
6 0.0417542880492611 0.733215291723114 0.025481789031219736 0.0841226944820761
23 0.3876718178089028 0.9839351052969674 0.06741930415653022 0.03212978940606526
23 0.8081287217924824 0.7679121913142574 0.03253576492891881 0.08839743668015991
28 0.7377980410743232 0.7611022693334185 0.10062268959695367 0.11227202792830404
6 0.01122645071524358 0.7214622421980839 0.01494426483072292 0.1522994843961678