6 0.2672683921319708 0.7431336856891951 0.08806988805964089 0.029820240694375146
6 0.3680496421319708 0.747827647847523 0.08494488805964089 0.02967469148016342
23 0.48371990275896193 0.035060128202815795 0.08642550090451132 0.028184966087269225
23 0.18039350689740496 0.03972824172783239 0.04780673620519007 0.06457407630251694
23 0.12735039405253473 0.03569140508623324 0.05076796189493056 0.06159462551672864
28 0.5904678697422753 0.060394076093119954 0.09871081693788461 0.0692830010334573
6 0.39799376469932113 0.0569115494190995 0.054752777023793 0.07814642473094036
23 0.48319428030315326 0.07497665280992165 0.08876592887824372 0.04310149069437508
1 0.29039594866594753 0.09262426343945411 0.14807340909054006 0.16354457733597422
9 0.8647884390550091 0.1608843434615155 0.18917312188998175 0.2488485306029619
23 0.4771589642697798 0.11541971629215701 0.08144807383528967 0.03730525496239871
23 0.17884761702874175 0.11405615363849117 0.06018058344622808 0.07761988585581085
23 0.07099417345117688 0.109815955748187 0.04829805913596859 0.07394907630251693
23 0.12564072987361202 0.11314431699689202 0.04837994629109836 0.07551157630251693
28 0.023815127770319116 0.11213828101724665 0.04763025554063823 0.08908392473094037
28 0.588594431253093 0.14097198800377875 0.09735303482570892 0.07311647642635144
6 0.39599749547744423 0.1398332113297583 0.053108389868663154 0.07651115012383451
23 0.4771689303485818 0.1600601282028158 0.09250840456798422 0.04015842721213971
23 0.011171555433252902 0.1780714960710586 0.022343110866505804 0.031106604838564245
6 0.010035371155827595 0.22416524607105853 0.02007074231165519 0.03657535483856424
23 0.010656999378402289 0.2648630206781644 0.021313998756804578 0.03128854135632882
23 0.008039371749539894 0.30307149607105854 0.016078743499079787 0.042044104838564245
23 0.004764985866505806 0.3443685841603998 0.009529971733011611 0.038737168320799584
6 0.005695351933950746 0.38979024607105855 0.011390703867901492 0.03657535483856424
1 0.35889812867584514 0.4591996414373821 0.5186193617132165 0.4231787123632156
6 0.001530443238880607 0.46858733416039977 0.003060886477761214 0.040299668320799495