23 0.44296875 0.3703125 0.065625 0.0359375
9 0.4265625 0.0390625 0.46875 0.078125
1 0.54453125 0.40390625 0.1109375 0.10234375
23 0.44296875 0.40625 0.071875 0.0328125
23 0.13515625 0.4234375 0.02734375 0.0875
23 0.18046875 0.42421875 0.028125 0.08828125
23 0.44453125 0.4421875 0.06875 0.03671875
6 0.734375 0.45390625 0.06640625 0.0328125
6 0.92265625 0.4578125 0.0671875 0.04140625
6 0.31796875 0.46640625 0.0265625 0.0859375
23 0.44609375 0.48046875 0.0671875 0.03984375
6 0.73671875 0.4953125 0.11953125 0.040625
23 0.59140625 0.509375 0.0296875 0.08984375
23 0.4453125 0.525 0.06484375 0.03984375
23 0.5390625 0.53671875 0.071875 0.0359375
6 0.44375 0.56328125 0.06171875 0.034375
28 0.93125 0.62265625 0.07421875 0.1265625
1 0.56484375 0.99453125 0.2515625 0.01015625
6 0.609375 0.175 0.06484375 0.03828125
23 0.29375 0.19296875 0.02734375 0.0875
23 0.32109375 0.19296875 0.02265625 0.08046875
23 0.37890625 0.1953125 0.028125 0.08515625
23 0.35 0.196875 0.02890625 0.08125
23 0.46953125 0.1953125 0.0234375 0.07890625
23 0.52734375 0.19765625 0.02265625 0.0765625
23 0.55546875 0.1984375 0.021875 0.07734375
23 0.440625 0.196875 0.02421875 0.075
23 0.49375 0.203125 0.02421875 0.07421875
23 0.93203125 0.21875 0.03359375 0.0921875
23 0.9734375 0.21953125 0.03203125 0.09296875
23 0.89765625 0.221875 0.0328125 0.09140625
23 0.84375 0.2203125 0.03203125 0.08828125
23 0.63125 0.23671875 0.109375 0.059375
28 0.1546875 0.321875 0.0984375 0.10078125
23 0.5125 0.32578125 0.0734375 0.034375