1 0.9222047389457728 0.896712795870506 0.0985987350238755 0.18466644867918128
6 0.6685588945734029 0.9816621499045499 0.17649057813030106 0.022357900023862242
6 0.33126228041558503 0.8903131806174569 0.04642859981466554 0.21139203333863604
6 0.2242682359505479 0.8681301926320926 0.04650052168436449 0.19108862400540866
23 0.05816208631336759 0.8614727546546824 0.039551117237860686 0.19335055800445425
23 0.14161942705754044 0.8644063033100011 0.03974209019601869 0.19881930800445424
23 0.10191208631336757 0.8609636773154099 0.028003492828423848 0.15338862933640912
23 0.1840797455691947 0.856102907304274 0.031520362428537306 0.18700965133672726
6 0.8587251146211539 0.6124110685471419 0.2525942981780524 0.39028174403245314
23 0.4723907997376967 0.5388132205999576 0.10740825063297219 0.12385621801399935
23 0.4776735551799923 0.40989787993318494 0.1128497187818068 0.12313860268140839
1 0.20136036703720867 0.34345241749880684 0.40272073407441733 0.6869048349976137
6 0.47850691279920615 0.22949276460059398 0.11792908838192026 0.15677780601527208
6 0.916825368334169 0.20287626794241173 0.16580362630835346 0.40575253588482346
6 0.7666914482785687 0.13945592122855027 0.13937750244707062 0.16717950401813556
6 0.4680481063532695 0.06204168880292186 0.049032755442295614 0.12408337760584372
23 0.9240451352092102 0.022082526605286916 0.04331597958157971 0.04416505321057383
23 0.872728171869699 0.01534445060870721 0.04048115626060209 0.03068890121741442
1 0.7300495985487212 0.030463877456649725 0.1875297710513923 0.06092775491329945