1 0.484375 0.03671875 0.1609375 0.0734375
23 0.33984375 0.01328125 0.00703125 0.0265625
23 0.2828125 0.01640625 0.00625 0.0328125
23 0.3109375 0.01640625 0.00625 0.0328125
23 0.26953125 0.0203125 0.00703125 0.040625
23 0.32578125 0.0203125 0.00859375 0.040625
23 0.2515625 0.03046875 0.01015625 0.06015625
23 0.296875 0.0234375 0.00859375 0.046875
23 0.22421875 0.01328125 0.02109375 0.0265625
6 0.08046875 0.09375 0.0140625 0.1875
6 0.1 0.09609375 0.0109375 0.16484375
6 0.0578125 0.09765625 0.015625 0.19453125
23 0.225 0.103125 0.021875 0.0578125
6 0.38203125 0.12578125 0.025 0.0765625
23 0.22578125 0.190625 0.0265625 0.071875
23 0.60078125 0.19453125 0.02421875 0.06640625
6 0.70078125 0.2 0.02578125 0.07734375
23 0.64296875 0.24765625 0.01015625 0.159375
6 0.49375 0.26484375 0.01171875 0.15390625
6 0.60078125 0.296875 0.025 0.07109375
6 0.7015625 0.3015625 0.0203125 0.053125
6 0.17578125 0.46484375 0.01796875 0.284375
6 0.15 0.51875 0.01484375 0.2046875
6 0.13125 0.5359375 0.01015625 0.15859375
6 0.109375 0.534375 0.01484375 0.19609375