23 0.35390625 0.45390625 0.0234375 0.04765625
6 0.3234375 0.4546875 0.02109375 0.06484375
6 0.5828125 0.490625 0.025 0.06484375
1 0.478125 0.51015625 0.14375 0.9796875
6 0.58359375 0.5703125 0.0234375 0.0703125
23 0.30390625 0.578125 0.009375 0.16953125
6 0.3796875 0.578125 0.009375 0.1703125
23 0.31484375 0.58125 0.00625 0.16328125
23 0.33828125 0.58359375 0.00859375 0.16640625
23 0.36171875 0.58359375 0.00625 0.16640625
23 0.328125 0.59375 0.01015625 0.16015625
6 0.5734375 0.80703125 0.0234375 0.06484375
6 0.64140625 0.8296875 0.01640625 0.265625
6 0.5734375 0.89140625 0.0234375 0.06484375
6 0.5734375 0.971875 0.0234375 0.05625
6 0.37734375 0.9859375 0.0203125 0.028125
23 0.33828125 0.99609375 0.009375 0.00703125
23 0.32734375 0.99296875 0.009375 0.0140625