6 0.29375 0.02109375 0.01484375 0.0421875
6 0.3125 0.02109375 0.01640625 0.0421875
6 0.59296875 0.07734375 0.0171875 0.1546875
6 0.6140625 0.07734375 0.01953125 0.1546875
23 0.853125 0.11484375 0.00859375 0.16015625
23 0.8640625 0.12109375 0.00859375 0.15703125
6 0.55078125 0.13046875 0.01875 0.24609375
6 0.475 0.19296875 0.02109375 0.0625
6 0.45 0.2015625 0.02265625 0.06484375
23 0.34453125 0.23203125 0.00859375 0.16796875
6 0.30390625 0.24609375 0.0109375 0.1546875
23 0.33046875 0.24609375 0.00859375 0.1546875
6 0.31796875 0.24921875 0.0109375 0.16015625
23 0.44921875 0.28046875 0.02265625 0.05390625
23 0.475 0.28515625 0.021875 0.0484375
6 0.45 0.3640625 0.02109375 0.0515625
23 0.5859375 0.38515625 0.01015625 0.16484375
23 0.61015625 0.3828125 0.009375 0.16015625
23 0.5984375 0.38828125 0.00859375 0.15703125
6 0.46796875 0.42109375 0.00859375 0.1515625
6 0.353125 0.4734375 0.01796875 0.27109375
6 0.3328125 0.47890625 0.015625 0.26796875
23 0.41953125 0.60859375 0.00859375 0.1328125
23 0.43359375 0.6078125 0.009375 0.16015625
23 0.63671875 0.61953125 0.01015625 0.16796875
23 0.625 0.621875 0.00859375 0.16015625
6 0.64921875 0.62734375 0.0109375 0.1703125
23 0.0171875 0.634375 0.00859375 0.1703125
23 0.03046875 0.63515625 0.009375 0.15703125
23 0.51796875 0.6421875 0.01015625 0.15703125
23 0.54140625 0.64453125 0.00859375 0.1625
6 0.50703125 0.65078125 0.0078125 0.14609375
23 0.5296875 0.65 0.009375 0.1734375
6 0.60859375 0.671875 0.01640625 0.2734375