6 0.6869387441940124 0.2609375 0.015043641461938151 0.16796875
6 0.7041262441940123 0.2609375 0.013094696555645413 0.1546875
23 0.3769188865138803 0.25625 0.01139580423577744 0.15
23 0.3644870826738143 0.25390625 0.013071964502334055 0.15390625
23 0.38716606472712567 0.253125 0.01314016066226813 0.15625
6 0.3989530108870597 0.25078125 0.013253820928824833 0.16015625
6 0.21708088526023905 0.2453125 0.013162892715579489 0.15703125
6 0.2592456532069277 0.24609375 0.014307855568560868 0.16953125
6 0.2327968134734844 0.2421875 0.01175951708875882 0.1625
23 0.3375297775801071 0.240625 0.013003768342400069 0.1515625
6 0.35175140195328647 0.23515625 0.012935572182466082 0.14921875
6 0.9059712036817814 0.06328125 0.025483384798020835 0.0703125
6 0.3784777233443297 0.390625 0.02530152837152997 0.0640625
6 0.8969980543022844 0.31796875 0.02463393863808676 0.06796875