23 0.7381696330868592 0.9619121765595505 0.05858710594746519 0.030351118674408893
23 0.6500931009746835 0.9590331719048681 0.03605700870642732 0.01759658000477273
23 0.5692082711465002 0.9381126919160039 0.05525738805964089 0.02640850600731781
23 0.7235925559722093 0.8676081932288685 0.05224525271353357 0.0732198713399086
1 0.25221348682780265 0.7413767886298654 0.5044269736556053 0.5161833620703149
6 0.5906339710556431 0.7676547412476402 0.022970510515449582 0.06585226666931802
6 0.6389895839005133 0.7686536199077315 0.01890048620519007 0.06268181333545435
23 0.7325315439864216 0.7566343305617776 0.051709664178922664 0.077898280673136
23 0.7280631292416719 0.6333240998965957 0.0538077527135334 0.07323805267345414
23 0.7389740530315331 0.5145195558959593 0.0584509871097012 0.08734600600731782
23 0.7511608717784402 0.40116558056177753 0.057877777023793084 0.07640850600731781
6 0.5936349768213943 0.3975331452498675 0.02609551051544958 0.06588862933640893
6 0.5609453075540889 0.3955712032543218 0.018859542627625105 0.06190056333545453
6 0.2554632694490195 0.3397870166295472 0.05106453301668683 0.020894302673454223
23 0.3648725689740496 0.3080637546149115 0.07387459124814413 0.06878691000954502
23 0.454467335482393 0.2968711686028211 0.07531093848918217 0.0812960006763177
6 0.2737086584131715 0.28960520329409273 0.047281113749381376 0.023192599339590635
23 0.7552043198785607 0.27931785256209574 0.05200291327441153 0.05369771200668154
23 0.5725555941888203 0.27832006858691277 0.031151502713533397 0.07297442333704529
23 0.53435623134395 0.2772030112587761 0.03176897840327406 0.06985851400381797
23 0.08036145013628557 0.2543778699872733 0.07354372060135783 0.07737156934277234
23 0.17571489371385046 0.2524875586410012 0.07366987336031983 0.06488066000954502
23 0.0014219798736119968 0.2475744339990455 0.0028439597472239937 0.06735113200190898