23 0.3984375 0.359375 0.03984375 0.01171875
23 0.175 0.3703125 0.0421875 0.0203125
6 0.48984375 0.403125 0.05078125 0.03046875
23 0.0671875 0.415625 0.03984375 0.01953125
23 0.39140625 0.41875 0.06015625 0.0265625
23 0.17265625 0.425 0.03125 0.02421875
23 0.0015625 0.4265625 0.003125 0.05625
6 0.490625 0.475 0.0640625 0.040625
6 0.390625 0.4765625 0.04140625 0.02265625
23 0.07109375 0.4796875 0.053125 0.021875
6 0.271875 0.48671875 0.05234375 0.02890625
6 0.17265625 0.48671875 0.06171875 0.0296875
23 0.39375 0.53671875 0.0484375 0.02421875
6 0.4875 0.5359375 0.06328125 0.05078125
6 0.06796875 0.55078125 0.059375 0.03203125
23 0.00625 0.5734375 0.01171875 0.05625
23 0.390625 0.578125 0.03515625 0.01640625
23 0.065625 0.60234375 0.06015625 0.02265625
6 0.4859375 0.61953125 0.06640625 0.0359375
23 0.3875 0.63671875 0.04140625 0.01484375
23 0.065625 0.6515625 0.0671875 0.03046875
23 0.27265625 0.65859375 0.05390625 0.0234375
6 0.1625 0.6625 0.05234375 0.03125
6 0.4875 0.67578125 0.05234375 0.03046875
23 0.38984375 0.68046875 0.0390625 0.01796875
23 0.003125 0.68671875 0.00625 0.0734375
23 0.15234375 0.70703125 0.05546875 0.02890625
23 0.06875 0.70625 0.0484375 0.02734375
23 0.27265625 0.70859375 0.065625 0.02578125
23 0.3984375 0.73515625 0.034375 0.015625
6 0.48359375 0.74375 0.05546875 0.03359375
6 0.065625 0.76328125 0.0546875 0.0234375
9 0.70625 0.70234375 0.184375 0.5953125
23 0.48828125 0.8046875 0.04765625 0.015625
6 0.1546875 0.81328125 0.0546875 0.02421875
1 0.28671875 0.815625 0.0765625 0.0640625
6 0.41171875 0.81875 0.01796875 0.05703125
23 0.0609375 0.8203125 0.0453125 0.02578125
23 0.50546875 0.8609375 0.03515625 0.0234375
23 0.14609375 0.86484375 0.06171875 0.0234375
23 0.0609375 0.87421875 0.03984375 0.02109375
23 0.29609375 0.90625 0.0484375 0.0296875
23 0.4953125 0.9109375 0.03828125 0.01796875
6 0.190625 0.915625 0.04921875 0.02734375
23 0.0453125 0.95625 0.01875 0.05234375
6 0.41484375 0.975 0.0203125 0.05
23 0.50859375 0.975 0.0234375 0.05
6 0.3609375 0.97890625 0.01796875 0.0421875
23 0.46015625 0.98046875 0.01484375 0.03828125
6 0.14765625 0.98203125 0.0890625 0.0359375
23 0.38984375 0.14453125 0.04609375 0.0234375
6 0.478125 0.14375 0.06796875 0.04375
23 0.3046875 0.14765625 0.0359375 0.021875
6 0.10234375 0.15 0.0625 0.03359375
23 0.20859375 0.15078125 0.04453125 0.021875
6 0.00859375 0.18828125 0.0171875 0.1046875
23 0.30078125 0.19609375 0.03984375 0.021875
23 0.390625 0.19921875 0.0421875 0.02109375
23 0.21875 0.20390625 0.04765625 0.0234375
6 0.4828125 0.20859375 0.0609375 0.03984375
23 0.14921875 0.23828125 0.0203125 0.0640625
23 0.08515625 0.24140625 0.04609375 0.028125
23 0.38984375 0.25234375 0.034375 0.021875
23 0.296875 0.25546875 0.04375 0.028125
23 0.22109375 0.2625 0.05234375 0.021875
6 0.490625 0.27734375 0.0640625 0.04375
23 0.39375 0.3078125 0.04140625 0.021875
6 0.17421875 0.31953125 0.04765625 0.02421875
1 0.04453125 0.321875 0.0890625 0.06328125
6 0.28046875 0.33515625 0.09375 0.06953125
6 0.4828125 0.340625 0.0546875 0.03046875