9 0.7158158404897188 0.9905501871369371 0.5014732199629333 0.018899625726125892
23 0.14708824329176004 0.38167814722835036 0.05564236479078995 0.029890861248705037
6 0.4411656255057451 0.3859847733642516 0.0992931610699257 0.05142341294411601
23 0.25503964174781396 0.3154966832079958 0.02463046696770821 0.07992509449948208
23 0.4514607739617992 0.3152548963997809 0.05464285998146643 0.023604473945152103
1 0.1579835924734534 0.2937607702638797 0.06755457694917477 0.10298375889134012
23 0.9912350912923269 0.2527529739406429 0.004843756623422024 0.049364299214211725
6 0.8909374801297341 0.1893924871752092 0.025029771051392303 0.06902398180303493
6 0.9441716075343958 0.18874182381680837 0.03074405771188111 0.07630994292790545
1 0.15872518085537352 0.1380736964425621 0.06400299101432534 0.11295807237357551
6 0.30306794709744234 0.0829774356891951 0.08568452885594055 0.0414298287837163
6 0.46612350780454825 0.05222835752465136 0.05391617368379755 0.025130586641599152
23 0.2981373996371803 0.02249369995721876 0.05997520072563942 0.019952935070022583
23 0.8870089266790224 0.05539847683612701 0.03066964664195524 0.02950771753501129