23 0.10404120533620986 0.31409768181878095 0.02235635685197641 0.05424716923687924
23 0.117548184643995 0.4076976773545541 0.03004270409301446 0.06686990016215581
23 0.8387514772716201 0.4568842362068729 0.027862728403274063 0.06995398985373029
6 0.8051986708491852 0.45825186729430517 0.03566858435073925 0.09975058400953163
23 0.9295402515818797 0.45842737094775315 0.02749423620519025 0.06292273985373029
23 0.9804852758921392 0.4606659809318671 0.02860303482570927 0.06918637662320534
23 0.8688893566248339 0.4649597889668164 0.02806744629109801 0.07386023985373029
6 0.1762890988229177 0.48408685349129216 0.028193599050060313 0.06137387662320535
23 0.9623637969230383 0.5923523575550724 0.018344965512975264 0.15642727800317716
6 0.9813185148108626 0.5959313250876684 0.02105388568479185 0.17832955154212762
6 0.9945431047879261 0.5964262029286899 0.010913790424147862 0.1525073912337021
23 0.9291385391211222 0.5999699886425048 0.0176456026681052 0.1579761412337021
6 0.9452581840781681 0.5942148664835263 0.018549683400799565 0.16033352800317716
23 0.9151579262762519 0.6017779504930579 0.018549683400799565 0.16033352800317716
23 0.8744510391211222 0.6009245625057668 0.029053414178923022 0.07778012662320535
6 0.8128960634313817 0.6051268672943052 0.03784856004047974 0.09666649431795715
23 0.8460361120519007 0.610804122976348 0.027821784825709274 0.06917273985373029
23 0.23608457993972515 0.6253606899364558 0.018385909090540054 0.15720852800317714
23 0.17358457993972515 0.6264516314944694 0.013868827453334287 0.13059148092527656
23 0.19068687075832802 0.6394465093354909 0.014609133875769408 0.12982386769475163
6 0.2856275565339768 0.6456089602289953 0.01625019900463176 0.14624375446422685
6 0.33587321799936604 0.6494237069825843 0.019781312754013226 0.16894091477265238
6 0.30223852442180116 0.6492288380700166 0.020521619176448347 0.16817330154212762
6 0.31967168588719036 0.653616329141563 0.01862824852966192 0.1767261412337021
6 0.4014982179993661 0.6482782183466702 0.019000062754013315 0.16892727800317714
6 0.38525574230962556 0.6516895905056487 0.017809376978364443 0.1611011412337021
6 0.2703301051544958 0.6521316956184986 0.01846779624566981 0.15877102800317716
6 0.3516619923096255 0.6522759715930809 0.019371876978364445 0.16112841477265238
6 0.43455637946475534 0.652392974028713 0.018795344866188658 0.16502102800317714
6 0.46753265377501485 0.6549452297107559 0.017563715512975264 0.1564136412337021
6 0.3689723230423202 0.6543197126646272 0.017399941202715662 0.1532886412337021
6 0.4504679845077094 0.6575889886392096 0.017028126978364356 0.16108750446422687
6 0.41773737166283914 0.6597242329571668 0.0180550384437538 0.1657886412337021
6 0.48340331524040403 0.6593599943212525 0.01887723202131859 0.16658352800317716
23 0.21530841248144209 0.6765510430207109 0.021865033921197964 0.04487216923687924
6 0.646926904679526 0.6760547962704171 0.0188362884437538 0.16580227800317715
23 0.6636607033000449 0.6820184241114384 0.020357844866188836 0.16504830154212763
23 0.6314656789897855 0.6794525316599205 0.02146664348670768 0.17131193831160269
23 0.763609793643678 0.7240638279270423 0.02003029624566981 0.15879830154212762
23 0.9437476729968916 0.7295211209477532 0.02852114767057934 0.06762387662320535
23 0.13683593170331892 0.7608090405850789 0.02285100180902231 0.04879205600635448
6 0.23572381105653256 0.7676845576312076 0.02848020409301446 0.06684262662320535
23 0.13994099954571476 0.8498988141240293 0.02223352611928182 0.051903419236879245
23 0.28113920963162303 0.8583816956184986 0.017481828357845418 0.15485114123370208
23 0.29746357247649324 0.8565328234595201 0.017318054047585997 0.1517261412337021
23 0.264732959631623 0.8586680677774773 0.018218812754013224 0.1689136412337021
23 0.378014209631623 0.8566907362035776 0.018222134780280543 0.15408352800317715
23 0.4772739032091879 0.8557401164802311 0.019000062754013135 0.16892727800317714
23 0.41103142751944743 0.8600242418856204 0.01871345771105908 0.16345852800317714
23 0.34594201605405817 0.8564685937520595 0.018140247625150784 0.15252102800317716
23 0.33052173394188256 0.860647579141563 0.017894586159761517 0.14783352800317714
23 0.36271675825214206 0.863213471593081 0.01887723202131859 0.16658352800317716
23 0.39540642751944743 0.8602969772751239 0.017891264133494112 0.16266364123370208
23 0.44392581467457715 0.8610139975676633 0.017318054047585997 0.1517261412337021
23 0.46173079036431763 0.8575753518697343 0.019289989823234776 0.1595659147726522
23 0.49302173394188253 0.8578111310907275 0.02010886137453216 0.1751909147726522
23 0.4284236454072718 0.8636304829571667 0.01834164348670786 0.1712573912337021
6 0.9088481298034395 0.8693200064994123 0.035996132971258275 0.10600058400953145
6 0.9652209605361343 0.8706819090972001 0.036200850859082576 0.10990683400953145
6 0.2328997834669127 0.8928481988649096 0.04898745590203681 0.11559377232113448
23 0.7144740100611644 0.90555533563768 0.019907465512975266 0.15645455154212762
6 0.771955639414378 0.9131536014659926 0.020279279737326482 0.14865568831160267
23 0.646955639414378 0.9153354845820199 0.017154279737326483 0.1486011412337021
6 0.6145901967413243 0.939359365669452 0.047510165083433975 0.10229888555165942
6 0.8745317627746978 0.975484231742646 0.010439533016686653 0.020476141233702096