6 0.29832523726965343 0.7590266928612287 0.0255325557551739 0.2919518192794722
6 0.5857888696784729 0.7490987972426554 0.028112695097847508 0.30217626543940634
6 0.15388751908913273 0.9016043009370721 0.018751306420763926 0.06768760517284952
6 0.42441822463621603 0.9031140104913483 0.021222342989895893 0.0732245513327836
6 0.7495818787965286 0.9006887263138307 0.022003592989895893 0.07324728338609461
6 0.17654442229951467 0.9345615534443545 0.016899172112083426 0.1222841769596041
6 0.7883359074818758 0.9198873557015748 0.016735517951770973 0.11525292695960446
23 0.8388996051451745 0.9426512542896491 0.022657556420763926 0.06780126543940632
6 0.15708656069225774 0.9718713368304494 0.01987739532659729 0.04898306927947225
6 0.42514622967020915 0.9679804925446597 0.021258057370694416 0.04121603338609461
23 0.03553821580250081 0.9558635550937072 0.012192835106111178 0.08779551669304766
6 0.7517814648525702 0.9616034942605193 0.02343815321038196 0.03425297954602868
23 0.21951382550989668 0.9669277725655421 0.01453593189572917 0.05429269490629274
23 0.12427406069225774 0.9728260830695257 0.01675239532659729 0.048892141066226816
23 0.13842747967020913 0.9763231561099216 0.011883057370694505 0.040943248746358664
1 0.10021896485257027 0.9805620267221773 0.02656315321038196 0.034343907759274116
6 0.47616386901288277 0.9766591590794225 0.038754028685347205 0.02142637061225585
1 0.2455314648525703 0.976333864806268 0.03046940321038196 0.03445756802583091
23 0.07521896485257026 0.98128945242814 0.010938153210381963 0.03388926669304766