6 0.72421875 0.00703125 0.01171875 0.01328125
23 0.5984375 0.003125 0.009375 0.00625
6 0.565625 0.01015625 0.04140625 0.0203125
6 0.86171875 0.05546875 0.03046875 0.09765625
6 0.91796875 0.05546875 0.03046875 0.11015625
6 0.82265625 0.0671875 0.009375 0.134375
23 0.80078125 0.10390625 0.025 0.059375
23 0.76640625 0.109375 0.0265625 0.07109375
23 0.66640625 0.11796875 0.009375 0.16953125
23 0.54921875 0.1484375 0.0109375 0.1625
23 0.5984375 0.1515625 0.01171875 0.16796875
6 0.6171875 0.15 0.01171875 0.16484375
6 0.81796875 0.27890625 0.025 0.075
6 0.753125 0.32109375 0.02421875 0.07890625
6 0.59453125 0.415625 0.0109375 0.16015625
23 0.6109375 0.4125 0.01015625 0.16796875
23 0.6265625 0.41875 0.01171875 0.153125
23 0.6421875 0.41484375 0.009375 0.17109375
6 0.81640625 0.45390625 0.02421875 0.075
6 0.8515625 0.45703125 0.0265625 0.06796875
23 0.54453125 0.53671875 0.02734375 0.0796875