9 0.12724533695273105 0.9771335699793191 0.2544906739054621 0.04573286004136179
6 0.778170513344584 0.9286542338876871 0.0606376068519765 0.05457895934118149
6 0.9071177069221488 0.9263730238701878 0.057185058231457475 0.04829259667409076
23 0.27130627544191327 0.39503759062700183 0.04793621099041943 0.03569259933959064
23 0.09428675203616492 0.3760165126511826 0.0471959045679843 0.036464758672817864
23 0.16405701944901946 0.3408506246419557 0.041191566033373574 0.04107953333863614
23 0.4295049570336905 0.2815461606063209 0.023175228403273886 0.06975851666931802
23 0.4803271506112554 0.28017401726609403 0.024123574739800802 0.05805794800286357
23 0.5232959006112554 0.27967403059359425 0.014748574739800801 0.05794886000159085
6 0.5865362070336906 0.2797189365850038 0.057226001809022264 0.04907384667409058
23 0.38686375565420955 0.2757961472788207 0.02662777702379291 0.07604487933640894
23 0.33673095884271287 0.2342177219525931 0.02083480042954129 0.054896585335772664
23 0.29709192673053725 0.23077509595800194 0.02436923620519007 0.06274544800286348
23 0.24363273405748348 0.20797394263209248 0.032147436680159916 0.0323857860041362
6 0.17882992763504837 0.20794721797422847 0.027453292627625192 0.06200056066995439
23 0.011646559108083172 0.20605909599777283 0.023293118216166343 0.04960055800445433
23 0.07681372625556739 0.20288809532145508 0.03568187245580867 0.0402346486712271
6 0.13454433910043764 0.20377788598027363 0.027207631162235922 0.05731306066995438
6 0.8907091299190405 0.18170596121105106 0.05694271879233561 0.028770437340863264
6 0.5330947037543302 0.15229391792650337 0.021121405472495525 0.06036533533577262
6 0.5808737844870248 0.1493956372533673 0.021039518317365592 0.058802835335772616
23 0.6976894702626735 0.14022862790423168 0.05388963986866315 0.07480055267345423
6 0.7600024417685425 0.038783759229822946 0.01869576831736559 0.05877556333545444
6 0.7190465711217562 0.03257340595163859 0.020790534825709094 0.06514681190327717
6 0.6366025633198401 0.026035324624058775 0.023959800429541288 0.05207064924811755
6 0.5892329183627942 0.022955914793535922 0.011336969696846744 0.045911829587071844
1 0.2678149417685426 0.047592615332590946 0.5237451164629149 0.09518523066518189