23 0.3697570055271136 0.4456689905976039 0.02510169292109108 0.04820176386770836
6 0.3393155373782791 0.4471594086256247 0.02335814364673059 0.06533471248093754
6 0.5999455025318887 0.4770598884896523 0.02726439364673041 0.06542563145888884
1 0.49594004881102444 0.49902776709874963 0.1779614413614466 0.9830333183886113
6 0.6035095013507623 0.5567292046940621 0.025892866604888452 0.07085801386770836
23 0.3240948198624166 0.5710515035153817 0.015295161702897886 0.16974945554708326
6 0.39987606986241664 0.5692876753431246 0.015322443554063269 0.17053070554708327
23 0.33514144726707834 0.5739219303771177 0.01195190689357446 0.1634267203647223
23 0.35866079282057467 0.5757201665094094 0.014404784298236172 0.16660627175149295
23 0.38209829282057467 0.575174652641701 0.012061034298236174 0.1665517203647223
23 0.3488592068857252 0.586112805852083 0.01574902948891275 0.16039263934267362
6 0.601619652253887 0.7936843440367356 0.025701893646730412 0.06538926386770819
6 0.6703795759376845 0.8147586038203813 0.02568207939624543 0.2660068597073959
6 0.6045660921797532 0.8780593440367355 0.025701893646730412 0.06538926386770853
6 0.6073761228497923 0.9585280940367354 0.025401793283910835 0.056795513867708536
6 0.41177344617077 0.9771547267298955 0.021294646641955416 0.028597778685347207
23 0.3730656102359206 0.9882201665094094 0.00962053666048881 0.007249455547083272
23 0.3620189828312589 0.9853497396476734 0.00986607332097771 0.014280705547083272