6 0.15601426386770836 0.021277954935422647 0.015153527735416717 0.042555909870845295
6 0.7671154180280209 0.019420972090688486 0.015480836056041624 0.03884194418137697
6 0.13399379350298612 0.015184989261748424 0.01953190321038196 0.03036997852349685
6 0.40274379350298617 0.011286442118853518 0.021094403210381963 0.022572884237707036
23 0.014299542553055595 0.043630656720115464 0.012192835106111188 0.08726131344023093
6 0.7293062935029861 0.006552492016766847 0.02343815321038196 0.013104984033533693
23 0.1982933360560417 0.058169872509344286 0.016117922112083426 0.11633974501868857
23 0.10219958605604171 0.0595792598146474 0.017680422112083427 0.1191585196292948
23 0.11697060087368061 0.056014577741550484 0.013610517951770928 0.11202915548310097
1 0.07968880642076395 0.0662327537609237 0.028127612841527892 0.1324655075218474
6 0.45547005642076394 0.06086798917944732 0.04219011284152785 0.12173597835889464
1 0.22445644576343757 0.07432038690959171 0.03328789152687515 0.14864077381918342
23 0.054071210581076445 0.07353110538733196 0.01361117116215289 0.14706221077466392
6 0.01942476006798622 0.12921012688046185 0.022730291603125063 0.0709262654394062
23 0.36274096181534743 0.23492395163671737 0.024656467514930648 0.08659672954602886
23 0.3348159835668405 0.24433605555592566 0.02283939437666671 0.07561376543940615
23 0.27293423261690997 0.27271711982083285 0.016427699847500143 0.16911371285298146
6 0.022262085390451627 0.28470160893377316 0.02118858824024323 0.20594612311953817
6 0.6079651556789238 0.3583457651102018 0.04317138459302079 0.1441280847188784
23 0.571319140861285 0.3625391716158348 0.02645535685760425 0.09679844365265158
23 0.33770720706569474 0.3685548055559257 0.025310430945798677 0.08115071159934022
23 0.06824934545843785 0.41313884600164946 0.024656467514930624 0.08659672954602886
6 0.027224955165833696 0.4307498948271505 0.020259255033993107 0.06538931927947225
6 0.13807218939826427 0.4572321753102514 0.045631422680764325 0.5181649782923877
6 0.8475926597629865 0.4428414709035543 0.021949041603124896 0.07090353338609497
6 0.810129027354167 0.44549510946249865 0.022003592989895893 0.07324728338609496
6 0.42958754217180595 0.4534406194251215 0.026131967799271117 0.2841620513327836
6 0.40547789494534764 0.45883281307777307 0.02756718123013897 0.27873876543940634
23 0.10656826947038237 0.4808204394960164 0.02100675028434047 0.19813362311953817
23 0.45040984165871567 0.5083410680923379 0.01631859707395833 0.16442621285298137
6 0.6106031124602783 0.5388599792168245 0.04293564846072932 0.16754285266556704
23 0.5747019800514588 0.5414681536691461 0.027054768901701463 0.08900867570596276
23 0.02662815596326437 0.5730510550937072 0.017336236416632088 0.17460519490629273
23 0.48923725873680607 0.5642811795333935 0.024711018901701465 0.08894047954602904
6 0.17782763326184078 0.5866325188046184 0.03147343123013915 0.2788524257059629
6 0.2084600374221533 0.5927772187254762 0.025695556705104393 0.2654120513327836
23 0.0752663309251394 0.6138518998417155 0.02223998233256952 0.08340353338609496
23 0.3573527855222922 0.6416058606496329 0.0159555743725349 0.18237223079967002
23 0.2935266748649658 0.6536261390211628 0.030597996200277856 0.10706835391920819
23 0.5168739090973964 0.6768350038274307 0.015591898460729326 0.16674723079967002
23 0.3745773063238548 0.6762847375300947 0.01806424145062522 0.23942621285298138
23 0.39045687946211866 0.6867675964638679 0.019027329406528005 0.24726144490629273
6 0.4937091660312506 0.689235715426771 0.02645535685760425 0.09679844365265158
6 0.8626591877827436 0.6870999362638182 0.020441092989895892 0.07320181927947225
6 0.07663076880479226 0.7060621318950269 0.017915505033993105 0.06532112311953817
23 0.4706171581474659 0.7047614270261111 0.017935648460729325 0.1668154269596041
6 0.44083939237989644 0.7353354771052534 0.036612260067986215 0.1306649782923877
23 0.030846796540208964 0.7543010550937073 0.017572625759305717 0.18476144490629273
6 0.6167667659550007 0.7700872471635132 0.04239013459302097 0.14410535266556684
6 0.5497429201153132 0.7790734537482884 0.03895601006798621 0.13073317445232177
23 0.0797395446403479 0.8060393998417155 0.02362064437666671 0.07563649749271732
6 0.8177305071212853 0.80567409151581 0.023060865975659796 0.2528438551728495
6 0.2767424844198618 0.8393961544605689 0.023114764152048828 0.2216165872261609
23 0.29580160894489654 0.8521318351810969 0.01668227298576408 0.18005121285298137
23 0.2529601455140285 0.8588508481132205 0.01739078780340293 0.17694894490629273
23 0.7991448144919799 0.8468673928485935 0.015719185029861294 0.17221598079967002
23 0.2352459686522924 0.8703111853393815 0.01775381050482654 0.1590029269596041
23 0.3655341871171536 0.9259353965430102 0.013138392476805727 0.12842051669304766
23 0.04825576813920217 0.9312583601874145 0.015663980432708446 0.13630121285298175
6 0.19075173945385493 0.9067858944314391 0.02129703780340293 0.17706260517284952
6 0.6212393264598272 0.9286582651102018 0.04391561379145834 0.10901729882550093
6 0.1595926584318063 0.9116014265638928 0.021896449847500145 0.16927283722616088
23 0.28544795003493134 0.9782995300873896 0.022529616641249993 0.028761497492717326
6 0.261465589377605 0.9891604737400412 0.017369337955902786 0.00831260517284953
6 0.5405348403275354 0.9544598986545811 0.019387086056041624 0.06146033722616053
6 0.5646808551451744 0.9506302050019297 0.021095056420763925 0.06775580133278325
6 0.5163888255098966 0.9582895923072329 0.016098431895729348 0.05433815901291581
1 0.7646808551451744 0.9448107993542265 0.03359505642076392 0.06811951418576498
6 0.7210035903275355 0.9492087943396615 0.021730836056041626 0.061528533386094965
6 0.49380531069225775 0.9620738218532617 0.018314895326597202 0.04893760517284953
6 0.23795535419524388 0.9867174353393814 0.012809124525034753 0.013644962852981734