23 0.713492309591593 0.9560723615983555 0.012112863125944884 0.03400758547526337
6 0.886717706988992 0.9184729080245837 0.021912068331146627 0.09519975346004124
6 0.4568782885449057 0.9602637489742358 0.04335515785015538 0.04853034190105419
6 0.9170044464656483 0.9141064015987931 0.023884092008670164 0.10229467045623544
23 0.7947500148673823 0.9394485942981501 0.0246429552052021 0.061797004448624196
6 0.8189687648673823 0.9384617558571369 0.0215179552052021 0.061669670456235434
6 0.48878844120397646 0.9299886585560564 0.026364349901177954 0.1047339209505271
23 0.6638339438348124 0.9236392049822847 0.02624325256024882 0.07589133794672165
6 0.5341772649379696 0.8756712316740302 0.030163455064027643 0.21010717045623545
6 0.5089952544146258 0.8735649036131404 0.032871226110715135 0.2164526709505271
6 0.5580242886154928 0.8817474767311143 0.025438157708981102 0.19588550296574958
1 0.3095489912604462 0.8777761956279255 0.044999499788238494 0.22396142342198502
6 0.3527452544146258 0.8799316032325797 0.032871226110715135 0.2164526709505271
6 0.5818335149379695 0.8737293882901014 0.028600955064027645 0.2100435034600409
6 0.8384853333397035 0.8836323344123184 0.022328568260559935 0.16925933596955503
23 0.637218964952087 0.856593626427103 0.02329182878390341 0.17241616946765248
23 0.7901164517979073 0.8464480108000527 0.02917083148532651 0.09939250494291585
6 0.8146159228587122 0.8368355888609426 0.02468075256024882 0.07582767095052709
23 0.6793231649662044 0.8399990340317574 0.023375128769786 0.18722808596955504
6 0.6238089123353685 0.8414779623966583 0.014895499858825545 0.14869216798477752
6 0.3695008439336344 0.8314795157801498 0.017239249858825634 0.14878766847906916
6 0.6568643360411267 0.8174210384803817 0.026880289391951705 0.08682883794672165
23 0.4815003149944393 0.8183017420541535 0.02838958148532651 0.09936067144481875
23 0.24007167819097117 0.7874177924718955 0.020621855092262643 0.18010133547526355
23 0.7809627177240973 0.70272984429815 0.02546200256024882 0.07585950444862419
23 0.8219139414157379 0.6932301688989986 0.02793455517696728 0.09154817144481875
6 0.389245654584035 0.6998965933467479 0.03710297077845617 0.2891089209505271
6 0.41272865721487095 0.6997228384038321 0.03696646288594838 0.2867651709505271
1 0.724447407214871 0.6870212726630509 0.08234685232025232 0.32992226334587293
23 0.8000165546122698 0.6534010063514286 0.020948078783903413 0.17232066897336082
23 0.6110072625188951 0.6485728793928527 0.019256776167184953 0.15666383547526355
23 0.6239244914722077 0.6417817099252003 0.021547318260559757 0.16922750247145793
23 0.6669842467338796 0.6415933675298546 0.022973310368051968 0.16694741946765249
23 0.6515944651638484 0.6328232039937014 0.020166828783903412 0.17228883547526355
23 0.7750396704396378 0.6144804277962471 0.02389950256024882 0.07579583745242999
6 0.3223318993929503 0.6266620231945235 0.019256776167184953 0.15666383547526355
23 0.29655064939295034 0.627712528631731 0.030134092008670166 0.10254933844101313
23 0.8475748230987085 0.5825499954770136 0.020311041952200525 0.16138316897336083
6 0.8327009810194511 0.555747414944666 0.0148954998588259 0.14869216798477752
23 0.6391946337491092 0.4602624544879929 0.02128971302712266 0.1380411694676523
23 0.6240778679640936 0.4561797909518397 0.021092291952200526 0.16141500247145793
6 0.6527643100857032 0.43778261802414625 0.025445862984770428 0.1826360864638467
6 0.7450505206231643 0.42227568175057995 0.015039713027122658 0.1377865014828748
23 0.7861004548522663 0.40102542285333137 0.021274302475544005 0.16454000247145792
23 0.8384897074831021 0.3996738284808192 0.023436041952200524 0.16151050296574948
23 0.7724551838055789 0.3953165923209837 0.025119639293129836 0.19041675296574959
23 0.7568756864364148 0.3967345122829276 0.0234283366764112 0.1747599194676524
6 0.8235626574972196 0.38540308144656876 0.01660221302712266 0.13785016847906917
23 0.6755130233951746 0.27710244460216116 0.022722681386504462 0.20278941897336072
23 0.7446879576242765 0.2547061797734136 0.027343020976100262 0.08139192144481874