9 0.75 0.02109375 0.5 0.0421875
23 0.16015625 0.62578125 0.0546875 0.02734375
6 0.45390625 0.63515625 0.09765625 0.046875
23 0.265625 0.696875 0.021875 0.07890625
23 0.46171875 0.70625 0.05390625 0.02109375
1 0.16796875 0.7140625 0.0640625 0.1
23 0.9984375 0.79375 0.003125 0.04921875
6 0.89609375 0.85234375 0.02265625 0.06796875
6 0.94921875 0.85546875 0.028125 0.075
1 0.16328125 0.86953125 0.06015625 0.11015625
6 0.30546875 0.93125 0.084375 0.0375
6 0.4671875 0.96953125 0.053125 0.02265625
23 0.2984375 0.99140625 0.059375 0.0171875
23 0.8875 0.9859375 0.0296875 0.028125