9 0.6986976973112105 0.9701792098981865 0.5022109531885033 0.04800552673454206
23 0.1405442763464244 0.3723551633115919 0.05612052521477064 0.02798009667409058
6 0.4347855992772029 0.3595620726050483 0.10011286465389269 0.048011333346590315
23 0.2497388919048281 0.30003417329727433 0.02601030133405242 0.07916078866963616
23 0.44632396483560666 0.288377415937321 0.05501172659425162 0.02172100600731781
1 0.15298340061125543 0.28398300664386467 0.06930327792830412 0.1007454346753633
23 0.9876283955228728 0.19463212786446077 0.005704445386587054 0.04925511266709091
6 0.8883554138402385 0.13722925521168744 0.02621834124814413 0.06823237933640894
6 0.941644188150498 0.1334860898711423 0.032055583446228296 0.07532726400381798
1 0.15644367254666572 0.12856880064450102 0.0659292944366475 0.11085623134149962
6 0.3018657151742909 0.06519554929186555 0.08634029172311405 0.038481792011454005
6 0.46559070047496987 0.025032531269912006 0.05431236374938138 0.02327441534054513
23 0.29798712064678634 0.007030155315091749 0.06027575870642732 0.014060310630183499
23 0.8867630156038322 0.008985362607434544 0.03116146879233561 0.017970725214869088