23 0.9014781321291672 0.315625 0.02141369773041433 0.05390625
23 0.8896105599893158 0.409375 0.028881457349061536 0.06640625
23 0.16948654374724698 0.47109375 0.02664683475372307 0.06953125
6 0.20305301189608155 0.471875 0.033933545098009346 0.09921875
23 0.07875241634258526 0.47421875 0.026401298093234216 0.0625
23 0.027862038937923543 0.47734375 0.027400802902557652 0.06875
23 0.13949894338442728 0.4796875 0.026783244009550254 0.0734375
6 0.8322221567239385 0.48671875 0.02712798439090349 0.0609375
23 0.04827868794213166 0.60859375 0.015612620233085583 0.15625
6 0.029392278686304518 0.6125 0.017939012065717564 0.178125
6 0.012958746835139087 0.61328125 0.014694960977258443 0.15234375
23 0.08162690128164281 0.615625 0.01488593393541644 0.1578125
6 0.0654116242398008 0.61015625 0.015749029488912724 0.16015625
23 0.09563483757931195 0.6171875 0.015749029488912703 0.16015625
23 0.1363144012816428 0.615625 0.02770090326537735 0.07734375
23 0.0011687386618841546 0.61796875 0.002337477323768309 0.16171875
6 0.1979240238769811 0.61875 0.03616816769334763 0.09609375
23 0.16489326906765767 0.625 0.02661955290255764 0.06875
23 0.7749131098118305 0.62890625 0.015639902084251034 0.15703125
23 0.8374131098118305 0.62890625 0.011587319144626207 0.13046875
23 0.8205430683420183 0.6421875 0.012341287293461178 0.1296875
6 0.725738999830364 0.65 0.013695456167934949 0.14609375
6 0.6755753087233713 0.6546875 0.016830379851732503 0.16875
6 0.7091963405745367 0.65390625 0.01758434800056712 0.16796875
6 0.6918451494675443 0.65859375 0.015540698363386696 0.1765625
6 0.6099503087233714 0.6546875 0.016049129851732503 0.16875
6 0.6262474313187096 0.6578125 0.014995061340078131 0.1609375
6 0.7411457450210406 0.65625 0.0156944657865818 0.15859375
6 0.6598411813187097 0.6578125 0.01655756134007813 0.1609375
6 0.576974117616379 0.659375 0.015912720595905226 0.16484375
6 0.5440524902117172 0.6625 0.01483137023308565 0.15625
6 0.6425718357652134 0.66015625 0.01472224282842376 0.153125
6 0.5611581446582209 0.66484375 0.01421381134007813 0.1609375
6 0.5939160809558899 0.66640625 0.01515875244707061 0.165625
6 0.5282637991047245 0.6671875 0.015967284298236174 0.16640625
23 0.7965772894860776 0.6796875 0.021086315516429366 0.04453125
6 0.36508175282558886 0.68671875 0.01594000244707079 0.165625
23 0.34845724801626543 0.69296875 0.017475220595905228 0.16484375
23 0.3805976254209272 0.68984375 0.018474725405228654 0.17109375
23 0.24927321435100147 0.73671875 0.01725696578658189 0.15859375
23 0.06928561398818177 0.7453125 0.02734623920022681 0.0671875
23 0.8764979132625423 0.7625 0.02200397477225664 0.0484375
6 0.7777603128997226 0.77109375 0.027318957349061358 0.06640625
23 0.8749502822296836 0.8515625 0.021331852176918176 0.0515625
23 0.7339433363133676 0.8625 0.014776806530754704 0.1546875
23 0.7175916500156985 0.8609375 0.014667679126092991 0.1515625
23 0.7503495863133676 0.8625 0.015267879851732502 0.16875
23 0.6370683363133676 0.8625 0.015530774679589321 0.15390625
23 0.5378223044622021 0.86328125 0.016049129851732503 0.16875
23 0.6041194270575405 0.86640625 0.01585815689357446 0.16328125
23 0.6691268681645329 0.86171875 0.015476210977258376 0.15234375
23 0.6846154589087059 0.865625 0.015312519870265894 0.14765625
23 0.6524750815040441 0.86875 0.015967284298236174 0.16640625
23 0.6197444270575405 0.86640625 0.015049625042409077 0.1625
23 0.5712523633552096 0.86796875 0.014667679126092991 0.1515625
23 0.5533927407598712 0.86484375 0.016502997637747187 0.159375
23 0.5221154589087058 0.865625 0.01704863466105593 0.175
23 0.5867955178017134 0.8703125 0.015349725405228654 0.17109375
6 0.1066169444807356 0.884375 0.03415179990733277 0.10546875
6 0.05028509892723931 0.88671875 0.03428820916315991 0.109375
6 0.7827702167132542 0.89609375 0.046979182121318 0.11484375
23 0.3015648567317876 0.9171875 0.01717512023308556 0.15625
6 0.24423350636896793 0.92578125 0.017683551721431278 0.1484375
23 0.3692335063689679 0.92578125 0.014558551721431279 0.1484375
6 0.4020088008340051 0.94921875 0.045734140651505585 0.1015625
6 0.14277764457340283 0.98984375 0.010084328130301135 0.0203125