9 0.6592091514042249 0.9042729465706862 0.19276511137453234 0.17713630669158958
6 0.36366760007017246 0.9865700152769117 0.02199450870642732 0.017432948002863567
23 0.4567182372253022 0.9839257259309576 0.024502033016686832 0.02058522000318135
6 0.3093485922682563 0.9801751119510023 0.019606493102595036 0.031459085335772484
23 0.40856734226825625 0.9790205972708665 0.016481493102595123 0.031422722668681756
6 0.09635394731121046 0.9771881139799554 0.09127345318850329 0.043223836012090545
6 0.4300373077812315 0.8226160559357302 0.06639960594746519 0.030442025342135894
6 0.3454133242895749 0.8134506886139569 0.0562024123699004 0.02954259667409076
23 0.44293345545181084 0.7553194679344576 0.05661184814554918 0.03735509667409058
6 0.3708061499338869 0.7311739906110934 0.023424211894930557 0.0596113573360908
6 0.4420603522178791 0.7123870806015484 0.0559976944820761 0.025636346674090583
23 0.48442483039401035 0.21688367659932126 0.024904824739800803 0.05806703866963625
23 0.441578911126705 0.21503991327182098 0.02243492198083885 0.07053067600254534
23 0.36388435832231447 0.11834727394972959 0.02202548620519007 0.06271817600254534
23 0.4044684147447496 0.11865580927754801 0.020749591248144128 0.06816874466899989
6 0.45014940694283345 0.11109730060473014 0.0223563568519765 0.054133516669318024
6 0.4970653505203984 0.10977061059836676 0.02165699400710608 0.055686926002545344
6 0.11309978629604711 0.10643071865054621 0.027576123360319827 0.06434431066995439
6 0.3922384096563669 0.03915921327977519 0.037619508706427315 0.017614761338317953
23 0.45868228120766447 0.02550916063614913 0.024041687584671047 0.05101832127229826
1 0.23849593396662644 0.03959775465468237 0.13238313206674715 0.07919550930936474
6 0.09564337064678637 0.008180124661841131 0.050900758706427275 0.016360249323682262
9 0.7157268193127339 0.08380009862350199 0.17792136137453235 0.16760019724700398