6 0.81171875 0.7359375 0.04140625 0.14765625
6 0.16796875 0.803125 0.02265625 0.2953125
6 0.98671875 0.9234375 0.01875 0.07578125
6 0.6609375 0.92890625 0.01953125 0.07421875
6 0.384375 0.93671875 0.0203125 0.07578125
6 0.04296875 0.94453125 0.0203125 0.065625
6 0.334375 0.953125 0.02265625 0.08203125
6 0.94921875 0.9390625 0.0140625 0.121875
6 0.76015625 0.94609375 0.0125 0.1078125
6 0.715625 0.95234375 0.00859375 0.09453125
6 0.74453125 0.95625 0.009375 0.0875
6 0.6234375 0.94609375 0.01484375 0.1078125
6 0.0140625 0.959375 0.01328125 0.08125
6 0.98671875 0.9828125 0.0203125 0.03359375
6 0.6609375 0.9859375 0.01875 0.028125
6 0.04296875 0.98984375 0.0203125 0.0203125
6 0.384375 0.99296875 0.0203125 0.01328125
6 0.80234375 0.61796875 0.0203125 0.08671875