1 0.4862993481455492 0.03319364509066856 0.16478619629109836 0.06638729018133711
23 0.34053979081860286 0.010345935370469659 0.008423331637205766 0.020691870740939318
23 0.2836723151288624 0.013965268263944572 0.007969630257724791 0.027930536527889144
23 0.3117973151288624 0.013719806413391511 0.007969630257724791 0.027439612826783023
23 0.27059578301668674 0.01799083999685231 0.009160316033373483 0.03598167999370462
23 0.32684578301668676 0.017506734680483773 0.010722816033373484 0.035013469360967546
23 0.25315929952503013 0.028122237115291937 0.013308905472495436 0.056244474230583874
23 0.29810330732694623 0.020884014915774417 0.011050364653892508 0.041768029831548835
23 0.22491479081860288 0.011416421774270505 0.022485831637205765 0.02283284354854101
6 0.0853819793077851 0.09310907183466702 0.02388895861557021 0.18621814366933404
6 0.10503606004047975 0.09434824350717824 0.019576594866188835 0.16503466477265236
6 0.0629304471956095 0.09702456087679456 0.025819950813654114 0.19404912175358913
23 0.23040455223856365 0.09919761039115105 0.024904824739800803 0.05819432954530477
6 0.388623165987945 0.11911286972664188 0.029012470601357875 0.07699887662320544
23 0.23577148292582972 0.18668397362167585 0.030329309135968607 0.07233865016215577
23 0.610976200813654 0.18404457427359427 0.02769895409301455 0.06682898985373029
6 0.7112628058566083 0.1877678177807725 0.029834664178922665 0.07779376339268063
23 0.6559478640880657 0.23643318872193508 0.018508739823234775 0.15955227800317723
6 0.507629872794493 0.25622531169169255 0.01978463478028054 0.15411080154212753
6 0.6163398094746528 0.2863883242735943 0.02872586555840364 0.07153012662320543
6 0.7173667209400421 0.28931668101129737 0.023096663274411712 0.05347955600635439
6 0.2001426786511012 0.46177547686808673 0.03287221223361483 0.28468864569792895
6 0.17718653550307764 0.5161317402607674 0.02557096732199753 0.2049465986200282
6 0.15933729420950488 0.5336465227281714 0.01846779624566981 0.15877102800317716
6 0.13738040705437515 0.5324658522734762 0.02512058796878387 0.1963528486200282