6 0.6777667372008903 0.97890625 0.016071280878812287 0.0421875
6 0.6590167372008903 0.97890625 0.01763378087881229 0.0421875
6 0.3801846950393068 0.92265625 0.021688446555645412 0.1546875
6 0.35909094503930683 0.92265625 0.024032196555645414 0.1546875
23 0.12111958359825112 0.88515625 0.013253820928824833 0.16015625
23 0.11036394002474186 0.87890625 0.013162892715579489 0.15703125
6 0.423917974664478 0.86953125 0.025910596793072217 0.24609375
6 0.5015177889293853 0.80703125 0.022912314264907252 0.0625
6 0.52676784151581 0.7984375 0.024543010424841326 0.06484375
23 0.6331231415949523 0.76796875 0.013481141461938151 0.16796875
6 0.6741573185545564 0.75390625 0.015438446555645413 0.1546875
23 0.6475948185545564 0.75390625 0.013094696555645413 0.1546875
6 0.6601857467678018 0.75078125 0.015597570928824921 0.16015625
23 0.5298450289002553 0.71953125 0.024224761678482486 0.05390625
23 0.5042001712201234 0.71484375 0.023284387305303154 0.0484375
6 0.5314961086045689 0.6359375 0.02259406551854859 0.0515625
23 0.396172374043975 0.61484375 0.014952713248692896 0.16484375
23 0.371885427884041 0.6171875 0.014035070928824745 0.16015625
23 0.38376330225722033 0.61171875 0.013162892715579489 0.15703125
6 0.5151867984962966 0.57890625 0.013003768342399979 0.1515625
6 0.6315535960681565 0.5265625 0.02585677249903533 0.27109375
6 0.6520252204413358 0.52109375 0.023422094285789896 0.26796875
23 0.5690799912910184 0.39140625 0.01245819906292791 0.1328125
23 0.5549947592377069 0.3921875 0.014035070928824922 0.16015625
23 0.3522107400373772 0.38046875 0.01504364146193824 0.16796875
23 0.36399768619731115 0.378125 0.013253820928824744 0.16015625
6 0.3399380605704906 0.37265625 0.015893087621872228 0.1703125
23 0.9721738990502926 0.365625 0.013549337621872225 0.1703125
23 0.958915381103604 0.36484375 0.013944142715579488 0.15703125
23 0.471619969583406 0.3578125 0.014725392715579488 0.15703125
23 0.4482506657433401 0.35546875 0.013322017088758997 0.1625
6 0.4828075221698308 0.34921875 0.012063393969220649 0.14609375
23 0.46012854011651944 0.35 0.01442151583511766 0.1734375
6 0.3818587876092369 0.328125 0.024362468658969228 0.2734375