23 0.2984375 0.003125 0.059375 0.00625
23 0.88671875 0.01015625 0.0296875 0.0203125
23 0.4703125 0.03046875 0.040625 0.02578125
23 0.88984375 0.06640625 0.03359375 0.0484375
23 0.084375 0.10625 0.0203125 0.065625
1 0.475 0.13203125 0.06875 0.11796875
23 0.8890625 0.146875 0.0328125 0.0484375
23 0.8921875 0.22734375 0.03359375 0.0484375
23 0.0828125 0.22734375 0.01796875 0.0703125
6 0.465625 0.259375 0.0734375 0.04296875
1 0.26953125 0.26796875 0.065625 0.19375
23 0.8921875 0.30859375 0.02734375 0.05
23 0.61484375 0.325 0.040625 0.02109375
23 0.70703125 0.3328125 0.04765625 0.015625
6 0.3515625 0.34375 0.01640625 0.06484375
23 0.61171875 0.3703125 0.04609375 0.0203125
23 0.6984375 0.37578125 0.0484375 0.02421875
23 0.8890625 0.3796875 0.0203125 0.0390625
23 0.69921875 0.42421875 0.03828125 0.02265625
23 0.61015625 0.4265625 0.04921875 0.028125
23 0.48515625 0.45546875 0.05859375 0.02265625
23 0.35 0.45625 0.0609375 0.02421875
23 0.7078125 0.478125 0.04296875 0.0125
23 0.615625 0.48125 0.071875 0.02578125
23 0.2453125 0.4796875 0.01796875 0.0640625
23 0.09453125 0.48515625 0.0171875 0.075
23 0.84765625 0.48671875 0.04375 0.03671875
23 0.13828125 0.48828125 0.0171875 0.08125
23 0.9265625 0.5125 0.05546875 0.025
23 0.70078125 0.52890625 0.053125 0.021875
23 0.6125 0.5375 0.046875 0.01953125
23 0.84296875 0.5421875 0.03515625 0.0203125
23 0.9359375 0.5671875 0.0609375 0.0296875
23 0.83828125 0.59453125 0.04375 0.03515625
6 0.92890625 0.61484375 0.053125 0.01953125
6 0.84375 0.653125 0.06015625 0.03359375
23 0.8921875 0.75546875 0.06875 0.07734375
23 0.975 0.753125 0.05 0.06640625