6 0.6221925578815171 0.7111075801690273 0.015558056530754882 0.1549238893426736
6 0.7810864082443368 0.7160100196642007 0.01375994355406327 0.17049433795590296
6 0.11815982230948738 0.7416043121203473 0.01458583357259675 0.14943695554708328
6 0.6612104178629836 0.7313103241851037 0.013995556530754705 0.15488752175149295
6 0.30269851341647996 0.7420004363610415 0.015431570958724983 0.17365570554708326
6 0.16722480488629224 0.7584456667937498 0.015639902084251034 0.1572676393426736
6 0.49037461740749677 0.8322403106017358 0.015131470595905227 0.16506195554708328
6 0.4733235266633239 0.8365466041047218 0.015431570958724983 0.17365570554708326
6 0.529084942542573 0.8884169222089927 0.025811021051392304 0.06851426386770854
23 0.9006970145976062 0.6483295975521173 0.016021848000566764 0.16820513934267362
23 0.8874976101511027 0.6509824720771521 0.01933782095872516 0.17374662452503475