23 0.9921875 0.4265625 0.015625 0.05625
23 0.95625 0.4359375 0.01796875 0.07421875
6 0.91328125 0.44140625 0.02109375 0.0640625
6 0.82265625 0.4671875 0.04765625 0.0328125
23 0.996875 0.5734375 0.00625 0.05625
6 0.83046875 0.57734375 0.05703125 0.0359375
6 0.91796875 0.64453125 0.0734375 0.05078125
23 0.996875 0.68671875 0.00625 0.0734375
6 0.828125 0.84140625 0.0703125 0.06015625
6 0.95546875 0.84921875 0.07578125 0.05546875
9 0.15234375 0.88984375 0.3046875 0.2203125
6 0.8265625 0.95546875 0.06171875 0.05859375
6 0.95390625 0.9609375 0.0609375 0.046875
23 0.93359375 0.1421875 0.05 0.01953125
6 0.9890625 0.18828125 0.021875 0.1046875
23 0.925 0.1953125 0.05625 0.0203125
9 0.0625 0.23984375 0.12421875 0.15703125
6 0.9265625 0.24375 0.0484375 0.02578125
1 0.97578125 0.32109375 0.0484375 0.0640625
23 0.83828125 0.32421875 0.05 0.01875
23 0.9078125 0.3328125 0.02890625 0.07109375