6 0.6131720894782285 0.24921875 0.02820933475372307 0.06953125
23 0.7457787144358194 0.41171875 0.011450909888799288 0.1265625
23 0.7879934962869849 0.4109375 0.012150314335302958 0.12421875
23 0.7738491507334887 0.41328125 0.01309525544229544 0.12890625
23 0.7603223640729998 0.4203125 0.012341287293461001 0.1296875
23 0.7305803003706689 0.421875 0.0169667891075596 0.17265625
23 0.7032638322218343 0.42109375 0.015639902084251034 0.15703125
23 0.6752206777753307 0.41875 0.014722242828423937 0.153125
23 0.9054438911148418 0.42578125 0.012259441739964672 0.12734375
23 0.6892558959241653 0.41953125 0.016366588381920268 0.15546875
23 0.7164632366683381 0.4234375 0.015830875042409077 0.1625
23 0.8688069866683381 0.4234375 0.012822436930641602 0.12109375
23 0.6609672048171726 0.42421875 0.013077897274927608 0.15078125
23 0.8188689848542395 0.46640625 0.029154275860715728 0.07421875
23 0.814541094202734 0.56796875 0.02767362141421188 0.0765625
1 0.496882368249351 0.53671875 0.19329377548219745 0.9265625
6 0.959697337579312 0.6171875 0.016557561340078308 0.1609375
6 0.975322337579312 0.6171875 0.011870061340078309 0.1609375
6 0.5954984283234849 0.62109375 0.025592766242068875 0.06171875
23 0.7057712402117171 0.6625 0.013122537293461 0.1296875
23 0.6782092354023936 0.66875 0.012341287293461001 0.1296875
23 0.6507290761465665 0.67265625 0.014149323953949989 0.13671875
23 0.6645187576349123 0.68046875 0.011423628037633905 0.12578125
23 0.6364756031884087 0.678125 0.012041186930641245 0.12109375
23 0.6910539757837469 0.68125 0.012286723591130056 0.128125
6 0.615218162081416 0.6828125 0.012859642465604181 0.14453125
23 0.8113937576349123 0.68046875 0.0278001069862416 0.0578125
6 0.7376015935697617 0.690625 0.015721747637747186 0.159375
6 0.8355455310485572 0.771875 0.022636435749515016 0.20078125
6 0.8039309432996091 0.8046875 0.03496033175849824 0.10625
6 0.5895137792344587 0.81484375 0.02675596215838496 0.07265625
6 0.9266591151693081 0.825 0.016502997637747187 0.159375
23 0.7437349985644196 0.8953125 0.029099712158384784 0.07265625
23 0.6277900508340051 0.94921875 0.009796640651505584 0.1015625
23 0.6831223915781779 0.953125 0.01030507213985139 0.09375
23 0.6548882641735162 0.95625 0.010086817330527964 0.0875
23 0.6971848915781779 0.953125 0.01030507213985139 0.09375
23 0.6408257641735162 0.95625 0.011649317330527964 0.0875
23 0.7153991782386668 0.94609375 0.013893863609663626 0.10703125
23 0.6697320141735161 0.95625 0.011649317330527964 0.0875
23 0.7413242719780646 0.98671875 0.022021332939624473 0.0265625
6 0.8847468897640794 0.99609375 0.014335318511654548 0.0078125
6 0.9074031397640795 0.99609375 0.01589781851165455 0.0078125