1 0.43107589447357597 0.5456039123713949 0.17120230565826464 0.9087921752572102
6 0.3164113695879508 0.6730254513044187 0.024729855907673758 0.12278351502711474
1 0.908617053383541 0.6756894473955939 0.08620121808361177 0.48168633723582166
23 0.317086782866319 0.5097260205862595 0.025565004084062613 0.09154260538619426
6 0.8536081239563538 0.387049128211949 0.04006914086128503 0.3790880571815924
23 0.6585333197197915 0.30855999296791714 0.01666474240055571 0.21256817769309713
6 0.6398924224933331 0.30376340865896173 0.01766419794763898 0.22194772287263698
6 0.5505422478157985 0.1477537822937245 0.018209058604965377 0.21179601805217674
6 0.4700942944529166 0.012111198082964934 0.025436411094166722 0.018895445745273885
6 0.6060317944529167 0.012902059322891679 0.01606141109416672 0.018840903590796175
6 0.969530490694513 0.9763009631100796 0.016861498100139018 0.04739807377984064