23 0.026866962915042692 0.993183509733256 0.010893234396167762 0.013632980533488137
6 0.6799919629150427 0.9950822584860111 0.011674484396167806 0.009835483027977788
6 0.35655446291504267 0.9941425426161556 0.010893234396167805 0.011714914767688711
23 0.11776860187919476 0.943635624877255 0.016093068746907014 0.11272875024548981
23 0.13318888399137035 0.9473920141726533 0.01572457654882311 0.10521597165469351
6 0.06952253166194969 0.8800011173882467 0.02823562188998179 0.23999776522350658
6 0.4297816802370402 0.7910219932625047 0.01904432835784533 0.15475113251355738
6 0.28837543023704015 0.7901993157657994 0.017399941202715662 0.15317954215447765
6 0.41530642243512406 0.7839043848512484 0.019740369176448346 0.16803238251355737
6 0.35967389812486456 0.786706677103922 0.018590626978364444 0.16099658733401762
6 0.3737363981248646 0.7867884903356386 0.0171100141334942 0.16254999697493772
6 0.34589800316781866 0.7811561138722054 0.019204780641837615 0.17271533733401762
6 0.3166642045472997 0.7872379422292324 0.018549683400799565 0.1602153373340176
6 0.33154889812486454 0.7865430506404888 0.0178912641334942 0.16255454215447784
6 0.27612109170242943 0.7854390928931624 0.018017416892456152 0.1500590873340176
6 0.26148205959025383 0.781446484481906 0.017604659090540053 0.15708579215447785
6 0.38812644674538355 0.780620303567355 0.017727489823234778 0.15942954215447766
6 0.40198422885755924 0.7846083667990716 0.01813692559888338 0.16724204215447766
6 0.30280642243512407 0.7832498789975159 0.01904432835784542 0.15475113251355738
6 0.24684302747807818 0.7774538760706496 0.018055038443753623 0.16567954215447783
23 0.09556713252103233 0.7711033612399267 0.018634892582196683 0.14693863251355738
6 0.12701852838258937 0.7525306232419793 0.044955053143074776 0.1275664637974508
1 0.5333913591152839 0.7525503666026798 0.08028388003058211 0.45892100292686633
6 0.5983922393730088 0.7201060261454044 0.012964746720639653 0.12816136143631846
6 0.608466602217879 0.7217276134794218 0.013582222410380141 0.1250409066158582
6 0.4747876430364819 0.7076645925985747 0.019067582541716987 0.05087669877033605
23 0.6267595788121307 0.7007338574292976 0.023052397670579337 0.06730112948849509
23 0.8712775407070612 0.6427633179070986 0.016127368271937215 0.1437999969749379
23 0.9136697585948855 0.6391025076022483 0.016536804047586173 0.1516124969749379
23 0.8442613393275803 0.6363542366232053 0.017522771935410474 0.15552329215447766
23 0.7465641457500153 0.6365673391807293 0.01748182835784533 0.15474204215447768
23 0.8584466700602749 0.6340922998549219 0.016291142582196726 0.1469249969749379
23 0.8855857021724505 0.6381576311388152 0.017399941202715753 0.15317954215447785
23 0.7182753714397558 0.6395287127172962 0.01867251413349429 0.1625590873340176
23 0.7607085329051451 0.6350866524124458 0.018426852668104843 0.1578715873340176
23 0.8301169521724503 0.6378349233914887 0.017358997625150606 0.15239829215447784
23 0.7324607021724505 0.6372667759490127 0.01887723202131859 0.1664653373340176
23 0.8014563636378398 0.6329792517485158 0.017850320555929146 0.16177329215447783
23 0.7880113393275803 0.636026983696339 0.016782465512975263 0.1562999969749379
23 0.77481197648271 0.6343872156441623 0.01768654624566981 0.15864829215447784
23 0.8171632507929694 0.631507655339312 0.017232844866188656 0.16489374697493792
23 0.9009617186807939 0.6280877395500716 0.020026974219402405 0.17350113251355737
6 0.4801955173013129 0.6193878877781146 0.02095430913596861 0.0719749939498758
23 0.39758441316286997 0.6001515535673552 0.01809598202131859 0.16646079215447784
23 0.3838494617833889 0.5938197403356386 0.01723616689245615 0.15005454215447783
23 0.3127557117833889 0.5934061289975159 0.01649586047002103 0.1508312469749379
23 0.43935915536095377 0.593361198082965 0.01892149762515096 0.15240738251355737
23 0.3401813489385187 0.5920027102814093 0.019740369176448346 0.16803238251355737
23 0.4251738246282592 0.5956231348512484 0.017113336159761516 0.14771079215447766
23 0.32677726820582403 0.5942691922292325 0.0186725141334942 0.1625590873340176
23 0.2715132360936484 0.590040234481906 0.017563715512975177 0.15630454215447767
23 0.3557244617833889 0.5936561138722054 0.018017416892456152 0.1500590873340176
23 0.28557573609364845 0.5901220477136226 0.018385909090540054 0.15709033733401762
23 0.2996791796712133 0.5894226109453392 0.01768654624566981 0.15864829215447784
23 0.2575326232487781 0.5883959212501895 0.01781269900463176 0.1461528373340176
23 0.37007356682634307 0.5882691771039219 0.018590626978364444 0.16099658733401762
23 0.4124657847141674 0.5846083667990716 0.020603506331578102 0.16959942769309713
23 0.6446132213943273 0.5539179447633152 0.017154279737326483 0.14849204215447767
23 0.6307144957045868 0.5507111315315987 0.017481828357845508 0.15474204215447768
23 0.152497642470655 0.5049470961146163 0.01826307835784542 0.1547465873340176
6 0.16667965117708228 0.48783686416679295 0.015554158186028922 0.1328624969749379
23 0.6737861442796773 0.4595275953290493 0.025351882066747145 0.08137271984757496
23 0.7697537415207153 0.447582107232906 0.01953565128862387 0.16412613251355737
23 0.881267773632891 0.4521383179070987 0.01526423111680728 0.14223295179539813
23 0.895289330055326 0.4530013811388153 0.01670057835784533 0.1547374969749379
23 0.8540468543655855 0.44963548662320535 0.017072392582196727 0.14692954215447768
23 0.812023128675845 0.4462650469280557 0.018099304047586175 0.1516215873340176
23 0.867491878675845 0.44658775467538214 0.017358997625150606 0.15239829215447784
23 0.7985781043655855 0.44931277887587895 0.018549683400799565 0.16021533733401744
23 0.7837343543655855 0.4492264204646226 0.019371876978364354 0.16100113251355735
23 0.82612657225341 0.44556561015977225 0.01748182835784533 0.15474204215447768
23 0.9237009350982802 0.44769625760224835 0.018099304047585817 0.1516215873340176
23 0.7283474915207153 0.44734121271729615 0.01949470771105908 0.16334488251355736
23 0.9098022094085397 0.4444894443705317 0.01686435266810484 0.1578624969749379
23 0.7559369029861046 0.4428127940011894 0.01846779624566981 0.1586528373340176
23 0.840230015830975 0.44486617339148876 0.017522771935410474 0.15552329215447785
23 0.743641620873929 0.4388338211285525 0.01891817559888338 0.16724658733401743