23 0.037360474896770995 0.6236011911069925 0.010848968792335534 0.02845238221398514
23 0.035067634553137945 0.5798511911069926 0.011012743102595035 0.031577382213985136
1 0.18655156942427556 0.568764902084251 0.20938272331489127 0.1562574676006804
1 0.39107529511401606 0.5727877470895931 0.2042005783578454 0.16153524464252236
1 0.6406415258921392 0.4988418487183572 0.2860315117586449 0.3242559886520727
1 0.17569155529078134 0.4061830565307547 0.20494088478028055 0.16078127649368792
1 0.37869372455808675 0.41093258783376596 0.20876524762515078 0.15935518574951502
1 0.5673556755988833 0.18669402358328097 0.273834726932936 0.2552058882892529
1 0.23746677973732644 0.1564583642426358 0.36399605947465286 0.30904270561978087
1 0.022264503618044613 0.09747520072563941 0.04452900723608923 0.19495040145127882
6 0.7194393967660682 0.06801348936986282 0.03575379353213641 0.08702877404661713
6 0.7513887596109384 0.06756954526764537 0.030080325644312112 0.08293155108845911
1 0.5472401701718166 0.04094501396463411 0.26948034034363316 0.05308039309857635
9 0.891959527928304 0.13096490107276068 0.21595030585660807 0.20717512685650755
9 0.9163292827048732 0.9036688280780805 0.1673414345902536 0.19266234384383907
1 0.07087117424008707 0.99453125 0.03807321008590827 0.0109375
1 0.21581850406827058 0.9736656784931208 0.2169285504295413 0.0526686430137584
23 0.8101826577317436 0.9973611611547437 0.03132524310259512 0.005277677690512661
1 0.5016055178630804 0.9156578825516757 0.30937607926235666 0.16868423489664863
1 0.7243779545432403 0.9567045314824588 0.09516641508343397 0.0865909370350824
28 0.8059997687675917 0.9608111137792996 0.03592088986866315 0.07533730589778287
1 0.24774685549318004 0.8882887176006804 0.09664370590203672 0.1180084447351895
1 0.1404699440277908 0.8798636039910168 0.08920302012638799 0.10995040807470069
1 0.17508288217828874 0.7368055739539499 0.15626104534115867 0.13958583357259685
1 0.45773160786802924 0.7435566040758348 0.13956819029820444 0.13354416469812272
1 0.3129137528250751 0.7330407116102305 0.14425569029820454 0.13370785580511538
1 0.7339665592475102 0.7469643793883962 0.1399776260738534 0.14135666469812272
1 0.5987284220923804 0.7406821191367772 0.14396908525525057 0.12823910580511538
23 0.041502420283358175 0.6728745048093234 0.012947057326946277 0.02384672776748147