6 0.800011613224096 0.7575467744539821 0.015027205362816787 0.217915542093375
6 0.6795627532225051 0.7762729296027145 0.015872090030226004 0.22342979472421068
23 0.6420263905554142 0.781582055882839 0.01318289469286249 0.19360578683170288
23 0.4302803685550961 0.7962570188393745 0.014009598026726166 0.19755753946253876
6 0.8201332092218688 0.7727699560522481 0.01342834269572606 0.2146995368317029
23 0.3927621872215506 0.8000036451194988 0.017998211370134687 0.2719582999858826
6 0.41153945922186874 0.7965678319794367 0.01283799669795318 0.23106028420086702
23 0.6029002558880052 0.7893259374246352 0.013101078691907908 0.1865745368317029
23 0.6232218465547779 0.7873616190229011 0.01662606802990769 0.22113154735504673
23 0.586466733887687 0.7926252426721895 0.011174952020999029 0.15523353157003114
23 0.6590411678867325 0.7954247480044486 0.011747664027680571 0.20445228157003115
23 0.18557639588641434 0.8253430922910189 0.014936298695089611 0.21010304209337463
6 0.3730127612190053 0.8198912108903971 0.013701062698907585 0.2381370368317029
23 0.5504019645528688 0.805655863690642 0.014963570695407746 0.21244679209337464
23 0.2995752612190053 0.8241684581889739 0.014064142027362437 0.20224503946253874
23 0.24481503588482348 0.8336036423474885 0.010884598026725988 0.19737552893919527
23 0.3362303765515962 0.8274985845396856 0.013982326026407855 0.19521378946253876
23 0.5706053765515963 0.8138477952889082 0.013982326026408032 0.19521378946253876
23 0.2034178765515962 0.8352340317817927 0.017906757359953306 0.19700380261671846
23 0.2814610605506417 0.8377150186982002 0.01415504869508961 0.21005753946253874
6 0.2267735605506417 0.840900202856715 0.01847946936663485 0.24622255261671847
23 0.35493492321773257 0.8303127713996232 0.01331016402768057 0.2045432868317029
23 0.3181798105506417 0.8355763950489117 0.011393128023544374 0.17398353157003116
23 0.26188435721677805 0.8427588344690982 0.016589705362816787 0.21800654735504638