1 0.5528570793738983 0.8474752669598591 0.22631791779696736 0.1818031046239888
1 0.7336633440732193 0.8155779701325692 0.094712713703953 0.11092263103285874
6 0.3916462624360135 0.7771205830244426 0.09690265547249552 0.06343007213985138
1 0.06447625282507512 0.7243650829396245 0.07077168193046153 0.3385739158792491
1 0.7244001294647553 0.6834648745790728 0.08920634215265544 0.09513393992586625
1 0.543811870758328 0.6600025488110244 0.22944291779696738 0.18191223202865067
1 0.7166142056748941 0.564660310876742 0.08875596279944169 0.08654018992586625
1 0.5313550570998037 0.4669519532575281 0.23413041779696736 0.18207592313564333
1 0.21495212912607103 0.4410863353866953 0.23453320952008133 0.21952135943331239
1 0.714221788782438 0.41485128383489994 0.14235899762515078 0.15703622840045348
9 0.8958984375 0.43204625143558034 0.208203125 0.8087921905588384
1 0.517786122794493 0.282440544001701 0.2313739099950512 0.18899804573098153
1 0.14550500904511154 0.24682541469812275 0.14075887607385332 0.14138394654928818
1 0.27724965400215745 0.2459672975450801 0.08635798111680745 0.1449429669677082
1 0.7015978787873868 0.2334921564302383 0.14606385176359388 0.13844991950744615
1 0.027061546245669817 0.15924851442797028 0.05412309249133963 0.31849702885594056
23 0.7606719063770067 0.11078383192813424 0.03279588986866315 0.0752281784931208
1 0.6861698733603199 0.087906837918584 0.10281514077317429 0.10184773139567849
1 0.16885622060135783 0.08231897059590529 0.22208744120271567 0.16060022721932726
23 0.7596582830166868 0.0468031774816305 0.03181656603337366 0.041661710344286264
1 0.4580415513340525 0.09475700552711361 0.30822965909054006 0.16750748084752431
1 0.1876348710970123 0.8721527969121079 0.09577724672063966 0.13123513103285872