6 0.08367310256225265 0.3894094924781526 0.02716612158778724 0.06398594365265158
6 0.12213628908001728 0.3944296130904083 0.03276330417661044 0.08365358597251964
23 0.15832850020488778 0.40094403754272995 0.02436860731976358 0.07092626543940614
23 0.19054168672265243 0.40578230172849494 0.02836690260503385 0.08976719365265158
6 0.30556737324041705 0.41303016356526195 0.03209121608726928 0.08597460391920819
6 0.3483905740262053 0.4111554264973857 0.03105525496239876 0.08048312186589701
23 0.5292595843652876 0.4250002808123054 0.02771193114108108 0.07570469365265158
23 0.49730110897239344 0.4256307666265404 0.026258593051739963 0.07800297954602886
6 0.6422326193114756 0.43842994648913847 0.030691381926869356 0.07267062186589683
6 0.9858364447364558 0.4594604781593736 0.028327110527088452 0.08374451418576498
23 0.7734291153825342 0.45785119939213226 0.03139985731976367 0.07113085391920819
23 0.703153002686087 0.4565865645941116 0.031945666873057374 0.08284960391920819
23 0.8113657630251694 0.4683173379510766 0.0288377834984459 0.06637515775927412
23 0.742761312239381 0.46944191725967865 0.03463401923042238 0.07356553213245362
23 0.8780267241500399 0.47571831248254065 0.033289843051739966 0.07820756802583091
23 0.8414171360606986 0.47699365597690757 0.03218110731976367 0.07115358597251956
23 0.9092767241500399 0.47662759461499427 0.0335252834984459 0.06651155007914226