28 0.7053424714639528 0.034566812086829185 0.03490369292790554 0.029102478292387646
6 0.5433690103390821 0.02439252705138169 0.010956770678164317 0.017483016693047426
6 0.5876455492142117 0.020219504090128106 0.01353596112487061 0.005855194906292794
6 0.5721297111248705 0.02210861302390129 0.013790672249741042 0.011323944906292783
6 0.5001455492142117 0.01767351411925796 0.01197346112487061 0.00580973079967011
6 0.1040346825888232 0.022531881037096954 0.014319365177646403 0.03942621285298145
6 0.6627547111248705 0.024745531208016796 0.025509422249741044 0.011664925705962902
6 0.014593346980681368 0.06205973079967011 0.029186693961362736 0.12411946159934022
6 0.2961151747309404 0.05932850204506405 0.019574099461880757 0.10199440901291548
23 0.3087607239451521 0.06281721489804551 0.01670381058675119 0.10737223079967011
6 0.3236044739451521 0.06324912391096098 0.01670381058675119 0.10737223079967011
1 0.3548758986760924 0.11487145988348058 0.040220547352184874 0.21026155007914227
23 0.7099615049623987 0.10023727619345187 0.02901972001621065 0.07028140775927424
23 0.6592530295695046 0.10032219272821472 0.03065499462331651 0.07188937186589692
23 0.764944411496374 0.17517509171200035 0.021485509924797343 0.1597841769596041
23 0.7135638480141386 0.17758102619345187 0.03301801530148083 0.08912233597251959
23 0.6612564853176915 0.17683922862159204 0.026765861248705038 0.055392193652651536
6 0.4005245006191725 0.2574143125490476 0.03920385690547867 0.22193483597251956
6 0.4303211625298314 0.2606218805748785 0.04410968072679644 0.2267587282923877
6 0.46019059904759596 0.2653919486007095 0.03900264970954979 0.20086381802583092
6 0.7914042117440431 0.2742490892047179 0.03217260690547867 0.2217302474927175
23 0.48268633726077165 0.31285798198680437 0.021684563067950614 0.14730690901291546
23 0.7718216118678776 0.32283134171200034 0.019447820925833526 0.1160341769596041
23 0.613484727045524 0.35723377078317553 0.017851087675056478 0.14875574874635883
6 0.5989320754739473 0.36305186177026005 0.020267612282162163 0.15038644490629274
23 0.3523117865988179 0.36133728292387646 0.01761349317557439 0.12690348079967012
23 0.6952805365988179 0.37131665432755495 0.018122915425315432 0.1378409807996701
23 0.5407021985094767 0.3691594577719095 0.021774454300445 0.13248589106622682
23 0.34010288502724134 0.36722357007089496 0.017652034531903293 0.1612330166930474
6 0.5066182969379002 0.3744092474262105 0.018414013853738885 0.14409098079967003
23 0.3651756596343472 0.3695134957768579 0.017868204300445 0.13237223079967012
6 0.3276756596343472 0.36842235721791355 0.021230798799926908 0.1543154269596041
6 0.5206807969379001 0.37481842438581464 0.021810841603997842 0.1332671410662268
23 0.3819457826698765 0.37780336889639604 0.020122063067950613 0.14726144490629273
6 0.6787480080627707 0.38487904915470544 0.0296661910658786 0.23492056927947216
6 0.6547839691876411 0.3896431055020539 0.02779332195929065 0.2114603372261609
6 0.5820035947043698 0.4351170783841652 0.021211528121762413 0.13715065901291545
23 0.5627270558292403 0.44001752705138164 0.024101087675056476 0.14893760517284954
6 0.7183435090962279 0.4812144915537158 0.02170167969333896 0.1309233910662268
23 0.7319522448282043 0.48863218646000856 0.015087806657809821 0.12292903463973612
6 0.7444522448282043 0.48899589931299003 0.02004928846084475 0.14569894490629273
6 0.800575966292157 0.5046723750980953 0.03226034408519709 0.1733609436526516
28 0.7704710893276863 0.511598325018953 0.04052876240599694 0.20012803213245361
23 0.6455845593438969 0.577401518275893 0.019340813067950612 0.14723871285298137
23 0.6310682950758733 0.5840008592629775 0.01948636228216234 0.1503637128529814
23 0.5512181292362731 0.5949407077719095 0.018887048799927086 0.15424723079967
23 0.536410766539826 0.595290048758994 0.015325401157291908 0.14478130258642477
1 0.584067016539826 0.5966767040109858 0.044467091603997845 0.13392637061225568
6 0.7512930578961549 0.63587089931299 0.020248341603997844 0.1332216769596041
23 0.7397926317174724 0.6402174185133199 0.020211954300445 0.1324404269596041
23 0.8094223891610705 0.7616126968848498 0.030672111248705038 0.05550585391920819