23 0.70078125 0.734375 0.00859375 0.14375
23 0.7375 0.7375 0.01015625 0.16328125
23 0.7265625 0.7390625 0.01015625 0.13984375
23 0.74921875 0.7390625 0.00859375 0.13984375
23 0.71328125 0.74375 0.01328125 0.1625
23 0.76328125 0.75078125 0.0109375 0.14921875
23 0.05546875 0.89296875 0.0125 0.15
23 0.0421875 0.890625 0.01015625 0.14609375
6 0.36171875 0.94921875 0.00546875 0.1015625
6 0.446875 0.94921875 0.0078125 0.1015625
6 0.38515625 0.95625 0.0078125 0.0875
6 0.43203125 0.95625 0.00703125 0.0875
6 0.4078125 0.959375 0.00703125 0.08125
6 0.4828125 0.959375 0.0078125 0.08125
6 0.371875 0.95625 0.009375 0.0875
6 0.47265625 0.959375 0.0078125 0.08125
6 0.396875 0.95625 0.00703125 0.0875
6 0.4203125 0.95625 0.009375 0.0875
6 0.5171875 0.959375 0.00703125 0.08125
6 0.4609375 0.959375 0.00703125 0.08125
6 0.496875 0.959375 0.0078125 0.08125
6 0.50625 0.959375 0.00703125 0.08125
6 0.86328125 0.99609375 0.0484375 0.0078125
6 0.07265625 0.45546875 0.01015625 0.128125
6 0.0328125 0.4578125 0.0109375 0.13125
6 0.4046875 0.459375 0.009375 0.13515625
6 0.8171875 0.46796875 0.01015625 0.12421875
6 0.77265625 0.475 0.01015625 0.13828125
6 0.44765625 0.5078125 0.00859375 0.12421875
23 0.884375 0.52890625 0.01015625 0.1390625
6 0.93515625 0.5328125 0.025 0.0796875
23 0.89765625 0.53203125 0.009375 0.14609375
23 0.86796875 0.53828125 0.01328125 0.1296875
23 0.909375 0.534375 0.0109375 0.14921875
6 0.03203125 0.5984375 0.01015625 0.11640625
6 0.07265625 0.60703125 0.009375 0.1203125
6 0.4046875 0.60703125 0.00859375 0.10625
6 0.8171875 0.61328125 0.01171875 0.13125
6 0.7734375 0.62734375 0.00859375 0.13359375
23 0.9421875 0.6484375 0.0265625 0.08125
6 0.44765625 0.67265625 0.00859375 0.115625