23 0.23228596112487052 0.012220169833468148 0.025509422249741044 0.011664925705962897
23 0.26275471112487053 0.01310671991261043 0.027071922249741042 0.01171038981258558
23 0.23714043507002258 0.06619461599340218 0.030019293837528237 0.07499163981258557
23 0.26552014619489306 0.07248171991261043 0.029473484284234353 0.06327288981258557
23 0.24192428846084474 0.1521548480467135 0.03270764619489306 0.06570756802583096
23 0.269122489246633 0.14982546991261042 0.030582220016210648 0.07032687186589692
6 0.24376507836943154 0.24193040188677947 0.02349746608726928 0.08572455133278352
6 0.36595690963434724 0.3695362278301692 0.03548804383752824 0.07515076418576498
6 0.31159689536632357 0.3749762340983754 0.029383593051739966 0.0780939077592743
23 0.4132685572769823 0.3802751510288497 0.04440927956950454 0.08243206677218975
6 0.28074715570540576 0.3826607019659218 0.030691381926869443 0.07267062186589693
23 0.7221897930089587 0.3962855620868292 0.03752357878371626 0.08535247829238761
6 0.6846534057054058 0.39441317352788485 0.0327633041766104 0.08365358597251964
6 0.7881422787409351 0.4052263045649818 0.03352743755122205 0.10005983597251955
6 0.9732621414373821 0.40983255119976947 0.028184966087269458 0.08586094365265158
23 0.7578190779551468 0.4074647544858395 0.03327272642635144 0.09459108597251956
23 0.9446833771693584 0.41602271522724993 0.031491902605034025 0.08985812186589684
23 0.9088550390800172 0.41732079077492823 0.03061860731976367 0.07110812186589684