28 0.7104235165792387 0.9654331879131707 0.03375737646343317 0.029102478292387702
6 0.5487365828360175 0.9756074729486184 0.01025624394987581 0.017483016693047658
6 0.5932996490927961 0.9797804959098719 0.013313066256778684 0.005855194906293093
6 0.5776610135541766 0.9778913869760988 0.013344882513557366 0.011323944906293093
6 0.5057996490927961 0.982326485880742 0.011750566256778682 0.005809730799670376
6 0.1088292003224601 0.977468118962903 0.012727258976990452 0.03942621285298138
6 0.6682860135541767 0.9752544687919833 0.025063632513557366 0.011664925705962758
6 0.017177510627310443 0.93794026920033 0.0241556383672898 0.12411946159934004
6 0.29927239314086773 0.940671497954936 0.015434623340175157 0.10199440901291545
23 0.3117542124227085 0.9371827851019546 0.01234143959695384 0.10737223079967037
6 0.32659796242270855 0.9367508760890392 0.01234143959695384 0.10737223079967037
1 0.35520877575262094 0.8851285401165194 0.031686858116668756 0.21026155007914227
23 0.7116042214978948 0.899762723806548 0.026185770979043 0.07028140775927412
23 0.6608138811388151 0.8996778072717853 0.02775736133812252 0.07188937186589683
23 0.7627394746211528 0.8248249082879997 0.01498971662612103 0.1597841769596041
23 0.7111542487234537 0.8224189738065482 0.029419855287998332 0.08912233597251955
23 0.6588059535439139 0.8231607713784079 0.024536912567786652 0.05539219365265176
6 0.39344859825591555 0.7425856874509524 0.030192535809765886 0.22193483597251956
6 0.42312246271729614 0.7393781194251214 0.03490730688700481 0.2267587282923877
6 0.4527872368195971 0.7346080513992905 0.030851065962191095 0.20086381802583092
6 0.784041781999137 0.7257509107952821 0.023161285809765886 0.2217302474927177
23 0.4728270260472085 0.6871420180131956 0.015698243753483963 0.14730690901291546
23 0.761880435688129 0.6771686582879997 0.014735186571891745 0.1160341769596041
23 0.6014969267111384 0.6427662292168245 0.011801084112563842 0.14875574874635866
6 0.58661681527482 0.63694813822974 0.014153924471643365 0.15038644490629274
23 0.33970999901804133 0.6386627170761235 0.012455069085449022 0.12690348079967
23 0.6826787490180413 0.628683345672445 0.012518701599006476 0.13784098079967003
23 0.5279776134794218 0.6308405422280905 0.016393135342227794 0.13248589106622682
23 0.32717363758172285 0.6327764299291051 0.011092556985200553 0.1612330166930473
6 0.4935662520431034 0.6255907525737895 0.01255506303532492 0.14409098079967003
23 0.35216454722264323 0.6304865042231421 0.012486885342227704 0.13237223079967003
6 0.31466454722264325 0.6315776427820865 0.014957900369342348 0.1543154269596041
6 0.5076287520431034 0.6251815756141854 0.016397680521767554 0.1332671410662268
23 0.3685253454272452 0.622196631103604 0.014135743753484142 0.14726144490629273
6 0.6654094357863248 0.6151209508452945 0.02011355386194271 0.23492056927947225
6 0.6411588695295461 0.6103568944979461 0.01919594847574846 0.2114603372261609
6 0.5658816135776178 0.5648829216158349 0.01563915641946654 0.13715065901291545
23 0.5463185473208391 0.5599824729486184 0.018051084112563842 0.14893760517284954
6 0.7000111738824681 0.5187855084462842 0.016384044983148095 0.1309233910662268
23 0.7132515172666098 0.5113678135399915 0.010088593187749951 0.12292903463973612
6 0.7257515172666098 0.51100410068701 0.014126653394404443 0.14569894490629273
6 0.7811384540348932 0.4953276249019048 0.025223234678297856 0.1733609436526516
28 0.7506242522394952 0.48840167498104703 0.032409020782651156 0.20012803213245361
23 0.6220947312604522 0.42259848172410697 0.013354493753483965 0.14723871285298137
23 0.6072100746445939 0.41599914073702243 0.013372674471643364 0.1503637128529814
23 0.5266640565924171 0.4050592922280905 0.012614150369342348 0.15424723079967
23 0.5118157614128773 0.40470995124100595 0.009434608214864682 0.14478130258642477
1 0.5594720114128774 0.4033232959890142 0.03905393052176755 0.13392637061225568
6 0.7248970235131258 0.36412910068701 0.014835180521767554 0.1332216769596041
23 0.7131510024358869 0.3597825814866801 0.014830635342227616 0.1324404269596041
23 0.7765180899662962 0.23838730311515016 0.028443162567786652 0.05550585391920828