23 0.11015625 0.8375 0.02265625 0.06875
6 0.0171875 0.09296875 0.02265625 0.0875
23 0.1109375 0.91796875 0.0203125 0.09765625
23 0.11015625 0.9796875 0.01953125 0.040625
6 0.5265625 0.975 0.009375 0.05
6 0.5140625 0.975 0.009375 0.05
6 0.07578125 0.10703125 0.02265625 0.08359375
6 0.475 0.98359375 0.0203125 0.0328125
6 0.096875 0.20390625 0.01875 0.09609375
23 0.109375 0.30859375 0.0171875 0.0765625
23 0.11015625 0.4078125 0.0203125 0.07734375
6 0.3125 0.41953125 0.01953125 0.24921875
23 0.35625 0.44140625 0.0140625 0.2109375
23 0.1109375 0.4921875 0.0203125 0.0671875
23 0.11015625 0.57890625 0.02109375 0.075
23 0.19921875 0.62890625 0.025 0.11015625
6 0.228125 0.634375 0.03203125 0.1546875
23 0.1109375 0.65859375 0.0203125 0.071875
1 0.04375 0.60234375 0.08671875 0.7953125
6 0.55390625 0.75546875 0.01875 0.24921875
6 0.52890625 0.75390625 0.01796875 0.24453125
23 0.11015625 0.76171875 0.0203125 0.08125