6 0.25196095698587967 0.7874490016215578 0.02008640340856669 0.07688978246740419
6 0.8418047069858797 0.7977447625753111 0.02035913879807012 0.09251478246740419
6 0.5729047025216528 0.8016474638758527 0.02222560186643907 0.06521194277582935
6 0.5305808348269011 0.8087235783241935 0.023797784495998897 0.11053807954530477
23 0.09944388312261777 0.8394909683433749 0.02073128571381495 0.06909091923687924
6 0.8190296802005184 0.8489254330300063 0.01511430559931739 0.1947358015421276
6 0.2127251331226178 0.8414682999172743 0.01602224066450919 0.1572630750810781
23 0.12499330804153988 0.8532222317360553 0.01756537540538945 0.06669262215897831
6 0.2496932991130861 0.8725916148520827 0.016865946022240407 0.07136648538950326
6 0.17932625203518546 0.8744893055993174 0.011225646508707809 0.15093125446422703
6 0.14340238880466064 0.8730807642034595 0.009376774349729233 0.13449773092527656
6 0.5729944314183344 0.8860497374148029 0.021580719561190877 0.0730108060063543
6 0.08157454464885927 0.8782534594149212 0.013255750810778899 0.1330034147726522
6 0.8408813608014836 0.8954146493447862 0.022003459414921166 0.0972295560063543
23 0.960371700493058 0.8998448250744874 0.017117136362438147 0.17524546185055315
23 0.7753148620192994 0.9300980733536417 0.014350646508707854 0.1398038532927167
23 0.8714495223277249 0.9272257971763647 0.014527924511885004 0.1455484056472706
23 0.856537588480349 0.9310059070587193 0.013610306817133377 0.13798818588256126
6 0.520354626629796 0.9420137706962812 0.04124438311602709 0.11597245860743755
23 0.09919269278242016 0.9434244918823251 0.02053641680124727 0.1026710324674042
23 0.12163075447081746 0.956319958197105 0.020731285713814974 0.06909091923687924
23 0.9219716737076966 0.942522969761414 0.01166597727182861 0.1149540604771719
23 0.15981654708449128 0.9608341343338431 0.020168224025417646 0.07833173133231383
6 0.4115559196472116 0.643314992286067 0.02750698579324524 0.3230380795453048
6 0.6989877357998358 0.6522395734529296 0.028683702108025243 0.34570796631477985