6 0.6123566048385642 0.021648713315199863 0.01221320967712849 0.043297426630399725
6 0.6014191048385642 0.021807837688379246 0.01221320967712849 0.04361567537675849
6 0.7392273198923761 0.009719363156915298 0.02220463978475227 0.019438726313830597
23 0.5567423056243526 0.019220633907669978 0.023604473945152193 0.038441267815339956
6 0.5379944596771284 0.05321996790079988 0.015051419354256978 0.10643993580159976
6 0.7411387303552928 0.056665941674094514 0.02175087551672874 0.04822455133278351
6 0.5855800891227986 0.07605610233636262 0.021896424730940466 0.051349551332783516
6 0.5604901978903042 0.09165001009563686 0.027348058105551944 0.06789219365265156
6 0.588927721049668 0.1479311023363626 0.0193343509096227 0.04659385517284949
23 0.5659825266740205 0.17597954598901416 0.028420406533975394 0.07416492570596289
23 0.5693494292790543 0.26506477804232553 0.0269670684446341 0.07646321159934022
23 0.5732792580627706 0.3494397780423255 0.02585833271265763 0.06940922954602886
23 0.7788764406515939 0.36301523007475434 0.025821945409104784 0.06862797954602887
6 0.8054753279551468 0.36302359026216874 0.02367724855225788 0.05608251543940614
1 0.683895734489122 0.44009821879198324 0.16494679714278782 0.7608047708496825
23 0.5762651710068868 0.4471414921489482 0.028529568444633925 0.07650867570596294
6 0.8080245932566278 0.45135030436879137 0.022932385855811078 0.05684103338609496
23 0.7822069559530748 0.4513192121280657 0.02602099855225788 0.05615071159934022
23 0.5809034751834972 0.5299312600956368 0.02489514619489306 0.0654802474927175
23 0.786918034736791 0.5356714800747543 0.02471320967712849 0.061573997492717504
6 0.8130995450758732 0.54351507231548 0.022750449338046506 0.05293478338609496
23 0.5865777404849781 0.6181670459890143 0.022750449338046153 0.05293478338609496
23 0.7919565992524837 0.6270549980214429 0.02663958271265763 0.06943196159934022
6 0.81728408498446 0.63335882231548 0.02211474855225788 0.056037051332783604
23 0.5903256327509296 0.6986357959890142 0.025640008891340216 0.06472172954602887
6 0.8215585161255412 0.7083360902621687 0.022223910462916763 0.0583808013327836
23 0.7944694772504117 0.7146004621280657 0.023478195409104785 0.06855978338609496
23 0.5932751583914928 0.7955562600956368 0.024295832712657627 0.06936376543940614
6 0.8259613798554456 0.8028673402621687 0.021442660462916763 0.05835806927947225
23 0.8003620663732104 0.807523748021443 0.022551396194893058 0.0654120513327836
6 0.7705333252645504 0.8725409942605193 0.017251774192821045 0.1526392666930473
6 0.781689149085868 0.8769102455141606 0.016451253514656726 0.13545176669304765
23 0.5983137229071855 0.8869397780423256 0.0269670684446341 0.07646321159934004
6 0.8292918951569266 0.89117132231548 0.022223910462916763 0.0583808013327836
23 0.8042555078533737 0.8911174980214429 0.023514582712657984 0.06934103338609496
6 0.6426480738168083 0.9318059971635131 0.014886599461880756 0.10185801669304731
6 0.6535855738168084 0.9314877484171543 0.012542849461880756 0.10178982053311358
6 0.6653043238168084 0.9311467676174843 0.015667849461880757 0.10188074874635866
6 0.6781318095487847 0.9378143047645029 0.013450377997927986 0.0877727846397363
23 0.601697742137608 0.9595960280423256 0.024131012820281583 0.049073997492717326