1 0.7407072075281045 0.22360982121516965 0.16419508155811186 0.39276711463846714
23 0.8658942554372075 0.0610209323935957 0.026287927376317556 0.051768088441013084
23 0.8710221072240933 0.14858459938979007 0.02284193380210837 0.08204583745242991
6 0.6397230276803288 0.15709880045492292 0.015119617109925088 0.16050641847906916
6 0.6289446951708149 0.16055938148156218 0.017208699125147574 0.15435191897336073
23 0.8741072979462838 0.2625834323935957 0.024181599315428313 0.07664075444862428
23 0.8794407381741831 0.3743340158916929 0.022746433307816716 0.0797020874524299
23 0.8553585924325269 0.4724067599601939 0.017703447642272607 0.14735250247145792
23 0.8863366784020819 0.4861482663859844 0.02300110129259423 0.08595208745242999
23 0.9016645425462576 0.6326240183631509 0.02296926779449713 0.08517083745243
6 0.7384933804929791 0.6478139837627397 0.01953520307948029 0.17316558596955503
6 0.7496218814815622 0.6529471527361005 0.017926282128953197 0.15282125247145792
23 0.9236642179454091 0.674857939313678 0.017145032128953373 0.15278941897336082
23 0.8248911369187697 0.6817525850553341 0.014482947147981307 0.14488141847906916
23 0.8578946379073529 0.6877770919754163 0.017032285588994257 0.16916383547526354
23 0.8852211418616855 0.7076094309107208 0.014818528174620482 0.13397575197716627
23 0.9071571502646425 0.748280851861248 0.024228020265955053 0.0969214209505271
23 0.7498340815952929 0.8112862347513229 0.02319210228117754 0.09063958745242999
6 0.82720966509339 0.8152190010629454 0.020515429847775834 0.06323217045623579