23 0.58671875 0.73359375 0.0125 0.19765625
6 0.45703125 0.775 0.02421875 0.10390625
6 0.77890625 0.790625 0.0203125 0.078125
6 0.153125 0.79609375 0.01875 0.07421875
6 0.1234375 0.8078125 0.02421875 0.08359375
6 0.73515625 0.85078125 0.01328125 0.19765625
23 0.08125 0.85546875 0.015625 0.1921875
6 0.41171875 0.8515625 0.01328125 0.184375
6 0.77890625 0.8828125 0.0203125 0.07265625
6 0.15390625 0.89296875 0.01640625 0.078125
6 0.45546875 0.8875 0.01953125 0.06640625
23 0.17109375 0.93046875 0.009375 0.1390625
23 0.1859375 0.9375 0.009375 0.125
6 0.1171875 0.9375 0.015625 0.125
1 0.578125 0.95234375 0.08046875 0.09453125
6 0.56953125 0.4078125 0.01796875 0.07109375
6 0.60625 0.41171875 0.0171875 0.078125
6 0.55859375 0.53671875 0.040625 0.16796875
6 0.61484375 0.5453125 0.040625 0.15703125
6 0.5578125 0.72578125 0.0359375 0.1375