6 0.5171875 0.010849841418501168 0.02890625 0.021699682837002337
6 0.46328125 0.012262394844489388 0.02890625 0.024524789688978775
6 0.49140625 0.011474230976365527 0.025 0.022948461952731054
6 0.43515625 0.012968671557483496 0.0265625 0.025937343114966992
6 0.40703125 0.017025968453651265 0.0265625 0.03405193690730253
6 0.98671875 0.03620066528269107 0.02578125 0.07240133056538214
6 0.93984375 0.08824487618945424 0.015625 0.16644387155129753
6 0.9234375 0.09847969131831665 0.0140625 0.18511198439616777
6 0.909375 0.09843542571448441 0.0140625 0.18433073439616776
23 0.8890625 0.1510624587311712 0.01328125 0.1764772908186029
23 0.86015625 0.16038987110107158 0.015625 0.1922251215512975
6 0.87421875 0.15652788670490383 0.01640625 0.18679731512886238
1 0.65703125 0.20150395126793935 0.03828125 0.20044373530067894
6 0.72421875 0.21985780359736 0.046875 0.2305816146538926
6 0.828125 0.22691230778123153 0.03203125 0.1321474366801599
6 0.37265625 0.2796886635015542 0.028125 0.10616146879233553
23 0.91875 0.25497535278370587 0.028125 0.10069271879233552
1 0.9875 0.24980981795799684 0.025 0.1927164444820761
6 0.86953125 0.3239610481702931 0.0328125 0.1235946302577248
6 0.58125 0.3437567282917323 0.02734375 0.10612052521477064
23 0.76953125 0.3549830760985972 0.0140625 0.1890182343961678
6 0.7828125 0.3519432852799943 0.0125 0.18424884724103804
23 0.7546875 0.35497975407232985 0.01484375 0.18749667797373268
23 0.63984375 0.4211547099743666 0.01484375 0.1835904279737326
6 0.821875 0.40770860640175055 0.04609375 0.20475942107632755
23 0.65546875 0.41799208842306906 0.0171875 0.19386950870642733
23 0.6875 0.41709465174290916 0.0140625 0.1944869843961678
23 0.671875 0.4210385232942067 0.015625 0.18675637155129757
23 0.62421875 0.43056733152566407 0.015625 0.20160012155129756
6 0.58125 0.4484442282917323 0.028125 0.0952239687923356
6 0.72578125 0.4432134164422303 0.04375 0.210886590343633
6 0.37265625 0.4750011635015542 0.02734375 0.10065177521477064
6 0.3125 0.48362256897404965 0.0265625 0.09826708163720568
6 0.340625 0.48371110018171415 0.02890625 0.1140149123699004
6 0.87734375 0.5001141123946443 0.04296875 0.20381439676606822
6 0.58203125 0.5484032847141674 0.02734375 0.10533927521477064
23 0.33984375 0.568127043759279 0.02578125 0.0904136380596409
23 0.31328125 0.5812378753964846 0.028125 0.10147396879233561
6 0.371875 0.577385857079119 0.028125 0.08584896879233561
6 0.5828125 0.6460185911366025 0.03046875 0.09456554952503016
6 0.371875 0.6797296070791191 0.028125 0.09756771879233561
23 0.93359375 0.7049786748099732 0.01328125 0.19288354081860284
23 0.91796875 0.7081412963612708 0.015625 0.19847512155129757
6 0.58203125 0.7476220347141674 0.02890625 0.0913586623699004
23 0.3734375 0.7718352199239893 0.0265625 0.07717333163720567
6 0.31328125 0.7718628753964848 0.0265625 0.09904833163720586
6 0.340625 0.7712111001817141 0.0296875 0.10077460594746537
1 0.73828125 0.7933395692011922 0.03125 0.3375752431025951
23 0.34140625 0.8657014066041493 0.02890625 0.0835461623699004
6 0.5828125 0.8577373411366025 0.0296875 0.1078058559474652
23 0.31328125 0.8718628753964847 0.02578125 0.09275738805964089
6 0.37265625 0.9390636635015541 0.02890625 0.0835461623699004
23 0.58203125 0.9421532847141674 0.0265625 0.05607958163720568