6 0.17109375 0.72734375 0.01640625 0.27734375
6 0.98359375 0.87734375 0.015625 0.0515625
6 0.04609375 0.8796875 0.0171875 0.0578125
6 0.6609375 0.87890625 0.01484375 0.05625
6 0.38515625 0.8796875 0.01640625 0.0578125
6 0.3359375 0.89453125 0.02265625 0.0875
23 0.75859375 0.92734375 0.00703125 0.12421875
6 0.9453125 0.925 0.009375 0.15
23 0.74296875 0.93046875 0.0078125 0.1171875
6 0.6234375 0.92890625 0.009375 0.1421875
6 0.01640625 0.92890625 0.009375 0.1421875
23 0.79453125 0.9453125 0.0203125 0.07421875
6 0.98359375 0.95703125 0.015625 0.05625
6 0.66015625 0.9640625 0.0171875 0.05625
6 0.384375 0.95859375 0.0171875 0.059375
6 0.0453125 0.96328125 0.01484375 0.05390625
6 0.328125 0.975 0.0359375 0.05
6 0.8 0.55390625 0.01640625 0.0578125
6 0.80859375 0.67578125 0.0359375 0.11796875