23 0.5875 0.32546042967121325 0.015625 0.19222512155129756
23 0.57109375 0.3286639948000757 0.01640625 0.18367231512886234
23 0.50234375 0.33695452962578476 0.0140625 0.1788619843961677
23 0.553125 0.3350744470840678 0.0171875 0.1946507587064273
23 0.53515625 0.33367239936806004 0.01328125 0.18975854081860283
23 0.37890625 0.3488923648810352 0.0140625 0.1772994843961678
23 0.46640625 0.34586918419376905 0.01328125 0.17882104081860292
23 0.4484375 0.34915463647776124 0.015625 0.19847512155129757
6 0.51796875 0.34238565807448723 0.01484375 0.2054654279737326
23 0.484375 0.34727123190977693 0.0140625 0.1976119843961678
23 0.43046875 0.35244008876175337 0.01484375 0.18905917797373267
6 0.4140625 0.3579874038906158 0.0140625 0.1983932343961678
23 0.396875 0.36357566259704305 0.01484375 0.1804654279737327