6 0.0004086594968227901 0.07188409066677273 0.0008173189936455802 0.10313409066677273
6 0.04752779058507892 0.09744771200668151 0.029829596184396245 0.097983514003818
23 0.12470217086173233 0.19758461935072646 0.018348399755118726 0.20095397266868176
23 0.03959078531007315 0.23879032733927247 0.016349523131913245 0.17593579133513632
23 0.935589077923747 0.25468607212758504 0.016540437904565764 0.1868732913351363
23 0.9496379411542719 0.255630954129494 0.015005211443516232 0.18841761000159085
6 0.149955540992116 0.27289370202099905 0.03774901055001152 0.28319430800445444
6 0.17640894683631464 0.2794527846912716 0.027261523942692146 0.30884828866963626
23 0.9700498526805132 0.2949389021323575 0.02732220495069413 0.08858124200349984
6 0.0949134849857616 0.2925698553469085 0.03796719886161424 0.29569430800445434
6 0.06189643344363405 0.3039067973424541 0.039447878244763236 0.2910249893379998
23 0.3736191375835493 0.3520743140515431 0.028185275567545177 0.0932778326702726
6 0.27637594480771976 0.3720408213717255 0.018157484982466342 0.19001647266868166
23 0.26235435511614524 0.3695334393698165 0.018075664365615297 0.18532897266868176
23 0.2473606006519184 0.3779544667011348 0.01811657467404082 0.18767272266868176
6 0.23250321388244322 0.378562994032453 0.017376234982466342 0.19000738200190898
23 0.9696895681845143 0.40511333346590295 0.028103454950694128 0.08859033267027243
23 0.12277365787608882 0.39760280068427195 0.017144409901388435 0.17672613200190898
23 0.03557762094445786 0.42393748667249975 0.017362598212991142 0.189226132001909
6 0.37268215462967796 0.45052090471831574 0.029048346184396223 0.09797442333704538
1 0.31684521185384834 0.4709692173774525 0.029190442368792445 0.19561249200349984
6 0.7730133912369974 0.4809656667727224 0.01793929667086367 0.17751647266868176
6 0.7572656603117208 0.48781510343726797 0.0173898717519414 0.190788632001909
6 0.7416270235422455 0.4884145401018135 0.017171683440338724 0.17828863200190898
6 0.7267696367727704 0.4890230674331318 0.017734745128736053 0.16579772266868176
6 0.7110900896948698 0.49196625409767736 0.01808930113509035 0.18611022266868177
6 0.6007292881527422 0.5024032200827234 0.019034192368792446 0.19549431333545436
6 0.6155730381527422 0.5025759427514052 0.01802111728771454 0.18220397266868177
6 0.5537588307664161 0.5073265300763602 0.017980206979289193 0.17986022266868176
6 0.5849406469190402 0.511596406747269 0.01811657467404082 0.18767272266868176
6 0.5685071233800899 0.5129680027450418 0.0181711217519414 0.19079772266868175
6 0.1710769699715232 0.5849215346912716 0.030595029624735037 0.2760812420034998
23 0.3763002581209701 0.6013748800524976 0.015636456979289105 0.17983295066836363
23 0.3630190081209701 0.6012203387173614 0.017993843748764247 0.18064147266868175
6 0.1036576448904453 0.5974209873488174 0.018212032060367013 0.19314147266868176
6 0.24498207427359428 0.6037538980346803 0.01577282467404082 0.18764545066836363
23 0.22937071104306944 0.6027908346992257 0.01808930113509053 0.18611022266868177
6 0.07742638149776468 0.6229022453453176 0.03724049593951495 0.29881021733768165
23 0.7702899914818786 0.681756007439495 0.01980180559931739 0.1947221540022273
23 0.7539519253292545 0.677658853437268 0.016554074674040818 0.1876545413351362
23 0.7218661282513539 0.6804111360995864 0.017198956979289193 0.179851132001909
23 0.738985444403978 0.6845173807685863 0.018884187904565586 0.18690056333545435
23 0.6913701047124035 0.6816191000954502 0.018048390826664828 0.18376647266868176
23 0.706954194403978 0.6841446634309045 0.01733532467404082 0.18766363200190916
23 0.659997373787127 0.6882867234245412 0.018034754057189774 0.18298522266868175
23 0.6763490767092263 0.6916026274267685 0.0171307731319132 0.175944882001909
23 0.644386010556602 0.6873236600890869 0.015677367287714718 0.1821767006683636
23 0.6295013502481765 0.6894946874204051 0.017321687904565765 0.186882382001909
23 0.5818314634787014 0.689721406747269 0.01733532467404082 0.187663632001909
23 0.5661382796313255 0.6934458434118145 0.016458617287714715 0.1821857913351362
23 0.6137536193229001 0.6963441240849507 0.01628133928453739 0.1720295413351362
23 0.5989098693229 0.696171401416269 0.01808930113509053 0.18611022266868177
23 0.5511581619365739 0.7010856207431327 0.018584178976111865 0.16971306333545436
23 0.5355195251670987 0.7016850574076784 0.01808930113509035 0.18611022266868177
6 0.3124172159143334 0.7694158080442253 0.027575169640621056 0.32681703866963635
23 0.33152572606060315 0.7938618247135433 0.019061465907742825 0.19705681333545452
6 0.2476768315804902 0.8522732140356346 0.02258193222252274 0.21974942600254543
23 0.2271734168078378 0.862974356699544 0.0216915880667214 0.21349033533577283
6 0.06074384740880281 0.9071408853437269 0.0334864301939279 0.1284886266709087
6 0.14395576786349804 0.9289340693427721 0.044696665583431286 0.14213186131445568
6 0.7423387207855974 0.9357679245504296 0.03363643465815471 0.12846415089914096
1 0.6484659898603209 0.9420425133772138 0.038873359577076806 0.11591497324557239
6 0.5732381189191582 0.9994572967059072 0.025136367694751627 0.0010854065881854779
6 0.5507551927824201 0.944835567204396 0.024688128651800412 0.11032886559120811
6 0.7179466469223355 0.9903713358827819 0.013758536931630871 0.019257328234436245
6 0.7038159630749596 0.993998184715134 0.0144170560063543 0.012003630569731883