23 0.159375 0.7375 0.00859375 0.1234375
23 0.14765625 0.7421875 0.00703125 0.10625
23 0.1 0.74765625 0.00859375 0.1296875
23 0.1375 0.74609375 0.00859375 0.1140625
23 0.12421875 0.74765625 0.00859375 0.1171875
23 0.11171875 0.75390625 0.009375 0.12890625
6 0.06796875 0.77109375 0.04765625 0.12265625
6 0.6453125 0.78046875 0.00703125 0.11484375
6 0.61953125 0.78125 0.0078125 0.10234375
6 0.60703125 0.78671875 0.0078125 0.1140625
6 0.5578125 0.78828125 0.0078125 0.1171875
6 0.65703125 0.790625 0.00546875 0.12109375
6 0.5453125 0.7859375 0.00625 0.11328125
6 0.57109375 0.7859375 0.0078125 0.11328125
6 0.5828125 0.78828125 0.00625 0.11640625
6 0.63203125 0.78828125 0.00625 0.11640625
6 0.59375 0.79296875 0.00859375 0.1
6 0.0765625 0.91796875 0.025 0.09296875
6 0.66484375 0.95625 0.009375 0.0875
6 0.67734375 0.959375 0.01015625 0.08125
23 0.0984375 0.96640625 0.01015625 0.0671875
23 0.11640625 0.9625 0.01328125 0.07421875
1 0.60390625 0.9859375 0.0953125 0.028125
6 0.078125 0.41796875 0.0203125 0.065625
6 0.5375 0.4390625 0.00703125 0.13515625
6 0.20546875 0.43984375 0.01171875 0.12265625
6 0.9125 0.44765625 0.0125 0.1390625
6 0.95234375 0.44921875 0.0109375 0.1421875
6 0.16484375 0.45546875 0.01328125 0.140625
6 0.58125 0.48984375 0.0078125 0.115625
6 0.07578125 0.4953125 0.02265625 0.07109375
23 0.29765625 0.5078125 0.01171875 0.12421875
23 0.25078125 0.5046875 0.0109375 0.14375
23 0.26875 0.51171875 0.0125 0.1578125
23 0.284375 0.515625 0.01171875 0.15390625
6 0.9125 0.58203125 0.01015625 0.1234375
6 0.95234375 0.58671875 0.00859375 0.10546875
6 0.16484375 0.58828125 0.01171875 0.121875
6 0.53828125 0.5921875 0.0078125 0.1171875
6 0.2046875 0.59375 0.0109375 0.14765625
6 0.0671875 0.621875 0.0515625 0.12265625
6 0.58125 0.640625 0.00859375 0.10625