6 0.6612162132496676 0.9415985343105315 0.013633132066747145 0.0815227846397363
6 0.6504424875599272 0.9450417830568906 0.013264639868663154 0.0744915346397363
6 0.7901567627746978 0.9683619596207832 0.021377033016686652 0.020903533386094963
23 0.6073442627746978 0.9736812600956369 0.02215828301668683 0.020926265439405966
6 0.5870317627746978 0.9742722934817316 0.01043953301668683 0.0205852846397363
6 0.6825490649017197 0.4230016470052286 0.016089746720639654 0.12839778463973595
6 0.3500231699446739 0.43815425171585964 0.018225456806547947 0.13938074874635883
6 0.3096028878324983 0.4432425684880494 0.021845101763593798 0.13402565901291547
6 0.7239110492978875 0.43588208023303887 0.019255690298204443 0.12926996285298137
6 0.6916861267512219 0.5674874328986059 0.01711665818602892 0.13310801669304748
6 0.357597731794176 0.5826855017158596 0.018385909090540054 0.1573267666930475
6 0.3175902074839165 0.580719836434738 0.01970606965141819 0.13786371285298138
6 0.7320211996820003 0.5757030981797275 0.01740326322898298 0.1385767666930473