6 0.5167647601462697 0.030236771403542223 0.02973809293798535 0.04799260467059073
6 0.4628585101462697 0.02960951539622438 0.02973809293798535 0.04799260467059073
6 0.49098351014626973 0.029936779400042385 0.02583184293798535 0.047947151336727126
6 0.4347335101462697 0.029282251392406373 0.02739434293798535 0.04796533267027255
6 0.40655396306836905 0.032079987388588374 0.02751707386326192 0.05499658267027256
6 0.9854641672082843 0.08335651213394839 0.027581303570722325 0.10342499200349983
6 0.9374436785723701 0.14843607212758503 0.01851599512873605 0.16580681333545444
6 0.9208737873386681 0.15762016812535787 0.01728077759614024 0.18453863200190898
6 0.9068249241081432 0.1566752861234489 0.017267140826664827 0.183757382001909
23 0.8856123973227821 0.20800142878735808 0.0163495231319132 0.17593579133513632
23 0.8565697796280304 0.21547757411676738 0.018966008521416455 0.19158806333545444
6 0.870686826705931 0.21251620611867636 0.019651801135090352 0.18612840400222713
1 0.6529129456184987 0.24358275075585953 0.041744989446693206 0.19888294267186338
6 0.7197186160731939 0.2662395480983136 0.0508569366867496 0.22867044000636333
6 0.8234066777615912 0.27994860677908573 0.034308590502353555 0.13084146733768165
6 0.3674333672910099 0.3035549980505886 0.029952327109672792 0.10501476400381797
23 0.9134589334436342 0.3138156241247215 0.029856869723346335 0.09954601400381798
1 0.9822362069825843 0.31305310280072113 0.028341008521416456 0.19169715133672707
6 0.8630810580382446 0.37964916211804 0.03493983603812652 0.12225680800445442
6 0.5747179874213936 0.3809822060789055 0.029171077109672795 0.10500567333704529
23 0.7626310446455641 0.4042668067711316 0.017348961443515876 0.18844488200190898
6 0.7759532049539895 0.40207759810626786 0.015704640826665006 0.18373920066836363
23 0.7478009314150391 0.4033128341024498 0.018102937904565762 0.18689147266868175
23 0.6319071501654511 0.4621327560868596 0.018034754057189774 0.18298522266868175
6 0.8140065840128269 0.4603446314449039 0.049625673294069014 0.20288009933959064
23 0.6475730604738766 0.4599708194223141 0.02055578206036692 0.1931687446689999
23 0.6795906737044014 0.4611247867599957 0.017444418829842157 0.19391363200190898
23 0.6639111266265008 0.46406797342454126 0.01887055113509035 0.18611931333545453
23 0.6161321457012242 0.47054469275140515 0.01912964975511855 0.20096306333545436
6 0.5728906603117208 0.4856697060789054 0.02976141233702041 0.09407726400381797
6 0.7173810000032953 0.48969522943185917 0.04739101744987036 0.20910282733927232
6 0.3640241749222174 0.4988674980505886 0.02907561972334651 0.09953692333704538
6 0.3037724675358912 0.503636266709089 0.028253459414921078 0.0971840826702726
6 0.3318701939969409 0.5055260307129069 0.03086994480442442 0.11283635467059075
6 0.8678116481368562 0.5563025687857672 0.04648703652459396 0.20206248667249974
6 0.571926403818899 0.5856787967456782 0.02915744034019756 0.10422442333704537
23 0.3296161728936225 0.5898919400461342 0.02733584172016936 0.08936249200349984
23 0.30284912135149494 0.6013016073758617 0.029870506492821747 0.10032726400381797
6 0.3614565081209701 0.6012021573838158 0.029597771103318314 0.08470226400381797
6 0.5710030576345029 0.6833441374124509 0.03209152556754517 0.09332328600413611
6 0.35967009131972283 0.7035459073838158 0.029802322645445932 0.09642101400381797
23 0.920434267456461 0.7647695967934032 0.016635895290891867 0.19234204133513622
23 0.9047683571480354 0.7669315334579488 0.01907510267721797 0.19783806333545434
6 0.5684490276027307 0.7848975467456782 0.030474478489644595 0.09018010467059057
23 0.3596234525216528 0.7957515887173614 0.027885266639091456 0.07609033267027243
6 0.29952174959955347 0.7919266073758617 0.028267096184396222 0.09796533267027244
6 0.32685186283007833 0.7930260307129069 0.0314193697233466 0.09956419533736352
1 0.7237580905089439 0.8362356833823842 0.03711381087432315 0.32752863323523157
23 0.32598306372358277 0.8875663713796798 0.030338110794892792 0.08236760467059057
6 0.5673074931067317 0.8950628874124508 0.03154210064862308 0.10659544533736351
23 0.29777624310673173 0.8919266073758617 0.027376752028594888 0.09170624200349983
6 0.3559239338539665 0.9608730978576467 0.030338110794892792 0.07825380428470652
23 0.5650534720034134 0.975965252705271 0.027517073863261743 0.048069494589458014