6 0.6640625 0.0234375 0.009375 0.046875
6 0.67734375 0.0203125 0.01015625 0.040625
23 0.0984375 0.0375 0.01015625 0.07421875
23 0.11640625 0.04375 0.01328125 0.0875
6 0.52265625 0.16796875 0.01953125 0.28125
23 0.115625 0.18125 0.0125 0.16015625
1 0.60390625 0.2125 0.0953125 0.425
23 0.01328125 0.23515625 0.0125 0.16015625
6 0.54296875 0.34921875 0.0109375 0.13046875
6 0.4859375 0.59140625 0.021875 0.0609375
6 0.703125 0.59453125 0.02578125 0.08046875
6 0.53984375 0.5953125 0.0203125 0.06796875
6 0.59453125 0.5953125 0.01875 0.06796875
6 0.56796875 0.596875 0.0234375 0.071875
6 0.62265625 0.596875 0.02109375 0.071875
6 0.72890625 0.596875 0.0234375 0.071875
6 0.80859375 0.59609375 0.025 0.08359375
6 0.675 0.5984375 0.0265625 0.07578125
6 0.75625 0.6 0.0265625 0.07890625
6 0.46015625 0.6015625 0.0203125 0.0546875
6 0.5125 0.6015625 0.02109375 0.0546875
6 0.78203125 0.60234375 0.0265625 0.0828125
6 0.6484375 0.60625 0.025 0.078125
6 0.4328125 0.6046875 0.021875 0.0609375
23 0.621875 0.68359375 0.021875 0.05625
23 0.51328125 0.68671875 0.025 0.07578125
23 0.67578125 0.68671875 0.02578125 0.07578125
23 0.7859375 0.68671875 0.02265625 0.07578125
23 0.43359375 0.6890625 0.02578125 0.0953125
23 0.728125 0.68515625 0.02421875 0.059375
23 0.459375 0.68515625 0.0234375 0.08671875
23 0.56640625 0.68515625 0.0265625 0.08671875
23 0.70234375 0.68984375 0.02265625 0.0828125
23 0.75546875 0.69296875 0.0234375 0.07421875
23 0.4859375 0.6890625 0.02421875 0.06640625
23 0.8078125 0.6890625 0.0203125 0.06640625
23 0.64921875 0.69140625 0.021875 0.05859375
23 0.5953125 0.69609375 0.02578125 0.08203125
23 0.540625 0.6921875 0.028125 0.0734375
6 0.8625 0.70859375 0.01796875 0.26796875
6 0.83671875 0.70390625 0.01640625 0.26015625
23 0.51484375 0.76953125 0.02421875 0.0921875
23 0.48515625 0.771875 0.028125 0.084375
23 0.75703125 0.76953125 0.02265625 0.065625
23 0.6765625 0.7734375 0.0234375 0.0734375
23 0.540625 0.77109375 0.02578125 0.09609375
23 0.73125 0.77109375 0.021875 0.06953125
23 0.59375 0.77421875 0.02265625 0.07578125
23 0.70390625 0.7734375 0.02578125 0.07421875
23 0.78515625 0.77421875 0.02109375 0.0625
23 0.43203125 0.775 0.025 0.06328125
23 0.62109375 0.77734375 0.021875 0.09453125
23 0.5671875 0.78046875 0.02578125 0.07421875
23 0.81015625 0.78046875 0.025 0.075
23 0.6484375 0.78046875 0.025 0.0875
23 0.459375 0.78203125 0.021875 0.0765625