23 0.9953125 0.3765625 0.009375 0.028125
23 0.9953125 0.4203125 0.009375 0.03125
1 0.84296875 0.43671875 0.2015625 0.14921875
1 0.63828125 0.43984375 0.19609375 0.1546875
1 0.384375 0.52265625 0.26953125 0.31484375
1 0.8453125 0.59921875 0.196875 0.15390625
1 0.6421875 0.6015625 0.20078125 0.15234375
1 0.44140625 0.8328125 0.2609375 0.24609375
1 0.7703125 0.8515625 0.3484375 0.296875
1 0.9828125 0.903125 0.034375 0.19375
6 0.2828125 0.95703125 0.03125 0.0859375
6 0.25078125 0.95859375 0.02578125 0.08203125
1 0.45390625 0.978125 0.2671875 0.04375
9 0.11328125 0.9 0.20546875 0.2
9 0.1046875 0.11015625 0.20703125 0.2203125
1 0.98125 0.00546875 0.0375 0.0109375
1 0.83515625 0.02734375 0.2140625 0.0546875
23 0.24140625 0.015625 0.0296875 0.03125
1 0.54609375 0.08984375 0.3 0.17890625
1 0.325 0.0578125 0.08984375 0.1015625
28 0.24296875 0.065625 0.03203125 0.07421875
1 0.7984375 0.11875 0.090625 0.11484375
1 0.90546875 0.1234375 0.08359375 0.10703125
1 0.86328125 0.26796875 0.14921875 0.134375
1 0.58046875 0.27109375 0.1328125 0.12890625
1 0.725 0.2765625 0.1375 0.12890625
1 0.30390625 0.27734375 0.1328125 0.13671875
1 0.4390625 0.27890625 0.1375 0.1234375
23 0.99375 0.32734375 0.01171875 0.0234375