6 0.6651541191065878 0.013844573502614282 0.01155823821317572 0.027689147005228565
6 0.6782898198923761 0.010532034062795723 0.012048389784752266 0.021064068125591445
23 0.10018409057054059 0.0359464473146474 0.013613043837528238 0.0718928946292948
23 0.118443938998964 0.042153073254878326 0.017356627997927986 0.08430614650975665
6 0.5304795202638797 0.15276100633471318 0.03263067927905432 0.2818183013327835
23 0.12406685442427948 0.1778856561099216 0.019959397228350363 0.16051996285298142
1 0.6138035965663966 0.20440738902116276 0.1151071931327932 0.4088147780423255
23 0.024233828369431536 0.2347698050937072 0.019959397228350384 0.16051996285298148
6 0.5592338746881591 0.33341997294861836 0.01701417969333896 0.13078699874635885
6 0.513482688789567 0.5772669128403461 0.02471320967712849 0.061573997492717504
6 0.7308157380037787 0.5740724020197935 0.029529142265951693 0.08121890775927429
6 0.5675708753073316 0.5796046511618637 0.023478195409104785 0.06855978338609478
6 0.6222583753073316 0.5780134074300698 0.021915695409104784 0.06851431927947224
6 0.5957686499144375 0.5803487972426554 0.026785131926869356 0.07255696159934022
6 0.6504561499144375 0.5787575535108616 0.024441381926869354 0.07248876543940615
6 0.7567061499144374 0.5756659942605193 0.026785131926869356 0.07255696159934004
6 0.8363572626108846 0.5725660748227626 0.02889344148016342 0.08432117570596294
6 0.7028726745215435 0.5787970059390017 0.0300920684446341 0.07655413981258548
6 0.7841954491286492 0.5779953723946223 0.030237617658845826 0.07967913981258548
6 0.48817447373575507 0.5881733205996204 0.022859611248705038 0.055278533386094966
6 0.5405182237357551 0.5866502730277606 0.023640861248705035 0.055301265439406146
6 0.8100858610393079 0.5795889646353481 0.030419554176610575 0.08358538981258548
6 0.6766740475570726 0.5873823957515873 0.028638730355292807 0.07885242570596293
6 0.4609762729499668 0.5920939424655174 0.02471320967712849 0.06157399749271768
23 0.6537138906088126 0.6654990355641729 0.0244948858558109 0.0568864974927175
23 0.5452656898230244 0.6717837909744493 0.028529568444634102 0.07650867570596294
23 0.7077656898230243 0.6670555238856904 0.029310818444634103 0.07653140775927429
23 0.8179219398230243 0.6638503043687913 0.026185818444633923 0.07644047954602887
23 0.46568735173368314 0.676446210412206 0.030220501033457303 0.09606265775927411
23 0.7600366652159185 0.6639699763138306 0.026984185070022627 0.060079693652651575
23 0.49128666521591846 0.6717898026529318 0.027476490694375143 0.08740071159934022
23 0.5983179152159185 0.6686755113492782 0.030601490694375143 0.08749163981258548
23 0.734473739037236 0.6694076340731049 0.026513304176610398 0.08347172954602886
23 0.7877442882514478 0.6709868544479336 0.026894293837528237 0.07490071159934023
23 0.5180311017336832 0.6749231628403461 0.027311670801998922 0.06711094365265158
23 0.8399061017336831 0.6655575568760739 0.0234054208019991 0.06699728338609497
23 0.6814215136443419 0.672515913698276 0.024604047766469607 0.059230247492717505
23 0.6277335874656595 0.6787719253767585 0.029601916873057375 0.0827814077592743
23 0.5728641509478948 0.6764569191085523 0.0315454065339754 0.07425585391920819
6 0.8955032843225063 0.68349756314428 0.03044959511865457 0.2684915872261609
6 0.8695037105011888 0.6795602209035543 0.02852322208312543 0.2606336231195382
23 0.5506852439996347 0.7545508268678266 0.028512451819245756 0.09289219365265158
23 0.5211069059102936 0.7577583948936575 0.03205482878371626 0.08519335391920838
23 0.7928727439996348 0.747503890341311 0.02571278349844608 0.06628422954602886
23 0.7125859305173995 0.753751541832379 0.026857906533975396 0.07411946159934021
23 0.5765392686067405 0.7553631691085523 0.030256888337010325 0.09684390775927429
23 0.7671642686067406 0.7498165481005852 0.025113470016210827 0.07016774749271751
23 0.6298098178209524 0.7569423894833812 0.0261858184446341 0.07644047954602887
23 0.7399296805173994 0.7529559199664821 0.02923804383752824 0.0749689077592743
23 0.8212160678209525 0.7513730364221027 0.02400473428423453 0.06311376543940614
23 0.46812745512450527 0.7624291745188286 0.027947371587787196 0.06400867570596294
23 0.6572991170351641 0.7592717676174843 0.02627786372990428 0.09516774749271732
23 0.6035384162493758 0.7639652792959668 0.02923804383752824 0.07496890775927412
23 0.8465071662493757 0.7568956107161398 0.02849318114108108 0.07572742570596276
23 0.6847884162493758 0.7616011457515873 0.029075377997927986 0.08822742570596294
23 0.49579869085648165 0.7686648026529317 0.025440955748186944 0.07719899749271768