1 0.20481132575585362 0.7386235342982361 0.3136585447753317 0.34549607159169715
1 0.5719578821782887 0.7506647543459872 0.3125464241285453 0.3540352578893664
1 0.8903264559299222 0.7540204551564447 0.21934708814015558 0.3453943786706063
1 0.05119724558898588 0.5305059555349628 0.051989625169342135 0.1141096292187603
1 0.7687156162357722 0.546984226755991 0.09557585085908275 0.11251241288402411
1 0.39116714834794786 0.5299008426430893 0.09323210085908258 0.11243056733052796
1 0.18382495985876565 0.44233881134007813 0.13869840909054004 0.16158731914462657
1 0.5552495805055521 0.4467312224948218 0.13837086047002103 0.15533731914462656
1 0.9263433305055522 0.4596901017984001 0.12266065128862422 0.16804565027015245
1 0.04094474106643011 0.4092757962791357 0.04385289857509049 0.09277034255827132
1 0.38194155529078133 0.4133854652384277 0.1062676893936934 0.1082068588003402
1 0.7591624745580867 0.42421884935132936 0.09635710085908258 0.11253969473518968
1 0.16974036917644833 0.17358881134007814 0.3117275525772479 0.33841025788936635
1 0.5328987884437537 0.18393112213200213 0.31657882688750744 0.3416989489963589
1 0.8751953125 0.18914942330527926 0.249609375 0.32589041052177153
1 0.020680992198083885 0.007740578130301126 0.040580734396167766 0.015453874409436824
1 0.7354019114653892 0.030359721946667667 0.07861632293077854 0.012103185116542792
1 0.36899566146538926 0.017564533750081976 0.08330382293077854 0.012266876223535356