6 0.6556211087629965 0.9415985343105315 0.013159279569504533 0.0815227846397363
6 0.6448291579772081 0.9450417830568906 0.012831793837528239 0.0744915346397363
6 0.7843839636015607 0.9683619596207832 0.021258569892376046 0.020903533386094963
23 0.6015714636015608 0.9736812600956369 0.022039819892376043 0.020926265439405966
6 0.5812589636015607 0.9742722934817316 0.010321069892376045 0.0205852846397363
6 0.6799702138109577 0.4230016470052286 0.01534251778268043 0.12839778463973595
6 0.34741242493582813 0.43815425171585964 0.017414440032421298 0.13938074874635883
6 0.30696936145359277 0.4432425684880494 0.021065978907550777 0.13402565901291547
6 0.7212501852749104 0.43588208023303887 0.018503905086233275 0.12926996285298137
6 0.6882643649682494 0.5674874328986059 0.016342091603997844 0.13310801669304748
6 0.35414407609311993 0.5826855017158596 0.017470098014138635 0.1573267666930475
6 0.31415477687890825 0.580719836434738 0.018904165425315433 0.13786371285298138
6 0.7285447626108846 0.5757030981797275 0.016596802728868452 0.1385767666930473