6 0.20358245859104981 0.9910943758546182 0.011797004448624282 0.017811248290763616
6 0.8801449585910497 0.9989906890896965 0.007890754448624193 0.0020186218206070805
6 0.9410824585910497 0.9996998571177172 0.007890754448624193 0.0006002857645654557
23 0.06082195562530028 0.9751909298536979 0.011412343878220543 0.0496181402926041
23 0.246840368667162 0.9601763934267362 0.012813017794497127 0.07964721314652756
23 0.149024951176676 0.9551336562023437 0.013131352775469108 0.08973268759531265
23 0.163087451176676 0.9552927644137587 0.013912602775469107 0.08941447117248273
6 0.49808453368619005 0.9553095050097659 0.04388660425834381 0.08938098998046833
23 0.9220632031538424 0.9734459917349657 0.021742348821136303 0.05310801653006862
23 0.8969677026595507 0.9708067550566236 0.022714599809719616 0.05838648988675281
23 0.8602489526595507 0.9703748899113546 0.023495849809719617 0.05925022017729091
23 0.10001444821092649 0.9405029125901475 0.015058608706968134 0.11899417481970502
6 0.39987518535934524 0.8873798987450698 0.018012512357289623 0.05895742591180557
6 0.3736800998840817 0.8766235834905907 0.018203513345872845 0.06364492591180557
23 0.3947009126219322 0.7795492149494795 0.02414976581733077 0.07549096248093753
23 0.36794741163334904 0.77424346589941 0.023177514828747636 0.0707852786853472
23 0.3047961542189752 0.737650696047778 0.016459282623244764 0.1549238893426736
6 0.054541486234197654 0.7255818814588889 0.020666621558549415 0.18155912452503475
6 0.6306636344473118 0.6515742577868755 0.03884627718603717 0.12968815321038196
23 0.5961931339530201 0.6484304207809032 0.023495849809719617 0.0785977786853472
23 0.3631259659682426 0.6367616496950003 0.02340034931542796 0.07625402868534721
23 0.531939632964437 0.6422518495425005 0.02109770307948029 0.1729835583206251
23 0.09125362456147998 0.5921888064207639 0.023050180836358836 0.06766027868534721
6 0.04839762110143887 0.5748006314588889 0.01794884536109529 0.057394925911805575
6 0.8274166176413977 0.5765418094579868 0.01892109634967838 0.06210060970739591
6 0.8639762001509117 0.5734901978507299 0.018666428364900865 0.0558506097073959
6 0.4252811146756482 0.5531328385245836 0.029715310797865158 0.28869947729857637
6 0.44855944718516233 0.5497721023922921 0.028647559314990544 0.2816500435029862
23 0.48161468631074733 0.49902787319385455 0.01661845011373071 0.1588301393426736
23 0.46622976684309503 0.48540113107763927 0.01652294961943923 0.15648638934267362
6 0.6242186803792483 0.47424869158246585 0.03962752718603717 0.12970633700597212
23 0.5863366784020819 0.4640008693941324 0.02421343281352506 0.07705346248093754
6 0.8407695104173044 0.46367878675656315 0.012587524714579246 0.11736933795590279
23 0.5017560899610689 0.43783645326597265 0.02368685079830275 0.08328527868534721
23 0.03877858748961094 0.4153528962765279 0.015423364638467186 0.14865570554708327
6 0.18927333600673618 0.41183111882545154 0.039790647756003536 0.3061051828456597
6 0.22001400003718102 0.4000584706490627 0.03314139973316994 0.3153165286853472
23 0.08487499608284835 0.37818085780753474 0.021583181330650403 0.06996766109416672
23 0.36579207364944655 0.3574014580156253 0.016363782128953196 0.15258013934267362
23 0.30080640220462784 0.3332541367772225 0.029011020760246708 0.09901938145888893
23 0.5195418147521979 0.3188325333380907 0.01633194863085592 0.1517988893426736
6 0.863754729771226 0.3190390871934035 0.017853344866803768 0.05505117591180557
6 0.49693464429596246 0.3003546370615629 0.030732688250732564 0.1029619990500695
6 0.07942880931499048 0.28283199021635425 0.01967051285158128 0.06133754350298606
23 0.4727331403416297 0.2810591231938545 0.016667529657495274 0.14087957313826394
6 0.44175505437207463 0.2678499551658337 0.03940469269935694 0.12423758700597229
23 0.03220629942915872 0.23490233007211808 0.016491116121341954 0.1557051393426736
6 0.6132825444862429 0.2250117577868755 0.03972302768032883 0.1320500870059723
6 0.546557959505271 0.21565363516170183 0.03975486117842593 0.1328313370059723
6 0.810924207033813 0.2100991918668062 0.02738880684353262 0.2699131097073959
23 0.07731586958138306 0.17351154160312507 0.02287376730020556 0.08248584488975697
6 0.27116402866891204 0.14211999050069465 0.02283395802239614 0.19643924211621527
23 0.28771485870696817 0.1268950340036808 0.01634653608328591 0.17131195554708337
23 0.2296158572240934 0.11851818313000018 0.015741699619439144 0.15646820554708335
23 0.2460221072240934 0.11890004283739604 0.016491116121341954 0.1557051393426736
23 0.03826134536109529 0.05786770459715281 0.013990857224093378 0.11349945554708334
23 0.3529459278706093 0.061289524220035016 0.014485605741218599 0.1064863893426736
6 0.6080008423953458 0.05707937537805605 0.037876684790691506 0.08673758700597226
6 0.36659459239534575 0.05146058254066003 0.011314184790691507 0.08611933795590279
6 0.18068626730020557 0.0861589715989932 0.02699753460041112 0.16453527868534723
6 0.15099876730020556 0.08546798736656261 0.02387253460041112 0.1644625435029861
23 0.07075816897336074 0.012574041603125058 0.02117200444862428 0.021566528685347242
6 0.4791436719391102 0.036128482901250404 0.017662343878220455 0.05036367591180557
6 0.5252374219391103 0.037201326841076826 0.017662343878220455 0.05036367591180556
6 0.5008595044486243 0.0327313791777782 0.018125258897248565 0.04256935970739584
6 0.5502374219391102 0.03778320829996574 0.017662343878220455 0.05036367591180556
6 0.7038571704562355 0.03433416603125059 0.016276257414373774 0.03550174211621528