1 0.7379812410715463 0.025778180100222658 0.03185001785690744 0.0347386266709089
23 0.5817857881494468 0.020835046745678182 0.027039786931630873 0.027652832670272565
23 0.5812816331193225 0.36308618141308724 0.01896600852141663 0.19158806333545453
23 0.5648344728108969 0.36523902741086006 0.01959725405718977 0.1830034040022272
23 0.496002652194046 0.36912654873486056 0.017171683440338724 0.17828863200190898
23 0.5467702654245707 0.37049869207508745 0.020569418829842156 0.1939499946689999
23 0.5288424257329962 0.36794585673931485 0.01658134821299111 0.1892170413351363
23 0.3724696948077198 0.3731589733847704 0.017144409901388435 0.17672613200190898
23 0.4599424212687694 0.3757396280633153 0.016390433440338727 0.1782795413351363
23 0.4419327609603439 0.37787429272754264 0.01907510267721797 0.19783806333545453
6 0.5115185580382445 0.3755583620703149 0.01841658360249454 0.20486022266868176
23 0.4778702609603439 0.3782924633990879 0.017498965907742914 0.197038632001909
23 0.42392310065191835 0.38000895739177004 0.018130211443515877 0.18845397266868166
6 0.4074350300350674 0.38450555338954284 0.01751260267721797 0.19781988200190898
23 0.3901657094182164 0.38899305872054296 0.017980206979289103 0.17986022266868176