6 0.6125342995250301 0.021648713315199863 0.012568599050060313 0.043297426630399725
6 0.6015967995250302 0.021807837688379246 0.012568599050060313 0.04361567537675849
6 0.7393457830166869 0.009719363156915298 0.02244156603337366 0.019438726313830597
23 0.5569017752147707 0.019220633907669978 0.0239188568519765 0.038441267815339956
6 0.5383498490500603 0.05321996790079988 0.01576219810012063 0.10643993580159976
6 0.7415943577564876 0.056665941674094514 0.022028808231457475 0.04822455133278351
6 0.5861222857302202 0.07605610233636262 0.022192582541716986 0.051349551332783516
6 0.5611189637039529 0.09165001009563686 0.027739897670579338 0.06789219365265156
6 0.5898890948661888 0.1479311023363626 0.019603171076327718 0.04659385517284949
23 0.5671033700809595 0.17597954598901416 0.028848696291098364 0.07416492570596289
23 0.5709896879233554 0.26506477804232553 0.027409027023793088 0.07646321159934022
23 0.5754115943003619 0.3494397780423255 0.026259284825709096 0.06940922954602886
23 0.7811226837394838 0.36301523007475434 0.02621834124814413 0.06862797954602887
6 0.8077261273170487 0.36302359026216874 0.024000744007106077 0.05608251543940614
1 0.686574823608147 0.44009821879198324 0.16936182666036464 0.7608047708496825
23 0.5789670414959713 0.4471414921489482 0.028971527023793086 0.07650867570596294
6 0.8107902515818797 0.45135030436879137 0.023260437584671223 0.05684103338609496
23 0.7849680580043149 0.4513192121280657 0.02634449400710608 0.05615071159934022
23 0.5840883107178483 0.5299312600956368 0.025273316937884614 0.0654802474927175
23 0.7901712143813213 0.5356714800747543 0.025068599050060314 0.061573997492717504
6 0.8164028437345351 0.54351507231548 0.023055719696846923 0.05293478338609496
23 0.5902774349826793 0.6181670459890143 0.023055719696846565 0.05293478338609496
23 0.795742862956412 0.6270549980214429 0.027040534825709096 0.06943196159934022
6 0.8211113551544958 0.63335882231548 0.02243824400710608 0.056037051332783604
23 0.5944946234718615 0.6986357959890142 0.026013623360319826 0.06472172954602887
6 0.8258231886007239 0.7083360902621687 0.0225610747398008 0.0583808013327836
23 0.798766043643678 0.7146004621280657 0.023874591248144127 0.06855978338609496
23 0.5980091270899062 0.7955562600956368 0.024696784825709094 0.06936376543940614
6 0.830777361486074 0.8028673402621687 0.0217798247398008 0.05835806927947225
23 0.8052008293738983 0.807523748021443 0.022929566937884616 0.0654120513327836
6 0.7757457027342181 0.8725409942605193 0.018140247625150784 0.1526392666930473
6 0.7869288641996073 0.8769102455141606 0.017239488918723466 0.13545176669304765
23 0.6035807756649966 0.8869397780423256 0.027409027023792908 0.07646321159934004
6 0.8346227357509048 0.89117132231548 0.0225610747398008 0.0583808013327836
23 0.8095817921733399 0.8911174980214429 0.023915534825709274 0.06934103338609496
6 0.6481839467413243 0.9318059971635131 0.015478915083433974 0.10185801669304731
6 0.6591214467413243 0.9314877484171543 0.013135165083433976 0.10178982053311358
6 0.6708401967413243 0.9311467676174843 0.016260165083433975 0.10188074874635866
6 0.6837086889394082 0.9378143047645029 0.013960680687265992 0.0877727846397363
23 0.60738852837853 0.9595960280423256 0.024413501809022263 0.049073997492717326