1 0.7703125 0.0453125 0.3484375 0.090625
1 0.9828125 0.06484375 0.034375 0.1296875
6 0.28359375 0.0125 0.03046875 0.025
6 0.25078125 0.0125 0.02578125 0.025
1 0.45390625 0.09296875 0.2671875 0.1859375
6 0.27109375 0.13984375 0.07578125 0.0984375
1 0.87578125 0.1796875 0.0890625 0.125
1 0.64609375 0.18515625 0.08125 0.11640625
1 0.7609375 0.18984375 0.084375 0.11484375
6 0.9609375 0.20390625 0.04921875 0.09921875
1 0.4859375 0.28671875 0.134375 0.14375
1 0.3359375 0.2921875 0.14921875 0.1484375
9 0.11328125 0.41328125 0.20546875 0.8265625
1 0.865625 0.38359375 0.17734375 0.234375
1 0.65703125 0.39140625 0.19375 0.22421875
23 0.52578125 0.45234375 0.07578125 0.17421875
1 0.98359375 0.5515625 0.0328125 0.346875
1 0.89765625 0.59140625 0.07421875 0.11796875
6 0.51484375 0.61484375 0.053125 0.14375
6 0.4546875 0.659375 0.04453125 0.0578125
1 0.90078125 0.72109375 0.06640625 0.10078125
6 0.515625 0.76015625 0.0578125 0.14375
1 0.9015625 0.8546875 0.084375 0.1109375