6 0.30842912608153583 0.9960236276591669 0.01151050296574958 0.007952744681666245
6 0.6318666260815358 0.9997922192952519 0.010729252965749581 0.00041556140949623456
23 0.8712355322033153 0.95279692821395 0.01477210722409339 0.09440614357210002
23 0.8557696996938013 0.9563260277580472 0.014485605741218422 0.08734794448390559
6 0.9202195188574425 0.8898886093261462 0.025429717413936005 0.22022278134770765
6 0.5610262495800706 0.8005916796146184 0.017240532623244674 0.15494207313826394
6 0.7024324995800705 0.803882946616459 0.015614365627050297 0.15334320554708328
6 0.5755834980971958 0.7939059217308337 0.017781702090897154 0.16822332313826394
6 0.6311795820895846 0.7983219712177435 0.016713950608022186 0.1611738893426736
6 0.6171170820895846 0.7979946628971185 0.015215117604216743 0.16270002175149312
6 0.6450192476029042 0.7931805295383686 0.01719145307948029 0.1728926393426736
6 0.6741801655876818 0.8001033299752089 0.016682117109925086 0.16039263934267362
6 0.6593045820895845 0.7989765878589935 0.015996367604216744 0.16271820554708327
6 0.7147414985914873 0.7994863873459034 0.016268281634661718 0.1502363893426736
6 0.7294260811010014 0.7959256294621186 0.01577353311753633 0.15724945554708328
6 0.6027999141048069 0.7914173545764935 0.01586903361182799 0.15959320554708328
6 0.5888965815952929 0.7949962962558685 0.016187368592800056 0.16740570554708345
6 0.6880834980971958 0.7965243882958338 0.017240532623244674 0.15494207313826394
6 0.7441106636105154 0.792364871578334 0.0161237015966055 0.16584320554708326
23 0.8954503291238349 0.7904237779228479 0.016922197642272607 0.14712957313826394
6 0.8642175751695023 0.7709646098948271 0.04347011018984297 0.1282347559839236
1 0.4578720746752108 0.7591652861878824 0.07493626338305397 0.4599029832825002
6 0.39325381775512847 0.7248798987450698 0.01147069368794007 0.1282704703647223
6 0.38316123475132285 0.7262060094023962 0.012124609695551314 0.12516365416031264
6 0.5169950652836706 0.716052372243924 0.018475427376317733 0.051163109707395904
23 0.3651142303026986 0.7047122158994099 0.02226893083635879 0.06764209488975688
23 0.12128863444731172 0.6397184230620139 0.014451113649884028 0.14395002175149293
23 0.07894196695682576 0.6348302481001389 0.014769448630855964 0.15176252175149313
23 0.14837771646253417 0.6341048559076737 0.015709866121341953 0.15568695554708328
23 0.24606579996063135 0.6371590803564585 0.015678032623244763 0.15490570554708327
23 0.13421971596824256 0.6314337975870487 0.014578447642272785 0.14707502175149295
23 0.10703513345872855 0.634703614741389 0.015614365627050385 0.15334320554708328
23 0.2743181339530201 0.6409386969977084 0.016777617604216744 0.1627363893426736
23 0.23193963296443698 0.6352692720358335 0.01658661661563361 0.1580488893426736
23 0.16250388345872854 0.6359946642282986 0.015582532128953197 0.15256195554708327
23 0.26016013345872857 0.6382676386770836 0.01693678509470269 0.1666426393426736
23 0.19121913247014538 0.631979964665139 0.015964534106119553 0.16193695554708326
23 0.20462771646253416 0.6354140891901737 0.014960449619439143 0.1564500217514931
23 0.2178452994663398 0.6341607137152085 0.015837200113730708 0.15881195554708327
23 0.175530465473951 0.6300537887533334 0.01531061809850831 0.16504377175149293
23 0.09177754798346502 0.6242018726251737 0.018004536577577456 0.17369207313826393
6 0.5126166299986874 0.6277529384483337 0.020116181824942105 0.07227504350298623
23 0.5954463760443547 0.6109486045764936 0.0161555350947026 0.16662445554708327
23 0.6092542080595772 0.6050259128971186 0.01548703163466154 0.15021820554708326
23 0.6803479580595772 0.6066806382958339 0.014737615132758819 0.15098127175149295
23 0.55375362456148 0.6029536134102088 0.017145032128953196 0.15259832313826394
23 0.6529405410633828 0.6044817054501742 0.017781702090897154 0.16822332313826394
23 0.5679116250557715 0.6056246717308338 0.015391531140370063 0.14787445554708328
23 0.6663172915576744 0.6071345799752088 0.016777617604216744 0.1627363893426736
23 0.7216268740671884 0.6045193794621186 0.01574169961943923 0.15646820554708327
23 0.6373792080595772 0.6056805295383686 0.01626828163466154 0.1502363893426736
23 0.7075643740671884 0.6041920711414936 0.01655478311753633 0.1572676393426736
23 0.6934700405690912 0.6030835128208686 0.015837200113730708 0.15881195554708327
23 0.7356257070709941 0.6032841877827437 0.016109114144175506 0.1463301393426736
23 0.6230938735728968 0.5998844712177436 0.016713950608022186 0.1611738893426736
23 0.5807472060824108 0.5949962962558685 0.018626619087091532 0.16980400693385428
23 0.3489732826604258 0.5576008265567364 0.015423364638467163 0.14865570554708327
23 0.36290844866803706 0.5548031348773614 0.015678032623244676 0.15490570554708327
23 0.8416263562726913 0.5230174191653826 0.016459282623244677 0.1549238893426736
6 0.827644769314553 0.5055207946403479 0.014005444676523381 0.13301252175149295
23 0.32090267939066514 0.46250587889343775 0.024404433802108372 0.08174096248093754
23 0.22508084342111 0.44778745583142376 0.017622534600411122 0.16431707313826394
23 0.11352126091159595 0.449093423062014 0.01360619665368965 0.14236933795590279
23 0.09949059440969317 0.4495473647413889 0.014896782623244764 0.15488752175149312
23 0.1407695104173044 0.44738610590767375 0.015359697642272786 0.14709320554708327
23 0.1828296764249156 0.44524303086954875 0.01633194863085601 0.1517988893426736
23 0.1273609264249156 0.443951981382639 0.015582532128953197 0.15256195554708327
23 0.19623826041730438 0.4486771553945835 0.016682117109925086 0.16039263934267362
23 0.2110820104173044 0.44902264751079873 0.017495200608022364 0.16119207313826395
23 0.1687353429268184 0.44413447254892374 0.015678032623244763 0.15490570554708327
23 0.0711427599230128 0.44342399810013894 0.016331948630855964 0.1517988893426736
23 0.26648709342111 0.4487511969977085 0.017590701102313845 0.16353582313826392
23 0.08507792593062401 0.44062630642076395 0.015024116615633543 0.1580125217514931
23 0.23895234243252678 0.4434272641520488 0.01661845011373071 0.1588301393426736
23 0.15464100942872122 0.44302591422829873 0.015709866121341953 0.15568695554708328
23 0.25129317494204084 0.43981195488149327 0.016968618592799876 0.1674238893426736