6 0.3609375 0.003125 0.00625 0.00625
6 0.446875 0.01015625 0.0078125 0.0203125
6 0.38515625 0.003125 0.0078125 0.00625
6 0.43203125 0.00703125 0.00703125 0.01328125
6 0.4078125 0.00703125 0.00703125 0.01328125
6 0.4828125 0.00703125 0.0078125 0.01328125
6 0.371875 0.01328125 0.009375 0.0265625
6 0.47265625 0.00703125 0.0078125 0.01328125
6 0.396875 0.01015625 0.00703125 0.0203125
6 0.4203125 0.01328125 0.009375 0.0265625
6 0.51640625 0.01328125 0.0078125 0.0265625
6 0.46015625 0.01328125 0.0078125 0.0265625
6 0.496875 0.0171875 0.0078125 0.03359375
6 0.50625 0.0203125 0.00703125 0.040625
6 0.8640625 0.0578125 0.0484375 0.11484375
6 0.2328125 0.1328125 0.03515625 0.11640625
23 0.5328125 0.159375 0.0125 0.14375
6 0.503125 0.19140625 0.03671875 0.0859375
23 0.45234375 0.19921875 0.025 0.0609375
6 0.865625 0.2078125 0.0515625 0.13203125
6 0.646875 0.21875 0.02265625 0.2890625
6 0.6734375 0.2265625 0.0171875 0.2765625
6 0.725 0.2265625 0.0171875 0.26484375
6 0.75 0.23125 0.0171875 0.26015625
6 0.69921875 0.23828125 0.01640625 0.2734375
6 0.825 0.24375 0.0171875 0.2578125
6 0.80078125 0.24140625 0.015625 0.28046875
6 0.77578125 0.24296875 0.015625 0.25625
6 0.2328125 0.26171875 0.0375 0.090625
6 0.33671875 0.27109375 0.0125 0.20390625
6 0.35859375 0.2734375 0.0140625 0.1953125
23 0.37734375 0.29765625 0.01015625 0.13515625
23 0.51015625 0.296875 0.02265625 0.06640625
23 0.31875 0.309375 0.009375 0.1328125
6 0.4171875 0.31328125 0.0359375 0.0859375
6 0.28046875 0.31328125 0.015625 0.19375
6 0.3 0.315625 0.0140625 0.1859375
6 0.86640625 0.36171875 0.05 0.128125
6 0.08984375 0.36953125 0.0359375 0.10390625
6 0.13125 0.4640625 0.01953125 0.05078125
28 0.50546875 0.4796875 0.034375 0.18828125
23 0.10234375 0.509375 0.0125 0.13984375
23 0.0859375 0.5109375 0.01171875 0.14375
23 0.70234375 0.55 0.02421875 0.0734375
6 0.35703125 0.5546875 0.01328125 0.190625
6 0.25859375 0.553125 0.0140625 0.21328125
6 0.37890625 0.55703125 0.01171875 0.18203125
6 0.31640625 0.55703125 0.01328125 0.209375
6 0.3359375 0.55625 0.0140625 0.19296875
28 0.41640625 0.56328125 0.0328125 0.18046875
6 0.159375 0.56953125 0.01875 0.28828125
6 0.18515625 0.56953125 0.0203125 0.28828125
6 0.23515625 0.57265625 0.01640625 0.26640625
6 0.21015625 0.578125 0.01796875 0.278125
23 0.13828125 0.57734375 0.0078125 0.12734375
6 0.12578125 0.58359375 0.00703125 0.1265625
23 0.6171875 0.59140625 0.00703125 0.1296875
6 0.6796875 0.5875 0.01015625 0.12109375
6 0.6015625 0.59375 0.01484375 0.16015625
6 0.66640625 0.58984375 0.009375 0.125
6 0.7328125 0.59140625 0.009375 0.128125
6 0.759375 0.59296875 0.01015625 0.13203125
6 0.7203125 0.59453125 0.00703125 0.1359375
6 0.746875 0.59765625 0.009375 0.12734375
6 0.77421875 0.6 0.01015625 0.11875
6 0.78671875 0.603125 0.00859375 0.12578125
6 0.80078125 0.61015625 0.01015625 0.125
6 0.82734375 0.61640625 0.00859375 0.12421875
23 0.29375 0.61953125 0.01015625 0.14453125
23 0.2765625 0.61796875 0.01015625 0.12890625
6 0.6484375 0.61953125 0.01640625 0.2796875
6 0.7015625 0.63515625 0.0234375 0.06796875
28 0.471875 0.6765625 0.028125 0.1640625
23 0.63046875 0.68984375 0.00859375 0.1234375
23 0.4046875 0.71171875 0.021875 0.059375
6 0.06484375 0.76796875 0.015625 0.22421875
6 0.0453125 0.76953125 0.015625 0.228125
1 0.09765625 0.77578125 0.0265625 0.30859375
1 0.60546875 0.8078125 0.03203125 0.21015625
6 0.15859375 0.81796875 0.025 0.06796875
6 0.18984375 0.8140625 0.0203125 0.06015625
6 0.37890625 0.81640625 0.01640625 0.21328125
6 0.22734375 0.825 0.0328125 0.08203125
28 0.28671875 0.8265625 0.03046875 0.153125
6 0.25859375 0.85703125 0.01171875 0.14609375
9 0.7734375 0.8953125 0.1375 0.209375
6 0.6078125 0.97265625 0.025 0.05390625
6 0.15859375 0.9625 0.0109375 0.07421875
6 0.3453125 0.9828125 0.02265625 0.03359375
6 0.3734375 0.9859375 0.025 0.028125
28 0.23203125 0.95625 0.02734375 0.0875
23 0.25859375 0.97578125 0.0078125 0.0484375
28 0.284375 0.97578125 0.028125 0.0484375