6 0.014002629828593502 0.9226037711172745 0.01949199459715381 0.1475120368317029
6 0.028846379828593505 0.9217392211313922 0.021054494597153806 0.14760304209337463
6 0.04474439561360905 0.9161416685146735 0.022336273536348983 0.15624229472421086
6 0.00510470369089177 0.9187353184723213 0.01020940738178354 0.1561057868317029
6 0.06540550610871788 0.8822371053746114 0.030845994526566646 0.22214031050922642
23 0.6289674771695226 0.8579779559110738 0.03214391304124007 0.1241123341867496
6 0.2751738902107629 0.7563439213572709 0.03522965763839396 0.2706688157708982
6 0.6421562638600513 0.6983754427568941 0.041541299844708134 0.1651468578642728
6 0.7343283533084728 0.6665346375799269 0.030741036761115836 0.08665783681758547
6 0.41933268486438635 0.6607444530684764 0.028351784130279965 0.08574007892507769
6 0.1382646953877301 0.6740004001694092 0.03292516304124016 0.12415783681758548
6 0.3853672085419097 0.655715318825257 0.02756282885449064 0.09893032366340578