6 0.55703125 0.81328125 0.0375 0.1375
23 0.58359375 0.82265625 0.01171875 0.15625
6 0.77734375 0.878125 0.0171875 0.0546875
6 0.4546875 0.884375 0.01640625 0.06640625
6 0.15 0.88828125 0.01484375 0.06015625
6 0.1171875 0.8890625 0.01953125 0.07578125
23 0.078125 0.925 0.009375 0.15
6 0.73203125 0.92890625 0.0109375 0.1421875
6 0.40859375 0.9328125 0.01015625 0.134375
6 0.4546875 0.9640625 0.0171875 0.05625
6 0.778125 0.96328125 0.01640625 0.06875
6 0.14921875 0.97109375 0.0171875 0.0578125
23 0.16640625 0.97109375 0.0109375 0.0578125
23 0.1828125 0.97890625 0.01015625 0.0421875
6 0.11640625 0.98203125 0.015625 0.03515625
6 0.603125 0.509375 0.01640625 0.06796875
6 0.56796875 0.51171875 0.0171875 0.059375
6 0.55703125 0.6359375 0.03671875 0.13671875
6 0.61171875 0.634375 0.03515625 0.134375