1 0.490625 0.1703125 0.2171875 0.17421875
1 0.3078125 0.20859375 0.0890625 0.1078125
6 0.6484375 0.23515625 0.09375 0.06015625
1 0.9734375 0.2765625 0.053125 0.33671875
1 0.31015625 0.340625 0.084375 0.0921875
1 0.48984375 0.3578125 0.2203125 0.17421875
1 0.31171875 0.459375 0.084375 0.08359375
1 0.4921875 0.55078125 0.225 0.17421875
1 0.8078125 0.565625 0.2234375 0.21171875
1 0.30625 0.609375 0.134375 0.15234375
9 0.1046875 0.59921875 0.20703125 0.8015625
1 0.49609375 0.73515625 0.221875 0.18125
1 0.8671875 0.7578125 0.13359375 0.13671875
1 0.73515625 0.76328125 0.07890625 0.1421875
1 0.309375 0.790625 0.1390625 0.13359375
1 0.98125 0.84140625 0.0375 0.3171875
23 0.24375 0.915625 0.02890625 0.07421875
1 0.3171875 0.9359375 0.09765625 0.0984375
1 0.83515625 0.9234375 0.2140625 0.153125
23 0.24140625 0.9796875 0.0296875 0.040625
1 0.54609375 0.92109375 0.3 0.15703125
1 0.8578125 0.1328125 0.0890625 0.128125