6 0.75859375 0.0625625788679015 0.03125 0.125125157735803
1 0.66484375 0.06880178228253257 0.03671875 0.13760356456506515
6 0.59140625 0.022340640406604686 0.02578125 0.04468128081320937
6 0.56640625 0.07765252996446904 0.0234375 0.1553050599289381
23 0.3 0.0413354503056277 0.028125 0.0826709006112554
6 0.73515625 0.0598163069603766 0.01328125 0.1196326139207532
6 0.72109375 0.0670309725528517 0.0140625 0.1340619451057034
6 0.07734375 0.0951653358210773 0.0328125 0.1314071302577248
6 0.5921875 0.10568351820582404 0.02578125 0.09744488805964088
23 0.30078125 0.14439297263752277 0.02734375 0.08971427521477064
23 0.2015625 0.17068655698826202 0.02578125 0.10447613805964089
6 0.16171875 0.2024621794440707 0.04453125 0.14999003392119797
1 0.23125 0.2081932010407967 0.015625 0.18050637155129756
23 0.11875 0.25080782621013886 0.02578125 0.0904136380596409
23 0.30078125 0.24048672263752277 0.0265625 0.10295458163720576
23 0.090625 0.2600942950024744 0.028125 0.09288021879233552
6 0.26640625 0.2704132400503773 0.0328125 0.3103133802577248
23 0.2015625 0.280842806988262 0.02578125 0.10447613805964089
23 0.3015625 0.3451332790599579 0.028125 0.09366146879233553
23 0.11796875 0.3531925197877038 0.02578125 0.0904136380596409
23 0.09140625 0.3631783514249095 0.02734375 0.09440177521477064
6 0.1625 0.3649212358665058 0.0453125 0.16018722749876274
6 0.24375 0.41300685379975877 0.0125 0.18034259724103804
23 0.22734375 0.4162104189286211 0.01640625 0.19929731512886234
23 0.209375 0.4296521212126132 0.01328125 0.19678979081860284
6 0.15546875 0.4926334780645897 0.02734375 0.11237052521477064
6 0.078125 0.5146556422435123 0.0328125 0.1353133802577247