23 0.912964915199035 0.9777907402374426 0.011995388964152198 0.044418519525114775
23 0.5981211651990348 0.9768737502652861 0.012776638964152199 0.046252499469427735
6 0.34322894731121045 0.9800027745639788 0.037367203188503326 0.03999445087204236
6 0.5848399151990348 0.9768396614187378 0.009651638964152198 0.046320677162524505
6 0.7745508683875382 0.9351794022453553 0.026573545341158678 0.12964119550928926
6 0.8040745940772787 0.9385883457463817 0.024642553143074508 0.12282330850723647
23 0.878589915199035 0.9776748381591777 0.022932888964152198 0.04465032368164472
23 0.6815068752849431 0.9663588217422767 0.02325711555840364 0.06728235651544665
6 0.7047363353708513 0.9575156434354554 0.019889776119281777 0.05166249394987581
23 0.5526349248099732 0.9370935382456528 0.02584652702379291 0.07590851502711474
6 0.37940214269779765 0.9321782583878153 0.019313244007106167 0.05556419877033605
6 0.47503554726578195 0.895245364068597 0.02676165309764631 0.20950927186280593
6 0.42914651515360636 0.8914003437721728 0.027130145295730122 0.21719931245565433
6 0.4533652651536063 0.8914696577601549 0.027911395295730123 0.21706068447969037
6 0.40431028946386577 0.8880073083995358 0.027498637493814114 0.22398538320092848
6 0.2502402651536063 0.8908810570097495 0.026348895295730125 0.21823788598050092
23 0.7293545550676981 0.9052991584625701 0.018344965512975264 0.15630908733401724
23 0.5342368068767204 0.8557117280389983 0.01900338478028054 0.15396988251355737
23 0.6865396132991555 0.8573792880492611 0.023011454093014548 0.0665198794884951
23 0.5766290247645447 0.8520509177341481 0.020149804952097127 0.17584488251355737
6 0.7108369284280178 0.8411093934354554 0.018572937584671045 0.056340903590796285
6 0.5231731541177583 0.8431435503459014 0.014199698100120627 0.12192045179539832
6 0.27202008989340715 0.8338675025340828 0.012678141677685505 0.12269261143631845
6 0.5587764614447046 0.8199060382456528 0.02391221279944169 0.08370737948849509
23 0.383981179332529 0.8149816680287356 0.023543720601357877 0.07667612948849509
6 0.14770616463320793 0.775314138269094 0.019740369176448346 0.16803238251355737
23 0.7344083045018712 0.7044860922057914 0.02424308344622812 0.07511817466803503
23 0.6950558774326497 0.6948792880492611 0.022929566937884616 0.06495737948849509
6 0.32873151458777944 0.6911850988450907 0.029627703527187597 0.26727840359079613
6 0.3055396760531687 0.6863612434588966 0.03176673563936312 0.26338578912941557
1 0.6381884017429093 0.691422489942855 0.07157726537668978 0.4120096414905479
23 0.7183196370435881 0.6535957578968359 0.01867251413349429 0.1625590873340176
23 0.572140677862191 0.6394600141433519 0.017809376978364357 0.16099204215447765
23 0.5887925893275803 0.6348679629136879 0.019081949909142894 0.1703715873340176
23 0.5318841700602749 0.6321924148072817 0.018549683400799565 0.1602153373340176
23 0.5451654200602748 0.6322696828594585 0.019327611374532337 0.1750590873340176
23 0.6988193645423509 0.6081559928697213 0.02083480042954129 0.05479203912941557
23 0.7733180755327703 0.5734224445669236 0.018181191202715753 0.15318408733401762
6 0.7611456241532893 0.5670997216942866 0.013459391677685418 0.1226971566158582
23 0.56675157225341 0.4440566105525557 0.01904432835784533 0.15475113251355738
6 0.7510037415207154 0.4474730229239506 0.03328497003553092 0.2774528343089555
23 0.5799918786758451 0.4449151286047325 0.018140247625150784 0.1524028373340176
6 0.28492171811496697 0.4236612555591449 0.042239488918723464 0.1353607830792914
6 0.5976673795803562 0.4207918273750684 0.02545145861557021 0.18759090359079628
6 0.6906737511316537 0.4057031585607659 0.015554158186028743 0.1328624969749379
23 0.7044020584586 0.3823383814334028 0.018058360470021028 0.15084033733401753
23 0.7190410905707756 0.3863309898446592 0.019208102668104843 0.15787613251355737
23 0.784130502036165 0.38202073974646333 0.018222134780280543 0.15396533733401752
23 0.7333083084586001 0.38250655307637577 0.017318054047585817 0.15161704215447766
6 0.7720808813893786 0.3733542668738264 0.013705053143074863 0.1273846566158582
6 0.34768839100031695 0.32946634884509074 0.0311902035271876 0.26728749394987583
6 0.325359689620836 0.3230845386384363 0.029545816372057842 0.2657159035907962
23 0.6362429579382016 0.266281589377121 0.017522771935410297 0.15552329215447766
6 0.3068420629811558 0.2588947736113217 0.015100456806547946 0.13910795179539814
6 0.2963549423343695 0.25023739109776433 0.013705053143074863 0.1273846566158583
23 0.7082750881959264 0.23387815553570376 0.024447801334052423 0.07902442466803503
23 0.6004625881959265 0.23325092075921017 0.02370749491161739 0.07980112948849527