6 0.5984375 0.0171875 0.01015625 0.03359375
6 0.60859375 0.01328125 0.0078125 0.0265625
6 0.62109375 0.0171875 0.0109375 0.03359375
6 0.63359375 0.0171875 0.009375 0.03359375
23 0.55625 0.01328125 0.021875 0.0265625
6 0.97421875 0.09609375 0.009375 0.13828125
6 0.99453125 0.1484375 0.0109375 0.28359375
6 0.6328125 0.325 0.0296875 0.31171875
6 0.49609375 0.34921875 0.01171875 0.1578125
23 0.509375 0.35546875 0.0109375 0.14296875
23 0.6046875 0.38125 0.01015625 0.14140625
6 0.45234375 0.403125 0.02265625 0.30703125
6 0.47578125 0.41328125 0.021875 0.31328125
23 0.721875 0.46875 0.02265625 0.06015625
23 0.86640625 0.46796875 0.01875 0.04375
23 0.83125 0.46953125 0.0203125 0.04765625
23 0.7546875 0.46875 0.02265625 0.059375
23 0.79375 0.47421875 0.01796875 0.04296875
9 0.78046875 0.80390625 0.2921875 0.3921875