23 0.6822297140859303 0.9327357612292154 0.024696163111827298 0.04971157366340577
23 0.7643890376787489 0.8321827534072949 0.030634620947865444 0.11156683155591338
23 0.6395710482020928 0.8363381743410427 0.029390639363716886 0.116944576294242
23 0.61493506924878 0.8315442585277923 0.028427378840373052 0.11377407366340578
23 0.6890628139871082 0.8287840085983795 0.028981115686193527 0.10991332629424164
23 0.714199321879616 0.82498417441163 0.02986107622365459 0.09828558155591374
23 0.739980571879616 0.8234825875940445 0.028298576223654594 0.09819457629424164
23 0.5892903271412878 0.8307020953453778 0.02999758411616238 0.10062933155591373
23 0.6642448245104519 0.8271150927851292 0.02851838410204497 0.11533657366340577
23 0.5645178402954676 0.8282519295321273 0.028935613055357478 0.109132076294242
23 0.4385545797721238 0.8387028530967113 0.027790342008670164 0.10283657366340578
23 0.48956334292630344 0.831838932092376 0.029072120947865442 0.11147582629424165
23 0.5146998508188112 0.8280390979056265 0.029170831485326332 0.09980257892507752
23 0.5398818613421549 0.823458013718877 0.028662597270342084 0.10444457629424164
23 0.46410061134215486 0.8278717689099617 0.03049040777956833 0.12245882892507787
23 0.41483635871131896 0.8315196846526248 0.029443847270341904 0.10449007892507786
23 0.36524588238884226 0.8274006030261241 0.028480586746998337 0.101319576294242
23 0.3402003797580063 0.8296379372128737 0.031643384102044966 0.11551858418674961
23 0.38923711923466264 0.8298962714702103 0.028981115686193527 0.10991332629424164
23 0.7891229981456229 0.7684541823747247 0.02753898400322292 0.21883329998588258
23 0.7441436980891531 0.7119003454865521 0.02884460779368574 0.10756957629424183
23 0.6957517007199892 0.7139402585983795 0.027244310438639018 0.09346157366340577
23 0.7209337112433328 0.7093591744116299 0.02921633411616238 0.10058382892507786
23 0.42015246124333283 0.7268776872834608 0.02917083148532651 0.09980257892507768
23 0.4451524612433328 0.7254216030967113 0.02917083148532651 0.09980257892507786
23 0.7708427059816609 0.7080095060381307 0.029724568331146804 0.09594183155591374
23 0.5954254770283484 0.7119975979762138 0.02876130780780315 0.0927713289250777
23 0.6461612243975124 0.7098211769718785 0.02806335779368574 0.10752407366340577
23 0.6703799743975124 0.708410595415965 0.030407107793685738 0.10766058155591374
23 0.4961612243975124 0.7185576820923761 0.02793455517696728 0.09194457629424183
23 0.6207894980750357 0.7042915137894641 0.028753602532014 0.10600707629424182
23 0.5205164822900202 0.7148033505364625 0.02742632096198285 0.09658657366340577
23 0.5712977322900202 0.7118456795321274 0.028207570961982852 0.09663207629424182
23 0.546388737551692 0.711739263718877 0.02917083148532651 0.09980257892507768
23 0.3967982612292154 0.7134445188393744 0.028162068331146806 0.09585082629424183
23 0.4710170112292154 0.7091217689099617 0.028943318331146807 0.09589632892507786
23 0.3719347691217232 0.712556853026124 0.030088589377834297 0.10219183155591374
23 0.34693476912172316 0.7140129372128736 0.030043086746998425 0.10141058155591373
23 0.9012575190511359 0.6077603351043828 0.0239288656156063 0.18358604472421067
6 0.7773040795603623 0.5970720060381307 0.029489349901177953 0.10527132892507769
6 0.7022130742986905 0.6030027585983795 0.030088589377834297 0.10219183155591374
6 0.6532673400837059 0.6011819243410427 0.026599568331146805 0.0957598210325699
6 0.7533583453453778 0.5937950875940443 0.027517326223654593 0.09814907366340594
6 0.8034493506070497 0.5893204192205452 0.028526089377834296 0.10210082629424182
6 0.628267340083706 0.6026380085277923 0.028897815700310935 0.09511507892507769
6 0.7284948532378855 0.5929074217807939 0.030179594639506035 0.10375433155591374
6 0.9273495821911982 0.5875542509176332 0.020121326153067543 0.171685284200867
23 0.4777591058687215 0.6067325162791257 0.03178759727034208 0.10462658681758548
6 0.6777136032378855 0.595865092785129 0.028617094639506034 0.10366332629424183
6 0.9160858584995573 0.580424290380172 0.019294573522231673 0.17085853157003114
6 0.5770233584995574 0.6001724321629632 0.030316102532014 0.10609808155591374
6 0.603813371653737 0.5947190927145419 0.030816631471208923 0.11469183155591374
6 0.4511966058687215 0.6082796057275471 0.027926849901177952 0.10518032366340595
6 0.4266971348079167 0.6011419399142968 0.02966365514873246 0.12163207629424182
6 0.5532141321770807 0.594551763718877 0.028617094639506034 0.10366332629424183
6 0.37779690322376813 0.59853985565696 0.02609133411616238 0.10040181840173404
6 0.4028424058546041 0.5963025214702105 0.028654891994552754 0.11768032366340594
6 0.5284416453312604 0.5921015979056266 0.029898873578701312 0.11230257892507786
6 0.3514164137471118 0.5969619451053815 0.031097352532013824 0.1061435841867496
6 0.06299792683070429 0.5359004316688531 0.020447549844708222 0.1639182868317029
6 0.025255003124946107 0.5155193132106494 0.03198356029746476 0.24167156050922625
23 0.048085558372500524 0.4978389895472435 0.03215786554501916 0.2580323078783904
23 0.2796148213855058 0.33252698975900497 0.020030320891395625 0.17012278420086702
23 0.25856657401634175 0.3329743107915749 0.017557768274677164 0.1544067789391952
23 0.26913234769386507 0.32535152659070793 0.01911256299888784 0.16773353157003107
23 0.29197060821720877 0.32090695029646615 0.02169153142885678 0.15854054209337481
6 0.030568918585260674 0.17029011319653192 0.02565796558737148 0.21327354472421073
6 0.21963141858526067 0.15927847653423818 0.041541299844708224 0.16514685786427288
6 0.450577581697088 0.09755420833014822 0.041450294583036396 0.1635843578642729
6 0.7953587316547356 0.05490342997807487 0.04085876038216938 0.10980685995614974
6 0.06756693159826596 0.018481019108854038 0.014084886803468066 0.036962038217708076
23 0.024825694752445584 0.015791964483715018 0.011286110495108831 0.031583928967430036
6 0.03810694475244558 0.01541656777931864 0.012067360495108837 0.03083313555863728
6 0.08263819475244558 0.014165245431330718 0.015192360495108836 0.028330490862661435
6 0.09725443159826597 0.017639220438389433 0.015647386803468066 0.035278440876778866
6 0.052950694752445585 0.01499566844408634 0.012848610495108836 0.02999133688817268
6 0.11623194475244558 0.013255192814612227 0.019879860495108835 0.026510385629224455
1 0.925182324510452 0.8119172140859302 0.06372638396087069 0.26532116311182746