1 0.8310816559227213 0.9470139315731636 0.30202724672063963 0.1059721368536728
1 0.45970130087976724 0.9350793828469574 0.30103795680654793 0.12984123430608535
1 0.2886308050636387 0.8351290012659444 0.08031934305716656 0.11899802586071573
1 0.6586567000206847 0.8425918487183571 0.08620085085908258 0.11218503067003915
1 0.9941173286965297 0.8519892184032887 0.01176534260694062 0.11898810217691817
1 0.44843849502315897 0.7447917218618496 0.13187187697836453 0.16524803248413775
1 0.8179288014455942 0.756914787463097 0.12957239258219672 0.15113096878180682
1 0.2790776633859532 0.7123636238612827 0.08583235866099877 0.10515378067003915
1 0.989030358999683 0.7347198728497923 0.02193928200063411 0.09415179328391084
1 0.6458966711878693 0.7181548439090337 0.09911360866099876 0.10561757213985139
1 0.4312698479184066 0.476713844457188 0.3202770369734157 0.3527455764010206
1 0.7974713800305822 0.4856027826537736 0.319741448438805 0.3574057945498552
1 0.6185297512431955 0.2703621846532066 0.08315773801421251 0.11363840326537736
1 0.9759660357302202 0.2760988409986269 0.048067928539559546 0.1145188569862416
1 0.41238157055592933 0.17582346705252622 0.1339290219354103 0.15986112803763391
1 0.781708102668105 0.18482153265377363 0.12854215909054006 0.1612326550794759
1 0.9728543238352897 0.15656759099862688 0.05429135232942066 0.11295635698624165