1 0.21535840315602997 0.07675773400322294 0.30053319368794007 0.1453249944559795
1 0.5862293186693496 0.10384023365028709 0.2994163626613009 0.15617148919430762
1 0.0013671875 0.07118475526167185 0.002734375 0.1423240078925078
1 0.7476204634224225 0.2173930413875031 0.07896194121648215 0.12072899992941286
1 0.3770851289357422 0.2012935443712749 0.08492543973360736 0.11406177097610026
1 0.023266403650321534 0.18353283681758553 0.04653280730064307 0.12019067363517104
1 0.5788611931564674 0.30388573628112303 0.12999520060802236 0.1681269156720761
1 0.20929810965837028 0.28314424189573073 0.12785969764227278 0.1539734104104042
1 0.7457476042211628 0.34023130191084683 0.08463893825073257 0.10703052097610026
1 0.02296797330825429 0.3008568447100933 0.04593594661650858 0.09546368942018653
1 0.3782736027382881 0.3258763154179623 0.09792018825073256 0.10780406570031094
1 0.5710673033091294 0.5720364968044667 0.31628682216657183 0.3597970181335029
1 0.20450188581864337 0.5546020129424181 0.315696573155155 0.36443901550266683
1 0.36393925832859486 0.7737600785721419 0.08186410672980182 0.11544226045275643
1 0.014613009354359111 0.7594960973409293 0.029226018708718222 0.11586719468185844
1 0.561936406541709 0.8729997573278103 0.13211611612134194 0.1627946735645839
1 0.192245989051223 0.8553832629424182 0.12671103311753634 0.16403865514873245
1 0.012161830000875038 0.8790273473409294 0.024323660001750076 0.11430469468185862