1 0.822706693650759 0.3157388071019315 0.30975032068369684 0.3524017470868154
1 0.45548736015266184 0.2951338206090469 0.3085379891627662 0.36090449182514356
1 0.12201428025676919 0.283797418302912 0.24402856051353838 0.35118858660582397
1 0.9573987341454882 0.5271907885449056 0.05067777372599593 0.1151846552193195
1 0.23907981566641903 0.493967620806691 0.09430043973360736 0.11460780254613141
1 0.616264398175933 0.5198516415004425 0.09195668973360753 0.11447129465362345
1 0.8161105478719218 0.612151075517783 0.13686728311753632 0.16463018934959947
1 0.4438853793928527 0.599085573239883 0.13661261513275882 0.15838018934959947
1 0.07279162939285272 0.5774718235928187 0.1207475346004111 0.17070588410204496
1 0.9563707919404228 0.6485120516990853 0.04278701927737174 0.09368138154179614
1 0.6146462069594508 0.6364399020237863 0.10504693874502422 0.1105573393778343
1 0.23720695646515927 0.6168058813300348 0.09508168973360735 0.11465330517696729
1 0.8051598245264865 0.8541306648026057 0.30790131920082225 0.29173867039478873
1 0.4417830740321949 0.8438736741869992 0.312716153193211 0.3122526516260017
1 0.11089344883152545 0.841417625657709 0.2217868976630509 0.31716474868458205