6 0.29736572581689324 0.2871240191860419 0.03212272779405963 0.2903165286853472
6 0.5851694733454353 0.28211508975885463 0.031182310303573678 0.286392094889757
23 0.02893937798434005 0.2121915286853472 0.01739970011373073 0.15884832313826394
6 0.14546369171077375 0.1220230832062501 0.018889262851581278 0.06131935970739581
6 0.7393091922050654 0.13818651785486172 0.019239431330650446 0.06991310970739581
6 0.4157125247145793 0.12675217648048645 0.018235346843970036 0.06442617591180558
6 0.45689594022789903 0.12224716764677121 0.02414976581733086 0.07549096248093749
23 0.8856456813306505 0.09007893901701462 0.023336682319233405 0.07469152868534726
23 0.8606456813306504 0.08949705755812572 0.023877851786885885 0.08797277868534725
6 0.1663372658173308 0.0788004132783682 0.017049531634661587 0.1502545731382639
6 0.7741497658173307 0.09294740624760481 0.017049531634661542 0.1502545731382639
23 0.8242625123572896 0.07772310296097291 0.02266552026595505 0.09653016109416668
6 0.4128475098858318 0.05643967648048646 0.019734179847775656 0.06290004350298613
6 0.8059435938782205 0.06871112566239651 0.011074104258344163 0.09938240416031252
6 0.8420084278706093 0.07267258025954931 0.011360605741218421 0.10641365416031252
6 0.14234400889724858 0.04546058320625012 0.019334931824942014 0.07225685970739584
6 0.9029459278706092 0.07409091631559103 0.011360605741218421 0.1064136541603125
6 0.7359030079086655 0.05459276785486172 0.019957014334455892 0.06836879350298612
23 0.02341759536109529 0.057522212480937515 0.013990857224093378 0.11349945554708336
23 0.20833642342198502 0.03684995583142379 0.012766596843970034 0.06429888934267362
23 0.11146142342198502 0.03459516517822926 0.011985346843970035 0.06428070554708334
23 0.125523923421985 0.03492247349885427 0.012766596843970034 0.06429888934267361
6 0.46039367193911024 0.03569207180708372 0.041881093878220456 0.050927373575104205
23 0.8579716674904858 0.023872057558125718 0.019817751482874967 0.007485844889756959
23 0.8212529174904859 0.02301741916538263 0.020599001482874968 0.007504028685347242
23 0.0624509204562355 0.019405269851631997 0.011588757414373818 0.03539263934267362