6 0.9828125 0.78046875 0.02578125 0.0859375
23 0.046875 0.77890625 0.0203125 0.08359375
23 0.3859375 0.7890625 0.02109375 0.059375
23 0.33359375 0.7984375 0.01953125 0.078125
23 0.659375 0.803125 0.02265625 0.0875
6 0.74140625 0.83515625 0.009375 0.1375
6 0.75625 0.83515625 0.009375 0.1375
23 0.621875 0.84296875 0.0125 0.16796875
23 0.01875 0.84921875 0.01484375 0.209375
6 0.9453125 0.8546875 0.0109375 0.190625
6 0.9828125 0.86484375 0.0171875 0.0953125
23 0.3859375 0.86953125 0.02109375 0.07421875
23 0.659375 0.871875 0.02109375 0.0796875
23 0.0484375 0.88125 0.02109375 0.0984375
23 0.32734375 0.93046875 0.034375 0.1390625
6 0.809375 0.590625 0.03828125 0.17421875
23 0.1734375 0.63046875 0.021875 0.296875