23 0.13328849872690635 0.44002194325694016 0.02714485001590834 0.1179376577592743
23 0.3359140593968607 0.4583530914493029 0.024601105346908448 0.10068196159934022
23 0.13553334607731463 0.5657804612036288 0.024482926678863048 0.09052571159934023
23 0.2779935660804963 0.5850807275009648 0.012510732694135029 0.2026392666930473
23 0.3357878847469508 0.5818360555559255 0.026763042011454095 0.08512515775927412
23 0.2812565681094495 0.7983392454476534 0.016607886696362328 0.2191591769596041
6 0.18485428278163107 0.8417830200582598 0.03225052068745358 0.15401155007914227
6 0.7780139367838583 0.8409356415949523 0.03381302068745349 0.15405701418576498
6 0.22418041211804002 0.8633026673926928 0.022847701344681327 0.08423024749271732
6 0.42496166211804 0.8574605296916781 0.03297722668681722 0.14934678213245361
23 0.04596560013522105 0.9950935396543009 0.011809656667727219 0.008153480799670376