28 0.7046875 0.0140625 0.03359375 0.028125
6 0.54296875 0.00859375 0.01015625 0.0171875
6 0.5875 0.003125 0.01328125 0.00546875
6 0.571875 0.00546875 0.01328125 0.0109375
6 0.5 0.003125 0.01171875 0.00546875
6 0.103125 0.01953125 0.0125 0.0390625
6 0.6625 0.00546875 0.025 0.0109375
6 0.01171875 0.06171875 0.0234375 0.1234375
6 0.29375 0.05078125 0.01484375 0.1015625
23 0.30625 0.05390625 0.01171875 0.10703125
6 0.32109375 0.05390625 0.01171875 0.10703125
1 0.35 0.1046875 0.03046875 0.209375
23 0.70625 0.0796875 0.02578125 0.06953125
23 0.65546875 0.08125 0.02734375 0.07109375
23 0.7578125 0.153125 0.0140625 0.159375
23 0.70625 0.15703125 0.02890625 0.08828125
23 0.65390625 0.1578125 0.02421875 0.0546875
6 0.3890625 0.24609375 0.02890625 0.22109375
6 0.41875 0.2484375 0.03359375 0.22578125
6 0.4484375 0.25234375 0.0296875 0.2
6 0.7796875 0.2515625 0.021875 0.22109375
23 0.46875 0.29921875 0.01484375 0.146875
23 0.7578125 0.30078125 0.0140625 0.115625
23 0.59765625 0.33984375 0.0109375 0.1484375
6 0.5828125 0.34609375 0.01328125 0.15
23 0.3359375 0.3515625 0.01171875 0.1265625
23 0.67890625 0.3515625 0.01171875 0.1375
23 0.52421875 0.35390625 0.015625 0.13203125
23 0.3234375 0.3578125 0.01015625 0.1609375
6 0.48984375 0.36015625 0.01171875 0.14375
23 0.3484375 0.359375 0.01171875 0.13203125
6 0.3109375 0.359375 0.0140625 0.15390625
6 0.50390625 0.36015625 0.015625 0.1328125
23 0.36484375 0.3671875 0.01328125 0.146875
6 0.66171875 0.365625 0.01875 0.234375
6 0.6375 0.37109375 0.01796875 0.2109375
6 0.5625 0.41875 0.01484375 0.13671875
23 0.54296875 0.42421875 0.0171875 0.1484375
6 0.696875 0.4609375 0.015625 0.13046875
23 0.71015625 0.46796875 0.009375 0.12265625
6 0.72265625 0.46796875 0.01328125 0.1453125
6 0.778125 0.48203125 0.02421875 0.17265625
28 0.74765625 0.48984375 0.03125 0.19921875
23 0.61953125 0.559375 0.0125 0.146875
23 0.6046875 0.56640625 0.0125 0.15
23 0.52421875 0.5796875 0.01171875 0.15390625
23 0.509375 0.58046875 0.00859375 0.14453125
1 0.55703125 0.58046875 0.03828125 0.1328125
6 0.72265625 0.61484375 0.0140625 0.1328125
23 0.7109375 0.61953125 0.0140625 0.13203125
23 0.775 0.7390625 0.028125 0.0546875