9 0.7756571255167286 0.037208781456585405 0.14190286372990446 0.07441756291317081
6 0.608285534946188 0.001495337688379246 0.025946069892376043 0.002990675376758492
6 0.16034034057054058 0.03507694627548862 0.014394293837528238 0.07015389255097725
6 0.3461130206781644 0.012133211104700956 0.024220904052775973 0.024266422209401912
6 0.3742380206781644 0.01174108318508033 0.02656465405277597 0.02348216637016066
28 0.23425087551672866 0.04428413304974015 0.03174661372990437 0.0885682660994803
23 0.2611044739451521 0.050200925310251485 0.012833947890304209 0.10040185062050297
28 0.28799445967712844 0.056987805737154576 0.03302016935425689 0.11397561147430915
6 0.4071297574435981 0.10784697459797095 0.04028470574818695 0.07763090650563301
6 0.18474748924663303 0.13700459184501435 0.028165695409104786 0.0686961757059629
6 0.030877626550185954 0.1427414294668866 0.030505253100371908 0.2854828589337732
6 0.010002200371503525 0.14756532178675463 0.01942220388616019 0.28299435642649073
23 0.29521410835322087 0.15725960438142667 0.02614943114108117 0.07565922954602886
23 0.3220313194780914 0.16195546456884108 0.026166547766469605 0.05927571159934022
6 0.14308868217453846 0.16637985477713807 0.04644696856846862 0.1261820667721897
23 0.2153468258882322 0.1893112379258061 0.01719611621110371 0.13469324874635874
28 0.24573214681406563 0.3042088122198432 0.03380572745980874 0.18978992570596293
23 0.21473685793893615 0.3105868443522968 0.02802014619489306 0.06557117570596294
28 0.15078567390237083 0.3484338368304495 0.03938363937046754 0.19229280007914226
6 0.1761131596343472 0.3547376611244865 0.02264774958571527 0.1512358910662268
23 0.21777627481199363 0.39264082640560816 0.024967920801998923 0.0670427474927175