6 0.5171875 0.02421875 0.02890625 0.04765625
6 0.46328125 0.02421875 0.02890625 0.04765625
6 0.49140625 0.02421875 0.025 0.04765625
6 0.43515625 0.02421875 0.0265625 0.04765625
6 0.40703125 0.02734375 0.0265625 0.0546875
6 0.98671875 0.071875 0.02578125 0.103125
6 0.93984375 0.1375 0.015625 0.165625
6 0.9234375 0.146875 0.0140625 0.184375
6 0.909375 0.14609375 0.0140625 0.18359375
23 0.8890625 0.19765625 0.01328125 0.17578125
23 0.86015625 0.20546875 0.015625 0.19140625
6 0.87421875 0.20234375 0.01640625 0.1859375
1 0.65703125 0.2359375 0.03828125 0.1984375
6 0.72421875 0.2578125 0.046875 0.228125
6 0.828125 0.2703125 0.03203125 0.13046875
6 0.37265625 0.29921875 0.028125 0.1046875
23 0.91875 0.303125 0.028125 0.09921875
1 0.9875 0.3015625 0.025 0.19140625
6 0.86953125 0.36953125 0.0328125 0.121875
6 0.58125 0.37421875 0.02734375 0.1046875
23 0.76953125 0.3953125 0.0140625 0.18828125
6 0.7828125 0.39296875 0.0125 0.18359375
23 0.7546875 0.39453125 0.01484375 0.18671875
23 0.63984375 0.4546875 0.01484375 0.1828125
6 0.821875 0.45078125 0.04609375 0.20234375
23 0.65546875 0.45234375 0.0171875 0.19296875
23 0.6875 0.453125 0.0140625 0.19375
23 0.671875 0.45625 0.015625 0.1859375
23 0.62421875 0.46328125 0.015625 0.20078125
6 0.58125 0.47890625 0.028125 0.09375
6 0.72578125 0.48125 0.04375 0.20859375
6 0.37265625 0.49453125 0.02734375 0.09921875
6 0.3125 0.5 0.0265625 0.096875
6 0.340625 0.5015625 0.02890625 0.1125
6 0.87734375 0.54609375 0.04296875 0.2015625
6 0.58203125 0.57890625 0.02734375 0.10390625
23 0.33984375 0.5859375 0.02578125 0.0890625
23 0.31328125 0.59765625 0.028125 0.1
6 0.371875 0.596875 0.028125 0.084375
6 0.5828125 0.6765625 0.03046875 0.09296875
6 0.371875 0.69921875 0.028125 0.09609375
23 0.93359375 0.75390625 0.01328125 0.1921875
23 0.91796875 0.75625 0.015625 0.19765625
6 0.58203125 0.778125 0.02890625 0.08984375
23 0.3734375 0.79140625 0.0265625 0.07578125
6 0.31328125 0.78828125 0.0265625 0.09765625
6 0.340625 0.7890625 0.0296875 0.09921875
1 0.73828125 0.83203125 0.03125 0.3359375
23 0.34140625 0.88359375 0.02890625 0.08203125
6 0.5828125 0.88828125 0.0296875 0.10625
23 0.31328125 0.88828125 0.02578125 0.09140625
6 0.37265625 0.95859375 0.02890625 0.08203125
23 0.58203125 0.97265625 0.0265625 0.0546875