23 0.3271528352273476 0.016651306410096225 0.03475682954530477 0.022475017856907482
6 0.8196464780859027 0.23156065502682915 0.01106200527500576 0.14155625446422687
6 0.8280220397743001 0.24421065949105608 0.011788708197104824 0.1384448912337021
6 0.867538507306896 0.2636561347342897 0.013210886362438145 0.17517727800317723
23 0.8570026075517774 0.4643146538090132 0.02196254910649529 0.0948858060063543
23 0.8542303892084024 0.578363517039538 0.023688690340197383 0.10428807954530477
23 0.8541564768713821 0.6721407905784884 0.021058568181219074 0.08784091923687924
23 0.8528103908332554 0.7940294273479636 0.02046823295387128 0.0987647824674042
23 0.6095416319048017 0.8069758920411857 0.02342959172016936 0.08944432954530476
1 0.7221758198093674 0.6151228983337841 0.16207426947516979 0.7697542033324318
6 0.807515481742646 0.8370021314878787 0.011321103895033957 0.15640000446422703
6 0.8175490008173695 0.8442106594910561 0.01340575527500576 0.14159716477265222
23 0.8507103283340793 0.9143419273479635 0.021894365259119652 0.0909795560063543
23 0.8469347175391864 0.9886820393639677 0.025654564934808378 0.022635921272064506