6 0.9691893672943053 0.7976238059997638 0.02728129464226896 0.08638751339268058
23 0.03327914083325552 0.7797244561685102 0.021771634333843194 0.08394830600635447
23 0.3721643628300783 0.795799064120734 0.022130144480112968 0.05974319277582953
23 0.3196569715963763 0.8042604005658976 0.02089492694751698 0.07846591923687925
23 0.6453564009795253 0.8146344334370434 0.024183568181219074 0.08789546631477982
6 0.7268285434310433 0.8480975442319363 0.011775071427629947 0.1376636412337021
6 0.7416722934310432 0.8483566428519644 0.011775071427629947 0.1376636412337021
23 0.6071609257362915 0.8538236185022352 0.015431905437161575 0.16818693831160267
23 0.0065880168450815 0.849546032467404 0.013176033690163 0.2096340986200282
6 0.930393874194164 0.8711879910649557 0.0142648717519414 0.1908159147726522
6 0.9677165961909868 0.8819988059997639 0.018851185875970698 0.09561250892845372
23 0.3707597755741358 0.8762678141207338 0.022389243100141166 0.07458694277582936
23 0.6441563652657103 0.8833844334370434 0.02248470048646727 0.08005569277582972
23 0.03305522403200825 0.8820954797074606 0.022811982953871424 0.09880569277582936
23 0.31110235755507254 0.9331756487408214 0.03680234496658023 0.13364870251835725
6 0.7990656022767715 0.6047526931762761 0.04132224959296291 0.17488695170428342
23 0.1624326270335378 0.6334961128234877 0.027056972400564573 0.29725682954530475