6 0.809375 0.8046875 0.0125 0.2171875
6 0.6890625 0.81640625 0.01328125 0.22265625
23 0.6515625 0.81953125 0.0109375 0.19296875
23 0.43984375 0.821875 0.01171875 0.196875
6 0.8296875 0.82109375 0.0109375 0.2140625
23 0.40234375 0.8234375 0.01484375 0.27109375
6 0.42109375 0.82109375 0.01015625 0.23046875
23 0.6125 0.825 0.0109375 0.1859375
23 0.6328125 0.82421875 0.0140625 0.2203125
23 0.59609375 0.82734375 0.009375 0.1546875
23 0.66875 0.834375 0.009375 0.20390625
23 0.1953125 0.83671875 0.0125 0.209375
6 0.3828125 0.8421875 0.0109375 0.2375
23 0.56015625 0.83828125 0.0125 0.21171875
23 0.309375 0.8421875 0.01171875 0.2015625
23 0.2546875 0.8484375 0.00859375 0.196875
23 0.34609375 0.84765625 0.01171875 0.19453125
23 0.58046875 0.84765625 0.01171875 0.19453125
23 0.21328125 0.84765625 0.015625 0.19609375
23 0.29140625 0.8546875 0.01171875 0.209375
6 0.23671875 0.8546875 0.015625 0.2453125
23 0.36484375 0.8515625 0.0109375 0.20390625
23 0.328125 0.8546875 0.009375 0.1734375
23 0.271875 0.85859375 0.0140625 0.2171875