23 0.6675343732097784 0.8706599664344175 0.011465853357726097 0.18023353157003114
1 0.16133037388609614 0.8290974238469324 0.02717376404358891 0.3224588289250775
6 0.30309970321455093 0.8567534450347942 0.031034013367271206 0.25163809471009346
6 0.2708593678787783 0.8765878028990672 0.03061584269572588 0.2157005947100931
23 0.5601849498727332 0.9042375768589391 0.010829506683635515 0.12554603157003114
6 0.23554857654364203 0.8919166712866838 0.028744260025453362 0.18904708944842136
23 0.46399120253823317 0.9184281504517579 0.013745421347863029 0.10775929209337462
6 0.5389366585375969 0.918747397891509 0.012864174013363084 0.09912003946253875
6 0.39356961453696054 0.931898387226991 0.011192586012090366 0.08965403420086701
23 0.40919461453696054 0.9309883346102726 0.011192586012090366 0.08965403420086701
23 0.5895633672024606 0.9290709768871741 0.010983500676317703 0.07168528420086702
6 0.33810086453696053 0.9351290740163417 0.014317586012090367 0.08983604472421085
23 0.604461661203097 0.9235189269012913 0.01344542934436319 0.08197804209337463
23 0.5177429112030969 0.9285697189240791 0.011882929344363191 0.08188703683170288
23 0.6238838232018242 0.9317563611303934 0.013227253341817758 0.06322804209337463
23 0.6426338232018243 0.9306642979903312 0.007758503341817757 0.06290952367752353
6 0.18940882586732427 0.9656495738751673 0.013018168006045184 0.04525929209337463
6 0.7286762466184113 0.3127872822759028 0.011211314688089936 0.15835853157003116
23 0.6739705652848659 0.3175349664344175 0.00889483668840807 0.16056577367752337
23 0.7121790899506841 0.3215553375234572 0.012383463359316949 0.19199778420086702
6 0.5409217079487751 0.34558291367652466 0.016035722032134814 0.23749229472421068
6 0.692520570615866 0.33363040329435534 0.010448246021635299 0.15987552893919518
23 0.5588904579487751 0.3445363531672984 0.009576636696362328 0.21915952367752337
23 0.5932745486155478 0.34175298741051774 0.016389710693816895 0.20081904735504663
23 0.5759143259468662 0.35759779528890806 0.012610730028634975 0.21152903420086702
23 0.25861773794559345 0.3854468634082934 0.014182320695407747 0.21240128946253894
23 0.20317625994591157 0.3863338001976441 0.014909026694771477 0.2077592920933748
6 0.275787056612048 0.3860083055299031 0.015381194024498867 0.18124229472421077
6 0.2217626279440026 0.3993042370575819 0.01383687535804432 0.18271378946253894
23 0.1490791059436844 0.4058797317253228 0.015653914027680526 0.20467979472421086
6 0.1850529686107753 0.40066161070687034 0.01502720536281683 0.2179155420933748
23 0.23893194661045714 0.3998656791791916 0.015435738025135226 0.18592979472421076
1 0.6296376679265034 0.5043671084995573 0.04912313140513298 0.5314088946959759
23 0.6683996285805494 0.5950152243269253 0.014227774029271245 0.21630753946253894
23 0.5738951032384134 0.6653192900272362 0.011511306691589774 0.18413978157003114
23 0.5933354465706862 0.671994224256338 0.011274949355498975 0.16382728157003115
6 0.7253848779042317 0.6627417796450669 0.012438007359953217 0.196685284200867
23 0.18937410522759576 0.7673485817676752 0.010930051360589665 0.2012817789391951
23 0.21111274522600496 0.7777932581042692 0.010993686027998707 0.20675052893919527
1 0.6969684292250504 0.7565218717243243 0.030162404041998058 0.31092208944842137
6 0.030180371220596098 0.8281481158273678 0.03363284937936152 0.34079159997176517
6 0.0013258154539453006 0.8387439815841485 0.002651630907890601 0.321685284200867