6 0.8048290511024303 0.20002130600324194 0.017555095174097347 0.21726022287263688
6 0.6847893080362846 0.18760259835411142 0.018463631743229313 0.22273351805217673
23 0.6473620432186457 0.1842594297362006 0.015428897510798834 0.1930323825135573
23 0.4356978446054165 0.1806839360809124 0.016301066488750137 0.19694317769309713
6 0.8255234108098263 0.183733230671277 0.015919859991736375 0.21412613251355733
23 0.39823421219659705 0.17890326746300156 0.021153527069826695 0.27118010841125634
6 0.41692966080982624 0.181356101771957 0.0155204696991321 0.23052783733401752
23 0.6084268297877775 0.17856342075921014 0.015265243350486202 0.18600113251355732
23 0.6287211459921874 0.17946284542724517 0.019190330356458674 0.22039431323171654
23 0.5920751311745485 0.17612422198887417 0.012975391526875057 0.15474204215447768
23 0.664895035334861 0.1695156736860764 0.014120970649062769 0.20396079215447765
23 0.1915120867216318 0.16441754488495222 0.017373257218194604 0.20944772287263697
6 0.37913937329076375 0.16003963797450635 0.016465373859444642 0.23756363251355733
23 0.5563922043128123 0.16497764373004295 0.01742780860496538 0.21179147287263694
23 0.30570187329076376 0.15961239109776432 0.016410169262291864 0.20163067769309712
23 0.251159843655486 0.1530442285299777 0.013176066488750138 0.1969249969749379
23 0.3425479098598957 0.15435726453613535 0.01624651510197932 0.19459942769309713
23 0.5769229098598957 0.155720818398078 0.01624651510197932 0.19459942769309713
23 0.20973540985989572 0.1535845840143678 0.020189132693159896 0.19618465359079615
23 0.2880240640202082 0.1470078519683487 0.01659200721819465 0.20944317769309712
6 0.23333656402020822 0.1466896894005621 0.021334711815347428 0.2454034035907962
23 0.3613888288378471 0.15056009884509075 0.01568347064906268 0.20396988251355733
23 0.3247428140202082 0.14722147540671973 0.01341180262104178 0.17349204215447767
23 0.26858373299815963 0.14298797247985348 0.019117595174097436 0.21726931323171655