23 0.627103754498 0.9921354586150057 0.01896816861791084 0.015729082769988523
23 0.6560054593184603 0.993435063787149 0.01739657825883114 0.01312987242570216
6 0.7438827092202643 0.9433507952676454 0.022120439695149586 0.04295139183263217
6 0.7165389592202643 0.9423959304768553 0.0197630541565303 0.04052579627913566
1 0.02566268467132963 0.2938963329396246 0.05132536934265926 0.10339038402808373
1 0.1475233980316513 0.29661708357259675 0.13342609923787419 0.11010666469812272
6 0.8025881479334555 0.2546355248492253 0.032962490924813535 0.026927087748947986
6 0.9494813286516146 0.25663951286832576 0.03611930718159222 0.0325049651536097
23 0.8027835906536673 0.22104177484922533 0.03610567164297294 0.0301612151536097
23 0.704350635833207 0.2168230116023814 0.03375737646343317 0.02929811960011346
23 0.9496676810127468 0.22460826286832578 0.034529536104353296 0.027762901451278844
9 0.800094927889489 0.1459326474445636 0.3670243944174139 0.11904518819658572
23 0.9978011748644267 0.14424120578941688 0.002498286104353298 0.026644345553496283