23 0.403125 0.00078125 0.01328125 0.0015625
23 0.371875 0.00234375 0.0109375 0.0046875
6 0.671875 0.00078125 0.03515625 0.0015625
23 0.3875 0.02578125 0.0125 0.0421875
23 0.40390625 0.025 0.0109375 0.040625
23 0.3546875 0.02734375 0.01328125 0.03359375
23 0.3703125 0.0296875 0.0109375 0.03828125
6 0.603125 0.0390625 0.01171875 0.046875
6 0.62421875 0.04296875 0.0203125 0.05859375
23 0.434375 0.0484375 0.009375 0.03828125
23 0.41953125 0.0515625 0.01015625 0.0421875
6 0.5234375 0.0546875 0.01484375 0.0546875
6 0.50703125 0.05625 0.01328125 0.05078125
6 0.53984375 0.05859375 0.01875 0.05859375
1 0.6859375 0.05859375 0.09453125 0.10234375
23 0.56796875 0.0859375 0.034375 0.02109375
23 0.6046875 0.08984375 0.0328125 0.02265625
28 0.96171875 0.10703125 0.0765625 0.2140625
23 0.43515625 0.11640625 0.0109375 0.03984375
23 0.66328125 0.125 0.03984375 0.01953125
6 0.7109375 0.1265625 0.0421875 0.0234375
6 0.94921875 0.2328125 0.03671875 0.0203125
6 0.99453125 0.41015625 0.0109375 0.0171875
23 0.9765625 0.4390625 0.0140625 0.0375
23 0.95625 0.4828125 0.0140625 0.04453125
1 0.99453125 0.4859375 0.0109375 0.12890625
6 0.890625 0.528125 0.01484375 0.046875
1 0.44921875 0.53984375 0.07734375 0.11875