23 0.8086140787279353 0.860798617441086 0.015552862012708956 0.04079772266868176
28 0.9793421198226344 0.8612269734643121 0.04131576035473117 0.03407555533895419
28 0.9790669005626021 0.8260707234643121 0.03875853693163123 0.027789192671863104
28 0.778108372559425 0.8135781721037226 0.04230627678536116 0.05204430533895419
28 0.819269160708872 0.7999974774426768 0.036905710632737156 0.055886920671545326
23 0.990281090092021 0.797300833465903 0.016788079545304768 0.0220659040022273
6 0.8651583591667444 0.7888150767822675 0.016143197240056396 0.02986931333545435
6 0.8776583591667444 0.7889605274506308 0.015307400162155815 0.02673522266868176
6 0.1399674443940921 0.769441438017181 0.10233584172016937 0.09023519601368121
28 0.21627084577406386 0.7554885733609078 0.08935064650870786 0.15179031401177207
23 0.7943412986961631 0.7590906667727223 0.048160810470581336 0.029460780673136
23 0.8325543648487873 0.7556298594445858 0.018582404626382498 0.035365335335772664
23 0.8504685677708868 0.7527139447803585 0.016992631087432385 0.0337846540022273
23 0.801649238225582 0.7302753234404497 0.015402857548481919 0.03220397266868176
23 0.8164793514561067 0.7296667961091313 0.018527857548481918 0.03224033533577266
28 0.8465117248329014 0.7050213321132676 0.040126168019063255 0.061392033338636055
23 0.9074219512939509 0.7041679041215398 0.03233125892845372 0.01756021733768165
23 0.9086571688265469 0.6854360854550853 0.034702282467404186 0.019149989337999784
6 0.1757901217486462 0.6737840400222718 0.024491485389503388 0.015906810669954297
23 0.205463984979171 0.6733482353596352 0.029206258928453722 0.017523854670590745
6 0.36788216436232 0.6705515940483614 0.029165348620028196 0.015180104670590744
6 0.6952298685022352 0.6298384240929048 0.015321036931630871 0.027516472668681756
23 0.3123219111159091 0.6199152473742708 0.015361947240056396 0.029860222668681758
23 0.3949844066516822 0.6122851080521794 0.02018581493480811 0.03772726666931803
6 0.5010298551095547 0.6018026887332697 0.024405710632737155 0.055741470003181706
23 0.6931491712621789 0.6001327427593595 0.01771933400953163 0.03066874466899989
6 0.3109951903369023 0.5886561567074982 0.013717626623205437 0.025154541335136216
6 0.5594326903369022 0.5915469887412238 0.016842626623205348 0.0251909040022273
6 0.5758253035674271 0.590956642743451 0.012963650162155815 0.026707950668363623
6 0.5922315535674272 0.5911475467456782 0.014526150162155815 0.026726132001908987
6 0.6109815535674271 0.5913657227482235 0.014526150162155815 0.026726132001908987
6 0.6934258607915975 0.5712355834261321 0.0128545560063543 0.020457950668363624
6 0.5125480077073424 0.5456981394016331 0.01607501339268058 0.02596306333545435
6 0.5445519841683921 0.5445083567393147 0.015361947240056396 0.029860222668681758
1 0.8835599370904914 0.5453287061186763 0.18273818222252275 0.22161301269095332
6 0.2974178855483639 0.5267919560391345 0.014430692775829534 0.021257382001908985
6 0.3247343620094136 0.5255476293761798 0.011346603084255058 0.023564769334818082
6 0.31067186200941355 0.5253839973742709 0.009756829545304768 0.02198408800127254
6 0.34815822523993833 0.5250390993793616 0.012950013392680582 0.025926700668363622
6 0.36223436200941356 0.5259839813812706 0.009071036931630961 0.027443747334499946
6 0.37469345170098806 0.523785682049634 0.013676716314780003 0.022810791335136214
6 0.3356445884704632 0.5241123987109979 0.013703989853730291 0.024373291335136216
6 0.3848633384704632 0.5246851107176795 0.015266489853730292 0.024391472668681757
6 0.4160724281620377 0.5227049873885884 0.030727848620028198 0.015198286004136108
28 0.1094678721556833 0.4988289460136812 0.09712223620028233 0.1495374706794994
23 0.7283581939903503 0.4693190947644501 0.013100017856907443 0.03452045066836362
6 0.6583808847375849 0.3982066160884504 0.02917898538950343 0.015961354670590743
23 0.7792428096565072 0.38633441943822244 0.025105140015886106 0.051063060669954384
28 0.7359058668806775 0.36474068276572275 0.04043013108743239 0.03405737400540883
9 0.07816550486796867 0.31647043200986313 0.14710859943080715 0.1493380233529537
6 0.6607461797868908 0.30997081942231414 0.028438645697928956 0.018296014003817973
6 0.6923313705341255 0.24004012742676842 0.027575575081077906 0.01359942333704529
6 0.6913182954530476 0.2267497867599957 0.02601307508107791 0.013581242003499838
9 0.06840294683301937 0.20466077534213598 0.13078812418757346 0.1093124600174992
6 0.6932841700476582 0.16037989942708658 0.026848872158978666 0.016715332670272566
23 0.6500154111192045 0.14269241275458686 0.029973872158978666 0.016751695337363426
6 0.7062245008107789 0.14100319076222287 0.0283840986200282 0.015171014003818017
6 0.6490023360381265 0.12940207208781412 0.02288807508107791 0.013544879336408933
6 0.69262960511285 0.12287989942708659 0.026726141233702094 0.009684082670272565
6 0.6479619874180983 0.11454923142104141 0.02991932508107791 0.013626695337363427
6 0.696290393262297 0.10886285276095023 0.02290171185055314 0.014326129336408932
23 0.6492517520285949 0.09894241275458686 0.026780688311602675 0.012809082670272564
23 0.7257869784896446 0.09827079809831367 0.025259098620028196 0.015134651336727112
23 0.6716489034085666 0.08436229209099581 0.010674447240056395 0.0298056786680454
23 0.646594356330666 0.0809463907542687 0.025944891233702094 0.009674992003499838
6 0.6487062812495881 0.06769241275458686 0.029905688311602674 0.012845445337363448
6 0.4919926310874323 0.03931177940004239 0.0338528486200282 0.015234648671227058
28 0.7252318250810779 0.02171738876508638 0.050463650162155815 0.027144302673454235
6 0.49539432061685107 0.010450982733905998 0.05327500446422686 0.009211915340545124
23 0.8257430775101191 0.9023957714433131 0.014717064934808377 0.03766363200190881
23 0.807760690740644 0.9014054361075405 0.016306838473758488 0.03924431333545471
6 0.8405731907406441 0.9017872441119948 0.012182400162155816 0.026698860001590673
28 0.7776231773479635 0.8752787407701771 0.036069913554836394 0.05275283000477238
23 0.8251021493447863 0.865677021443313 0.013881267856907442 0.03452954133513657