23 0.990782140508589 0.7386432080967582 0.017446575233768868 0.04523158695813834
23 0.9560435261454044 0.6747425341804816 0.017460210772388508 0.047575336958138335
23 0.14422478219552862 0.6244800296574953 0.031381810206654495 0.02392958992388792
6 0.14566001716841398 0.6026686966536896 0.03133181323171654 0.015335839923887918
6 0.6855083123479538 0.6254468938388518 0.029801129488495094 0.02074092292769336
6 0.6479992219888742 0.6223563859301865 0.03374374092481354 0.027150090418179396
23 0.14631400214129933 0.5808255301517868 0.03528806020665445 0.024088757414373774
6 0.8697378666026798 0.60795959938979 0.016701686670087666 0.051449753460041235
6 0.88223786660268 0.6084689353593452 0.011219301131468028 0.04888316897336083
23 0.8978492310640604 0.6067618553212892 0.015093734874689346 0.04357358646384668
23 0.14699980337096333 0.564451113649884 0.03370283430895542 0.020118840418179396
6 0.14610492388246812 0.5448880301517869 0.03525624394987581 0.018620007414373772
23 0.8819469751121322 0.5584689353593453 0.014339755951928268 0.04822925296574958
23 0.8655270895735127 0.5554566818993041 0.010401689695149586 0.04260133547526355
6 0.1452054992144331 0.5245436966536896 0.03137271984757484 0.022367089923887917
6 0.6818288004440971 0.530007059846463 0.03136817466803503 0.021585839923887917
6 0.14663164382823882 0.501169863649884 0.03684146984757484 0.022589924410568153
23 0.6419214179305397 0.5174460514435062 0.03292612948849509 0.020868256920082116
23 0.6793714209556019 0.5103803093521716 0.03134544877033605 0.017679589923887917
9 0.47544699023744263 0.49894676634880336 0.11151734220579143 0.7754549392393159
9 0.290258923980664 0.485933477299768 0.09909915543750794 0.7890081032697607
23 0.642552677005726 0.49169663494160326 0.03135908430895533 0.02002333992388792
23 0.6792668818261862 0.4924115593521715 0.029028969847574793 0.022271589429596263
23 0.647126547517231 0.4723563859301866 0.03292158430895533 0.02008700692008212
6 0.0931884812604522 0.44431768577927466 0.03605567466803503 0.021776840912470875
23 0.6454049662333375 0.4449489689339921 0.02746646984757497 0.022207922433401882
23 0.09305212587425793 0.42088018577927466 0.02979658430895542 0.01995967292769336
6 0.10377600243588692 0.3846071047526355 0.01514827702916719 0.05294858646384668
6 0.08264589099956846 0.37749760030401114 0.014335210772388552 0.04744800296574949
23 0.6871197675611974 0.36541797783124064 0.03137271984757497 0.022367089923887827
23 0.6472669272021179 0.3622319694282837 0.02901533430895533 0.01992783942959626
23 0.6063010387366321 0.30198287752722947 0.039207945745273955 0.026591674904859808
23 0.6632004785299778 0.2816504728883248 0.03447953912941557 0.019369423916276673
6 0.6046067285299778 0.2792629605310351 0.03684601502711473 0.02337117441056815
23 0.6662254845801019 0.26459030688071355 0.03214487948849509 0.020836423421985016
23 0.1776215268327755 0.18922562056996622 0.028215903590796197 0.01677100593149907
23 0.17672210216474044 0.16888128707186906 0.02981021984757488 0.02230342292769345
6 0.9974793786585827 0.19140079357202178 0.0050412426828344795 0.02053533448668037
6 0.17503233713762578 0.14694262007567466 0.03527896984757484 0.022526257414373817
23 0.1756817769309713 0.12431820357377185 0.03213124394987581 0.018492673421985018
23 0.17479598780155575 0.10631762007567466 0.03294431020665449 0.023993256920082206
6 0.9285704275949012 0.11438069573946855 0.03606021984757461 0.022558090912471008
23 0.831654520979043 0.10340209197541628 0.012759075233769224 0.04504058596955511
23 0.768373270979043 0.10082357862954341 0.013540325233769046 0.0450724194676523
6 0.872279520979043 0.10505743387647046 0.015888620413308983 0.04594916996194391
23 0.9550783854404237 0.1060880346747732 0.015093734874689346 0.04357358646384672
23 0.8042971354404236 0.09994416954201443 0.013531234874689702 0.04350991946765233
23 0.785538045081344 0.09761766558768173 0.012754530054229284 0.044259335969555155
6 0.7464709999018041 0.09524474068282193 0.015125551131468028 0.049042336463846724
6 0.7300602047222643 0.09379498722278082 0.013549415592848746 0.046634919467652323
6 0.1745414577473264 0.06256762007567465 0.03626020774732641 0.05693309091247101
23 0.8431414668225127 0.0640358444468742 0.03604203912941557 0.01943309091247101
23 0.9548102198475747 0.059994284674773204 0.012740894515609825 0.041915585969555136
23 0.7430823794884953 0.04980490669043316 0.01116021379745078 0.03872691897336074
23 0.7852562439498758 0.04918016558768172 0.012695442720211858 0.034103085969555136
23 0.7672965843089554 0.05001049513144622 0.01505737343837108 0.037323586463846724
23 0.8016761294884951 0.052192419047722836 0.012722713797450779 0.03879058596955513
6 0.9727698794884951 0.05916395513100871 0.01741021379745078 0.03898158695813832
6 0.718845448770336 0.045693068249420085 0.015030102361132159 0.03263608646384671
23 0.7731638902140016 0.9242610786295433 0.008843734874689525 0.04331891847906917
23 0.7848780950344617 0.9239573311010014 0.012027822208706952 0.053602502471457925
23 0.7575207094958423 0.9204994086675995 0.014312484874689524 0.04354175296574958