1 0.20306276673155188 0.7163380872903128 0.2784048201894054 0.3389768067051044
6 0.028716682739163092 0.7154081008736807 0.033767504942915874 0.024201219414791808
23 0.027379675819080868 0.7482206008736807 0.03282708745242989 0.020276785619201477
23 0.028290918404707054 0.7834314022604515 0.034421420950527096 0.021094403210381963
23 0.026268161978916425 0.8138819684648612 0.03364017095052709 0.02107621941479181
23 0.024899321560737007 0.8474757184648611 0.03129642095052709 0.02102166802802081
23 0.022781064640654786 0.8802700346692708 0.03207767095052709 0.021039851823611143
23 0.09510705080049034 0.9476406790459377 0.017216674904859786 0.03942617591180557
23 0.04191838380429595 0.9479666809457987 0.019687758897248563 0.04260572729857657
23 0.06841721680810156 0.950147429995868 0.018747341406762576 0.03868129350298588
23 0.012167216808101561 0.948838196713368 0.01718484140676259 0.03864492591180557
23 0.03919529042036701 0.9945864545971528 0.016134335969555137 0.01082709080569444
23 0.06494470692226981 0.9956586453265974 0.017633168973360737 0.00868270934680524
23 0.09153904042036701 0.995186519851632 0.017696835969555135 0.009626960296736087
1 0.63618555631206 0.1430538961796186 0.21040955387778304 0.26012380167111127
1 0.1849609375 0.19884080955489597 0.369921875 0.39766343531420173
6 0.7800947238025459 0.1424934645682298 0.03295442144481875 0.023401785619201386
23 0.7802883833843665 0.1761235821594104 0.03598392095052709 0.02113077080156254
23 0.7797326264642843 0.20895426595500063 0.03292258794672147 0.022620535619201475
23 0.7768649530422993 0.24094914836382011 0.03207767095052709 0.021039851823611143
23 0.5054873601526619 0.27998823888517405 0.019655925399151286 0.04182447729857639
23 0.5296424431564675 0.2821144365484726 0.016499091901054187 0.04097049211621524
9 0.8807181704190544 0.39820056354204936 0.105442164067626 0.38490363649288206
1 0.6699159801911554 0.5051187915062159 0.12298385524692712 0.10667018692972227
23 0.015132979696863877 0.49222452080156254 0.01890650889724857 0.04258754350298606
23 0.04159997920257229 0.495186519851632 0.019624091901054186 0.04104322729857657
6 0.09243030874633679 0.5143554003605904 0.019560424904859784 0.03948072729857639
6 0.11902464224443396 0.5141923994106599 0.018747341406762617 0.038681293502986235
23 0.012713633841477001 0.5515995208015625 0.017216674904859786 0.03942617591180557
23 0.010980037491798536 0.6133364545971528 0.017344008897248568 0.04255117591180557