23 0.975 0.2484375 0.03203125 0.02109375
23 0.97421875 0.28671875 0.03515625 0.015625
6 0.55390625 0.2890625 0.034375 0.015625
23 0.17265625 0.30234375 0.02734375 0.0125
6 0.63046875 0.30390625 0.03046875 0.01953125
23 0.55234375 0.3125 0.03984375 0.01640625
23 0.3796875 0.3421875 0.03984375 0.01953125
23 0.80546875 0.35859375 0.01484375 0.03515625
6 0.378125 0.3640625 0.03984375 0.02109375
23 0.37734375 0.40390625 0.01328125 0.04453125
6 0.04140625 0.4140625 0.040625 0.01484375
23 0.359375 0.415625 0.015625 0.04375
23 0.2828125 0.4359375 0.009375 0.03203125
23 0.26484375 0.43671875 0.01328125 0.0328125
23 0.240625 0.4359375 0.009375 0.02890625
23 0.0984375 0.48203125 0.009375 0.028125
23 0.11796875 0.4828125 0.01328125 0.0265625
6 0.07421875 0.48671875 0.02734375 0.0171875
6 0.0828125 0.63671875 0.01171875 0.02734375
6 0.046875 0.6375 0.0125 0.03203125
6 0.00625 0.6390625 0.0125 0.025
6 0.025 0.640625 0.01015625 0.03203125
6 0.165625 0.64296875 0.021875 0.0359375
6 0.2984375 0.8203125 0.01484375 0.040625
6 0.11640625 0.8234375 0.01640625 0.0328125
6 0.35546875 0.8234375 0.0140625 0.040625
6 0.22421875 0.825 0.021875 0.034375
23 0.9859375 0.92734375 0.0171875 0.03671875
23 0.9859375 0.965625 0.01953125 0.0328125
23 0.98359375 0.9953125 0.0296875 0.009375