23 0.896875 0.16015625 0.02734375 0.01640625
6 0.6171875 0.1671875 0.01796875 0.05546875
1 0.56484375 0.17421875 0.08359375 0.07890625
23 0.89296875 0.17890625 0.0265625 0.0171875
23 0.9234375 0.1921875 0.01171875 0.040625
1 0.821875 0.2 0.09921875 0.14140625
23 0.8953125 0.22265625 0.0328125 0.015625
6 0.5953125 0.2265625 0.0296875 0.01796875
6 0.5625 0.2265625 0.03359375 0.02109375
6 0.6703125 0.2421875 0.02109375 0.05859375
6 0.89375 0.24453125 0.0296875 0.0234375
23 0.89375 0.26484375 0.034375 0.01796875
6 0.2 0.26875 0.01640625 0.04609375
6 0.16171875 0.27421875 0.0140625 0.03984375
6 0.01640625 0.278125 0.01328125 0.04765625
6 0.04140625 0.2796875 0.01328125 0.046875
6 0.13359375 0.2796875 0.0171875 0.04765625
6 0.33359375 0.28046875 0.0140625 0.05078125
23 0.2875 0.28203125 0.0328125 0.01484375
6 0.10546875 0.28203125 0.021875 0.04921875
6 0.06796875 0.28515625 0.0171875 0.04921875
23 0.25234375 0.28671875 0.0296875 0.01875
23 0.896875 0.28828125 0.03515625 0.01796875
23 0.2875 0.303125 0.0296875 0.02109375
6 0.78046875 0.3046875 0.02109375 0.05078125
6 0.81875 0.3046875 0.01953125 0.0546875
6 0.8015625 0.30390625 0.01484375 0.05
6 0.86328125 0.30546875 0.0203125 0.053125
23 0.9734375 0.3109375 0.01640625 0.04453125
23 0.9859375 0.31328125 0.0171875 0.040625
23 0.959375 0.36015625 0.015625 0.04609375
23 0.97265625 0.36015625 0.01796875 0.03984375
23 0.99140625 0.36171875 0.01171875 0.04296875
23 0.33125 0.76328125 0.01171875 0.03515625
23 0.34453125 0.7625 0.01328125 0.040625
23 0.06640625 0.7640625 0.01328125 0.03984375
23 0.4125 0.7640625 0.0140625 0.04375
23 0.303125 0.765625 0.009375 0.03984375
23 0.31875 0.765625 0.0109375 0.040625
23 0.20703125 0.76640625 0.01171875 0.04140625
23 0.3578125 0.765625 0.00859375 0.04609375
23 0.19375 0.76640625 0.00859375 0.0484375
23 0.08125 0.76875 0.01484375 0.04609375
23 0.4265625 0.76796875 0.01640625 0.05078125
6 0.78203125 0.81875 0.03671875 0.0171875
6 0.88125 0.83671875 0.034375 0.0171875
6 0.79296875 0.84296875 0.0328125 0.02265625
6 0.74765625 0.8484375 0.03359375 0.02421875
6 0.83515625 0.8484375 0.0296875 0.015625
6 0.98359375 0.84921875 0.0328125 0.0203125
6 0.909375 0.85859375 0.03359375 0.0171875
23 0.8734375 0.86171875 0.0296875 0.01875
6 0.909375 0.87734375 0.034375 0.01875
23 0.87265625 0.8828125 0.0296875 0.0140625
6 0.70078125 0.88671875 0.0328125 0.01640625
23 0.87109375 0.9 0.03203125 0.01796875
6 0.909375 0.9 0.034375 0.02734375
23 0.7015625 0.909375 0.03203125 0.01875
6 0.87265625 0.921875 0.028125 0.01875
23 0.7015625 0.9296875 0.03203125 0.01640625
23 0.7 0.94921875 0.028125 0.01796875
6 0.7015625 0.96875 0.0359375 0.01484375
6 0.953125 0.97109375 0.03828125 0.021875
1 0.78515625 0.93125 0.1171875 0.1375
6 0.53046875 0.9765625 0.046875 0.02734375
23 0.78828125 0.1 0.015625 0.04296875
6 0.80625 0.1 0.01640625 0.05234375
23 0.7015625 0.98984375 0.03046875 0.0171875
23 0.86953125 0.99375 0.03125 0.0125
23 0.90625 0.99296875 0.03046875 0.0140625
6 0.51328125 0.99609375 0.040625 0.0078125
23 0.7015625 0.9984375 0.02890625 0.003125
23 0.86953125 0.1140625 0.0328125 0.0171875
6 0.7625 0.11484375 0.03515625 0.0203125
6 0.7484375 0.13515625 0.0359375 0.01796875
23 0.89296875 0.13671875 0.0328125 0.01875
9 0.603125 0.8703125 0.1109375 0.259375