9 0.9688442060080487 0.23134167828343832 0.060575333040986834 0.3947864763486459
23 0.8706163171492938 0.4925863431773271 0.03520267095052709 0.021112587005972117
23 0.9619124792025723 0.5166070310569799 0.01718484140676253 0.03864492591180557
6 0.8692474767311144 0.5261800931773271 0.03770558844101295 0.02507338839274311
6 0.3437699742596564 0.5256793325406599 0.09848392095052709 0.022585474448784736
23 0.8710673033091293 0.5582840783596883 0.03536183844101295 0.025018837005972294
6 0.9600833823586022 0.5806877148525702 0.018779174904859985 0.03946254350298624
6 0.8674183798871443 0.5902607769729175 0.03217317144481875 0.023383601823611145
6 0.9255027939175893 0.6041245616421882 0.016371757908665074 0.03784549211621524
23 0.47789562346135367 0.611692180564549 0.03364017095052709 0.021076219414791632
23 0.4308932894689649 0.6137261528291323 0.03126458745242999 0.02024041802802081
6 0.2834452865032154 0.62437009925816 0.07273450444862428 0.02276665919430556
6 0.3693827865032154 0.6263703167730906 0.019655925399151376 0.04182447729857639
6 0.344319119507021 0.6273509353142017 0.021999675399151375 0.04187902868534721
1 0.7501871175298547 0.6461815090211465 0.06463018577927464 0.09204333605604162
23 0.9247414485564939 0.6611921792333689 0.01640359140676253 0.03862674211621524
6 0.9481471150583968 0.6625189431010773 0.020405341901054187 0.04106141109416654
23 0.9708033650583967 0.6630462731731953 0.007841674904859985 0.0392079703647223
23 0.5216336946021611 0.6705775245043755 0.018157092395345843 0.043350609707395904
6 0.49657002760596675 0.6715581430454866 0.017089340912470875 0.036301175911805574
23 0.8793851861992042 0.7187858204759034 0.018811008402957085 0.040243793502986236
23 0.9684795196973013 0.7200775231731953 0.008032675893442942 0.0438954703647223
23 0.8543533527011071 0.7189851890170147 0.020469008897248387 0.04262391109416672
23 0.9214453522068154 0.7228927454377786 0.020341674904859986 0.03949891109416672
23 0.9488209357049125 0.7227479282834384 0.020437175399151287 0.04184266109416672
23 0.7434012652486771 0.7359525238387853 0.018842841901054185 0.04102504350298623
23 0.7706813482524828 0.7381514566844452 0.019624091901054186 0.04104322729857639
23 0.71680693175058 0.7361155247887159 0.019687758897248563 0.04260572729857639
1 0.4528107573400117 0.7667245194703823 0.12060827174882985 0.10583438554295146
6 0.9190260063514286 0.7822677454377785 0.01796609140676253 0.03866310970739591
23 0.8486498393552342 0.7821937038346535 0.018093425399151285 0.0417881097073959
23 0.8768385063514283 0.7812858204759034 0.019560424904859985 0.039480727298576566
6 0.9463060893552342 0.7844666782834383 0.01874734140676253 0.03868129350298606
6 0.9651197563514284 0.7833405893776051 0.009404174904859985 0.039244337955902785
23 0.3286119119789164 0.8209190973582988 0.018061591901054184 0.041006859707395905
6 0.3012363284808192 0.8210639145126392 0.016530925399151374 0.04175174211621524
23 0.2738289114846248 0.8219899816669795 0.02212700939154022 0.04500402868534721
23 0.48674540555312584 0.8550973416587156 0.017471342889637496 0.045676175911805575
23 0.4335249050588342 0.8562045935585768 0.019592258402957086 0.04026197729857657
6 0.46008740505883416 0.8568228426086464 0.01877917490485963 0.03946254350298588
23 0.25959797372818383 0.9217535923243059 0.035266337946721474 0.022675087005972473
23 0.26066838380429597 0.9530581437110766 0.035266337946721474 0.022675087005972473
1 0.8911344752110587 0.91778176593237 0.1504814555509384 0.16443646813525986
1 0.5771555468461577 0.9698501461569882 0.10689859882113631 0.06029970768602375
23 0.2585819603823109 0.9850712099154864 0.034389587452429905 0.02031315321038214
6 0.7645454588994361 0.9944254398021444 0.017615922927693362 0.011149120395711165
6 0.7903267088994361 0.9947209264804865 0.018397172927693363 0.010558147039026976
6 0.737951125401339 0.9948748355326218 0.021458505931498985 0.010250328934756326