1 0.2331816629068532 0.9577262697716634 0.14955738229073817 0.0845474604566732
6 0.1422898899455996 0.9162510355889942 0.030096676959604142 0.015272172927693362
6 0.10977290663864703 0.9047577786689122 0.027167905251991798 0.048706755437207504
1 0.4734011491167996 0.8538716882879136 0.06669941818411544 0.09323534684397003
1 0.37160296839627177 0.830951500037181 0.10271347453146396 0.07051277125453836
6 0.45559753516846146 0.7937008508354838 0.022306909012915453 0.015735087946721647
6 0.41738448132839556 0.7897972594287213 0.03632394490629274 0.014745590912470874
1 0.2010357187919832 0.6714770464634092 0.22359793903379802 0.2291622124710205
28 0.9499649637774183 0.6581917041424254 0.06697220282385175 0.10261034684397004
28 0.5466952112701359 0.6198587856261752 0.03819633346523723 0.05227742441056833
28 0.6036642767886843 0.5705564639910763 0.03900031551854859 0.05309050790866543
28 0.5475506691085523 0.5635769521280782 0.03987249373179384 0.05624734140676253
28 0.26801393329431733 0.5201174763111849 0.045477636051661816 0.06115767589344294
1 0.9744518013992906 0.4886750415948555 0.02533262061225585 0.03926808844101295
6 0.0832046757724699 0.44688427026595506 0.034071123119538124 0.017775090418179394
23 0.007788453286070004 0.4396355029657496 0.015576906572140009 0.01677100593149916
6 0.08613945915856476 0.4266672707602467 0.03395746285298147 0.013868840418179573
23 0.008819755872494752 0.42091733646384666 0.017639511744989504 0.013709672927693362
6 0.08666229638472558 0.4086985207602467 0.030142141066226813 0.01683467292769336
23 0.009873790512230838 0.40298041996194395 0.019747581024461676 0.015335839923887918
1 0.973471974597971 0.44170454110056384 0.03105142319868044 0.04808467292769336
23 0.9641484503830761 0.3857901221272031 0.018255906505633135 0.03741908695813834
23 0.9884808606496328 0.38287071056821614 0.0042388706122558515 0.03840858399238876
9 0.8490894032069278 0.28098326391452655 0.21345371239076308 0.33643354300336814
9 0.5850041711536165 0.2710047915576744 0.23926370612255674 0.39210788144438113
9 0.17233668659302256 0.23307112106425784 0.20142037681395486 0.45923437304142417