6 0.49875467865537254 0.99022590353492 0.019824502481199248 0.019548192930160014
1 0.6244802706736552 0.9734809458734842 0.15278470574818712 0.05303810825303153
28 0.4277337032624785 0.989400755995856 0.06580909057054055 0.021198488008288052
9 0.9204048926757272 0.8932262984368642 0.15543032444049026 0.2135474031262717
1 0.02812930810555187 0.06835189371369373 0.05625861621110374 0.13670378742738745
6 0.7589276978903042 0.14292624792857617 0.030126301695410973 0.04427869292790545
1 0.538587426797855 0.2659676798982269 0.46934512117350236 0.235458234489122
6 0.29888072559778195 0.4083755419755014 0.02800087551672865 0.04885703101724666
6 0.7413957113297582 0.436002005786459 0.038630160462916764 0.05948631596343468
6 0.5780288782028158 0.5102463728261324 0.05183648180303493 0.02502142473094047
6 0.4695079028099217 0.5067510376322752 0.05666953101724666 0.02836474855225788
6 0.6789920647205804 0.5188465849844601 0.045950354838564064 0.032542826302517015
6 0.8264150283266503 0.5709271234453048 0.035160558105551944 0.06867937944567011
1 0.6051800372179905 0.6245464673256143 0.15798162799792798 0.09466829879992708
1 0.3575237872179905 0.6130116920993359 0.17231595574818695 0.08442215756743252
1 0.7528405953235423 0.6984656184829061 0.0883583327126578 0.07271621608726911
6 0.3482258699306482 0.681179495242489 0.06433648180303493 0.025603621587787374
28 0.6481723660017067 0.7107408325032607 0.08297947394515219 0.05765414226595169
28 0.5482451406088126 0.7076457576484858 0.08525044933804615 0.0562008041766104
1 0.7619480756788353 0.7768453296077766 0.08367083271265763 0.07249789226595169
1 0.36144080748187013 0.7807985055815714 0.1562008041766104 0.08990802419282104
6 0.2935855274980808 0.8470185109582549 0.07080480562435251 0.03058222001621047
1 0.3701887229071856 0.91840766749223 0.17487802956950455 0.0892188194780914