23 0.9923128534617621 0.29008098786605163 0.015374293076475708 0.044731244668999894
23 0.9608173987450698 0.3529809772040514 0.018278527735416716 0.04707499466899989
23 0.14949869224805587 0.37961367998090995 0.03177733007211807 0.02301987667090888
6 0.15157033852458368 0.4014704986473645 0.031577308320625 0.014426126670908878
6 0.6913959047289934 0.39440759790741337 0.030142094889756877 0.019876695337363515
6 0.6539322723201739 0.39640644991250407 0.034193815254479176 0.026172148671227014
23 0.15286073480111145 0.4233364079805918 0.03568358007211807 0.023065330004772556
6 0.8763527861878824 0.4172622005490509 0.017588196713368375 0.05097215400222712
6 0.8888527861878824 0.41711674988068737 0.012064895326597025 0.048564769334818084
23 0.904532337574653 0.4192786865452328 0.01584385875746506 0.043141472668681756
23 0.1540238445085073 0.4397335673138191 0.03403016109416672 0.019140898671227192
6 0.1536971893982643 0.4592739079805918 0.03555629350298615 0.017596580004772554
23 0.8900165491056601 0.4671167498806873 0.015171711531007048 0.04781988200190899
23 0.8736648504924309 0.4696514038829145 0.01113817496187508 0.042305678668045486
6 0.15338871808361149 0.4795954986473645 0.03174096248093754 0.021457376670908877
6 0.6904893277910074 0.4897564605745043 0.03172277868534721 0.02067612667090888
6 0.15549673195131986 0.503014817313819 0.03720971248093754 0.02152101133831792
23 0.6509001509292712 0.5011575845799131 0.033267094889756876 0.01991305800445442
23 0.6886001726807643 0.5093149825748224 0.031631859707395904 0.01676987667090888
9 0.48476665786312545 0.5148126466025029 0.12497865624760482 0.772339171347863
9 0.2997376944322574 0.5224358846276381 0.11280596456822982 0.7862562206794994
23 0.6522814661837504 0.5269297439131403 0.03168641109416672 0.019113626670909056
23 0.6890183999793408 0.5272837325748224 0.02939721248093754 0.021430104670590745
23 0.6574235610735074 0.5464064499125041 0.03324891109416672 0.019131808004454243
6 0.10364459764263936 0.5583204826543643 0.036410278685347255 0.020730670671545326
23 0.6564974939191671 0.5737683812460495 0.02783471248093754 0.02141192333704538
23 0.10419011151034771 0.5817579826543643 0.030123911094166678 0.019095445337363515
6 0.11598224990309078 0.6183494633195461 0.016062064304548686 0.05251647266868176
6 0.09503397026781302 0.6248449113224096 0.015153527735416717 0.047038632001908984
23 0.7005761086605562 0.6545274852403224 0.03174096248093754 0.021457376670908877
23 0.6607687262517367 0.6565536092457313 0.029342661094166545 0.019086354670590742
23 0.6215075109210076 0.7156200739179128 0.03964438145888884 0.025454533338636055
23 0.6790660909931256 0.7376127052435042 0.03479322729857639 0.018368739337999783
6 0.6204723409931256 0.7382945052514583 0.03722789627652787 0.02230226133831792
23 0.6825911344961118 0.7547638425764133 0.03248584488975688 0.019903967337681648
23 0.1956009339830215 0.8159142593093648 0.028488675911805574 0.015952264003817974
23 0.19529246266836875 0.8362358499761374 0.03017846248093754 0.021439195337363513
6 0.19423910894489654 0.858129031309683 0.03564721248093754 0.02150283000477273
23 0.19554768901701464 0.8807761906429101 0.032431293502986104 0.01756021733768165
23 0.19518466631559103 0.8987540313096829 0.03333983007211803 0.023038058004454243
6 0.9496182463877091 0.9126377878740058 0.03642846248093754 0.021511920671545327
23 0.8529069005480217 0.9207962805538233 0.01353647634864572 0.04467670066836362
23 0.7896256505480216 0.9215326245624139 0.014317726348645898 0.04468579133513621
6 0.8935319005480217 0.9203235658816418 0.016679660144236406 0.04549431333545435
23 0.9763989519347923 0.9217037052037332 0.01584385875746506 0.043141472668681756
23 0.8256177019347923 0.9234582038908687 0.014281358757465057 0.04312329133513657
23 0.806904069525973 0.925238879893414 0.013518292553055745 0.043895450668363624
6 0.7678597533215633 0.9264746632320501 0.01597114532659738 0.04861022266868176
6 0.7514716871171536 0.9274468172342771 0.014354093939826385 0.04624829133513657
6 0.19620295886864664 0.942504031309683 0.03722854948690979 0.055886920671545326
23 0.8655530241231257 0.9605036705522325 0.03635572729857657 0.018386920671545327
23 0.9774717958746189 0.9677974552037332 0.013463741166284748 0.041551700668363625
23 0.7657894134657994 0.971823525899141 0.011828505983923775 0.03840851933481808
23 0.8080314648525704 0.973676379893414 0.013281903210381784 0.033739200668363625
23 0.7900263472613898 0.9723229652291867 0.015698388392743113 0.03689147266868176
23 0.8243831634657994 0.9711417258911869 0.013391005983923777 0.03842670066836362
6 0.9932188302369187 0.9691508698679605 0.013562339526162504 0.038481244668999895
6 0.7416433986481605 0.9752303365690954 0.015589285619201476 0.03220397266868176
23 0.7704599299958682 0.0980951245624139 0.009593858757465412 0.043068747334499946
23 0.7821968637914584 0.09874001456082306 0.012955248100139016 0.05326136000159083
23 0.7549076651782294 0.10140193789786833 0.015062608757465411 0.043132382001908984