9 0.38726563394009084 0.22030748848243661 0.2211823297043134 0.09123266832631982
9 0.1654360980467135 0.22961803421341814 0.2089551143440495 0.10017115870767297
23 0.48702159303214854 0.2621824752355927 0.031704641066226814 0.01671627404661713
6 0.2636893931112908 0.3004811165200705 0.03255408722616089 0.019087305897782514
6 0.2070218559642723 0.31497269165514674 0.060238818025830906 0.031760920688572544
6 0.26824651246990533 0.3495907391154088 0.013522942399010241 0.03559275961864685
6 0.5347209586298394 0.34263137786799786 0.017701977038746364 0.04510416887447395
23 0.25114994068315066 0.3533159398410482 0.014417852665567032 0.039526291469812236
6 0.28320392273646205 0.3529786339432657 0.015267298825501107 0.04189732332097771
6 0.42885740353613216 0.35962295962649604 0.010375210345699059 0.03470238221398514
6 0.7253747023616332 0.3907166698859643 0.03498876543940614 0.022294151451278842
6 0.7242895754811712 0.4071774835882952 0.034693248746358665 0.012137901451278844
6 0.7256845909205776 0.4282439517371298 0.034116587226160885 0.01914186960011328
6 0.840551072973889 0.4250147696158118 0.01848322703874672 0.04513145072563951
28 0.9066989102000498 0.44069184411791584 0.049937815518548236 0.05325397477225664
6 0.869221642253361 0.4427826229738564 0.014622441145369081 0.04655754146981224
23 0.7241364627864744 0.45566954729062603 0.03200015775927412 0.02687252404661713
23 0.7606195320659467 0.47316458213701634 0.019241744985435006 0.04437748257680489
23 0.726540048758994 0.4845212335882952 0.03485237311953817 0.01760665145127884
6 0.17933843982522085 0.5192708112552602 0.01821044239901033 0.03575645072563951
23 0.2147447424116456 0.5266368779528159 0.013636602665567033 0.03949900961864685
6 0.23691525910469302 0.5360292361201839 0.02703987311953817 0.017333832939624472
6 0.24306597070403324 0.5592757631620259 0.027934783386094876 0.021267364790790035
6 0.2167080591838353 0.5672345961016505 0.016716138558944316 0.038045637023308564
6 0.24124505793019407 0.5773263587155222 0.021571123119538172 0.01714285998146643
6 0.23664980080405812 0.7956770546318382 0.034184783386094875 0.02148561960011346
23 0.20473221107061482 0.8007018605296208 0.014758833465237143 0.051245041469812236
6 0.23963004829677564 0.817470209078342 0.035747283386094786 0.021540183302444404
28 0.9247755896004293 0.9006844030109231 0.04888378087881229 0.043851692921091256
28 0.9900482906269528 0.9159249678943805 0.01990341874609456 0.04767609736759475
28 0.8823069447732788 0.9193724048250218 0.040031618104973174 0.06149306070710594
23 0.6599916755729489 0.938866482407169 0.01756558471887839 0.040416668874473774
23 0.9404831576262602 0.9298535478387802 0.03250862311953817 0.017524805897782512
23 0.9425457627991097 0.9469864841364494 0.03177283722616089 0.01906002404661713
23 0.39647474485242107 0.9668377481010835 0.01836956677218975 0.04122520072563951
23 0.9877679695659467 0.965552945661862 0.024464060868106687 0.0027901833024444045
23 0.8734236897587138 0.9634770688901725 0.008221676959604097 0.014335318511654194
23 0.9313043859186478 0.9638019619039309 0.011210284639735946 0.009756945916316085
23 0.6766168859186479 0.9726958453838602 0.017460284639736125 0.009975200725639155
28 0.9007447077054025 0.9617409540993824 0.03871315901291546 0.01618056070710594
6 0.15088110002527055 0.9926190312181934 0.011119356426490734 0.006631945916316084