23 0.4946868278660478 0.31539943729933057 0.037631810206654494 0.02418425790866543
23 0.5179697917616943 0.2897919422422464 0.010401689695149586 0.04260133547526355
23 0.49132547852997777 0.2746471033069417 0.03526078912941557 0.019401257414373773
9 0.02817655961747927 0.41276925543720744 0.05635311923495854 0.8255385108744149
9 0.20083280961747926 0.4198044585166878 0.10947811923495854 0.8277031887450242
6 0.6549698220123152 0.20945713790735282 0.03680965359079611 0.017121174410568152
6 0.6947999364736959 0.20873689631030984 0.03452499092481372 0.027181923916276586
6 0.5736607346782978 0.19599020410524448 0.05489657825883114 0.03816584486680372
6 0.6141857407284219 0.18045804600629867 0.012777255951928268 0.048165585969555155
23 0.49230165036934237 0.17392952030313613 0.03134999394987581 0.018460839923887827
23 0.6281618823171656 0.16618729897204818 0.011137487899751618 0.03482066897336074
23 0.6429829064194665 0.1628858854358949 0.013526689695149585 0.0427286694676523
23 0.5163658642649889 0.1483538587441492 0.015893165592848747 0.046730419961943916
23 0.5343255239059091 0.1475235292003847 0.011982370413308985 0.045790002471457925
6 0.7202493883672898 0.15275615174751728 0.01044714149054773 0.05041383547526355
23 0.7038431383672898 0.15208764828747617 0.012772710772388507 0.047384335969555116
23 0.5206261173882469 0.07510735973273237 0.011982370413308985 0.045790002471457925
23 0.46973578307929137 0.05428818235641464 0.012768165592848746 0.04660308596955513
23 0.13691873789975156 0.03994586216700925 0.02431419877033596 0.01739308844101307
23 0.0820812469749379 0.011936267300205552 0.030550563231716545 0.015304006425790634
23 0.13677783733401752 0.015727112167009255 0.023555674668035032 0.02126750494291587
23 0.4757994307181592 0.02251160034119221 0.010973861436318445 0.006695668973360741
28 0.6299374848746895 0.06862654946633977 0.11534371974937904 0.09061702422028776
28 0.7502499848746895 0.07352890817330791 0.11612496974937905 0.09064885771838498
28 0.9047784035907963 0.05248819079655267 0.11502101200205246 0.03514827422028777
28 0.9804698862948851 0.05557604011198066 0.03906022741022994 0.03206042490485979
1 0.21964852565442508 0.9633157246861467 0.11843235831306051 0.0733685506277066
23 0.0995451039132563 0.997693383279384 0.03051420179539808 0.004613233441232012
23 0.3042053328360175 0.9971919882791653 0.02900624394987581 0.005616023441669426
6 0.06353033586107955 0.9851681788591925 0.032144879488495225 0.020836423421985016
23 0.14009738104061936 0.9890691116727176 0.02822953912941557 0.01911475593149916
23 0.09867295032246012 0.9842569362735663 0.03214942466803503 0.021617673421985017
6 0.4947576099633805 0.9939648413017803 0.03683692466803503 0.012070317396439378
23 0.3048729533475222 0.984067229771226 0.02743465359079611 0.016739172433401707
23 0.13764454673166396 0.9702236111784259 0.030577834308955422 0.01999150642579082
6 0.06341670637258431 0.9656369288591925 0.03214033430895542 0.02005517342198502
23 0.0985547756544251 0.9639444362735663 0.03137271984757484 0.022367089923887917
23 0.3047502334999474 0.9629734797712259 0.028247719847574793 0.022239755931499162
23 0.09845932688408912 0.9475381862735663 0.03216760538619425 0.024742673421985016
23 0.8601735317045491 0.9777945969183321 0.014312484874689346 0.04354175296574958
6 0.13595023652500948 0.9475036941822317 0.03605567466803503 0.021776840912470875
6 0.06251273652500948 0.9445113453610953 0.03449317466803503 0.021713173916276675
6 0.8866996702682307 0.9726269358536367 0.015134641490547551 0.050604836463846684
23 0.3038508088319124 0.9426291462731289 0.02665794877033605 0.01748858893530496
6 0.13267524560019578 0.921595110189843 0.03451135538619425 0.024838173916276674
23 0.30453206488203655 0.925473479771226 0.028184087334017515 0.011302255931499161
23 0.2786326402140015 0.9041104743340185 0.012763620413308896 0.045821835969555025
23 0.5169138902140015 0.9138196912536631 0.033702834308955334 0.02011884041817922
6 0.04894059503446172 0.893970175893443 0.03368919877033598 0.017775090418179217
23 0.30285139021400154 0.9050973127750315 0.030541472872636886 0.013741506425790816
23 0.48174400467538214 0.9100434338392894 0.03212215359079629 0.016930173421985016
23 0.3058582155459665 0.8849121467674204 0.027421018052176737 0.014395422433401705
6 0.11521958000734708 0.8748010232317046 0.013540325233769135 0.04507241946765248
6 0.13004969446872763 0.8730621096955513 0.012763620413308896 0.045821835969555025
6 0.1479911733914888 0.8691067801517868 0.015161912567786606 0.05529233646384668
23 0.5377849264165508 0.8763979457022874 0.016701686670087666 0.05144975346004088
23 0.28855708605747127 0.864680559809282 0.02977385841125635 0.01605342292769336
23 0.3299633360574713 0.8663677352084335 0.010419870413308895 0.04572633547526337
6 0.5533053872871353 0.8590658656642315 0.019790325233769224 0.04532708745242999
23 0.31413380297817983 0.8305748152464896 0.015102825233769046 0.04513608646384668
6 0.29381221261910023 0.8281846442959624 0.016665325233769047 0.045199753460041237
6 0.27739232708048084 0.8251723908359214 0.013535780054229285 0.04429116946765248
23 0.4867218752850827 0.8258912683259698 0.03214487948849527 0.020836423421985016
6 0.7007025620533662 0.8205511468046014 0.03759544877033605 0.01793425790866543
23 0.6997622307694729 0.7931755633065042 0.028238629488495093 0.020677255931498984
6 0.30268269769018147 0.7418478962731287 0.03999374092481371 0.027404758402957086
6 0.469692935688129 0.7181915148659287 0.01591134631100779 0.04985541996194396
6 0.3039861224564124 0.6973803132693231 0.037631810206654494 0.02418425790866543
23 0.6304122670702181 0.6872492154739509 0.02900624394987581 0.018365339429596263
23 0.5834190924021831 0.6650267055881193 0.028992608411256348 0.01602158942959626
6 0.6201287520431034 0.6649603799986874 0.03602840359079629 0.017089340912470875
6 0.27475716470908595 0.6407337238397269 0.01748293667008758 0.051481586958138335
6 0.6215685321955287 0.6439302969948818 0.03452499092481372 0.027181923916276673
23 0.5817247821955286 0.6423067885919249 0.03059146984757479 0.02233525642579064
6 0.07310830629782958 0.6176769313306505 0.017469301131468162 0.04913783695813834
23 0.6582645562978297 0.6415202214054501 0.03292612948849509 0.020868256920082116
9 0.3997839149054777 0.5069556193342373 0.11675532981095538 0.9860887613315255
6 0.4667401316297946 0.6134085143716371 0.015134641490547907 0.050604836463846684
6 0.48250551131468156 0.5039207678316782 0.04623465056573402 0.026096926387734597