23 0.8859978134777261 0.9847621766149363 0.03328553494618802 0.011875880257724703
23 0.828529915835091 0.9723982954527003 0.05521619292790518 0.0309501068519765
23 0.617592415835091 0.9613435295101838 0.04647689371369381 0.02737472749876275
6 0.88817674358535 0.9646134509251958 0.03421233416040011 0.015041823835289847
6 0.6709164689782441 0.9516686363621603 0.03513913337461148 0.018207767412854636
28 0.1220594379609975 0.8971859384891822 0.047913115177646445 0.0414781710763279
6 0.11673408312243327 0.8665124706013578 0.03499358416039979 0.015082767412854636
6 0.1469481219975628 0.8626405201263878 0.021294957195929064 0.022158283016686653
6 0.09347636558742198 0.8356785504295413 0.018152840570540583 0.03835981512886235
28 0.13758808457017535 0.812272027928304 0.06197776923042238 0.07572701831736595
6 0.17812103928490505 0.7956920375392424 0.015282551695411062 0.04366479081860284
6 0.09200160276714041 0.7872819940071063 0.014882291356328858 0.035071040818602836
6 0.16405638523212912 0.7614431902982045 0.03432149607105854 0.01738557383528967
28 0.12139585028594105 0.7490759871097012 0.04613229135632886 0.03670878392119796
23 0.16374601612554124 0.7380466338757694 0.026508996071058544 0.016976138059640888
23 0.7837310303935648 0.7635245844622809 0.021641713606069857 0.04633608943912186
23 0.7220122803935649 0.7602900418346558 0.01937073821317572 0.04777575870642714
23 0.8016997803935648 0.764466286746273 0.01212116439185813 0.042719766508343325
23 0.697720755786459 0.7574582909301446 0.018225615177646405 0.03992231512886235
23 0.9306273393276863 0.5374201871303859 0.017699076302517013 0.04535012155129756
23 0.2398011321317572 0.48017325814060036 0.013610889784752268 0.04123915366347326
23 0.27179599482820427 0.48107069482076026 0.013375449338046153 0.05291696008590829
23 0.2537544702210984 0.4785664925367682 0.017099762820281583 0.049215427973732774
23 0.22172322022109842 0.4768878058566083 0.019788115177646403 0.04000420228399211
23 0.44341628370333375 0.48460953188503303 0.03908177067816432 0.019193735300678937
1 0.33235035111451056 0.4593052374483856 0.10651117328319834 0.11157266508343397