6 0.6728621704514 0.4671111574235868 0.05043637662320553 0.025581802673454314
6 0.6722485158250173 0.4319549074235868 0.04418637662320535 0.0255090773392725
6 0.6701405450460105 0.4006867260900413 0.04725682954530477 0.022420440006363406
6 0.6680462110364788 0.37019979475649584 0.050436376623205346 0.025581802673454314
23 0.22352682345622482 0.231460727363135 0.032422762174864596 0.06755112667090887
23 0.05738362621616835 0.19984600600731783 0.022597748782184013 0.041660788669636205
23 0.21592678327818296 0.1540442520289532 0.03651024431795715 0.03323067067154524
6 0.06356939650870781 0.15149032200827234 0.042060814934808156 0.037981805338954275
6 0.9781210458600846 0.11527867413267572 0.043757908279830816 0.03021475867281791
28 0.10135004017804183 0.07850735534690848 0.14723133035608366 0.15636927335295364
6 0.9778892207790069 0.08715367413267572 0.044221558441986275 0.02708975867281791
6 0.7257948867694752 0.009226479431859103 0.014089773538950467 0.0017261320019090031
1 0.3811084618439625 0.9783919966880104 0.10003695616851012 0.043216006623979196
23 0.26581074431136653 0.9968623218491356 0.03140000446422686 0.0062753563017288625
1 0.09112834414921078 0.9690680365014318 0.10732730478853844 0.06186392699713643
6 0.443731192769239 0.9862276338617828 0.015402857548481919 0.0275447322764343
6 0.3111681087597074 0.9565521813733163 0.02764375892845372 0.01750567333704538
6 0.5118266278344308 0.9518572327339061 0.018555131087432387 0.03380283533577284
6 0.7179948072175798 0.9495696687619049 0.014662517856907442 0.034538632001908806
6 0.06396582629230331 0.934929530673136 0.03021933400953163 0.030814195337363515
6 0.7866357130617785 0.9441196474379042 0.017746607548481917 0.03223124466899989
6 0.3107726424449274 0.9338959313733163 0.03777273538950343 0.016061352005090866