9 0.1604898943485195 0.8337996250424091 0.320979788697039 0.28556800008481814
9 0.8274269831261736 0.808860411745307 0.33822827048806375 0.3822791765093861
9 0.46978265476914655 0.7790600836574147 0.1621288579202771 0.3446552794889127
23 0.10323654596510672 0.5216790817584982 0.01821873487468948 0.043596232576804894
6 0.2891740459651067 0.52817216233587 0.031372719847574795 0.02218502404661713
6 0.35793313632418633 0.5290104652384277 0.03450681020665449 0.023856651451278844
6 0.21652688632418635 0.5240724501774853 0.03527442466803503 0.021540183302444404
28 0.063433702580965 0.5132564573490613 0.0432823673882468 0.0554067518140986
28 0.017928068137544204 0.5108655781303011 0.03585613627508841 0.053625997004775175
23 0.9853359736582039 0.5407615417242664 0.015057373438371258 0.037237105172143
23 0.8548672236582039 0.5362054725796399 0.018205099336070063 0.041252482576804896
23 0.8267376784786642 0.5360045759376845 0.017414758976990186 0.039662700725639335
23 0.8001797236582039 0.5342957429980599 0.01584771379745078 0.03882688702330857
23 0.9072155188377437 0.5372521066077235 0.018218734874689346 0.043596232576804894
23 0.8798717688377437 0.5362972418169335 0.018209644515609823 0.04203373257680489
23 0.9330013140172835 0.5373711576961826 0.018205099336070063 0.041252482576804896
23 0.9595729043763631 0.5367362406358073 0.015075554156530302 0.040362105172143004
23 0.5939660850945223 0.5208433342903869 0.03216306020665449 0.023774805897782515
1 0.679935401351301 0.5183755879185841 0.10527382816063521 0.10443701805616748
23 0.5957149374556545 0.4888666479927178 0.03058692466803503 0.021376492195451745
23 0.01377004586691086 0.45369791887447397 0.01664259933607006 0.041197918874474125
23 0.056747886225990474 0.45363592068857256 0.015861349336070064 0.041170637023308566
6 0.9067978832009282 0.47472482475655814 0.017423849336070062 0.04122520072563951
23 0.8794541332009285 0.4737699599657681 0.01822782523376887 0.045158732576804896
6 0.9614853832009285 0.476634554338138 0.015865894515609824 0.041951887023308564
23 0.9864899283804682 0.4767263235754317 0.016638054156530302 0.04041666887447395
23 0.933369473560008 0.4740899076961826 0.017442030054229462 0.04435020072563951
28 0.0633751361277946 0.389010425497896 0.04170168667008758 0.05222718811176765
28 0.019264836116074057 0.38667410998146656 0.038529672232148114 0.05292659255827141
6 0.9424359222321481 0.39314000805900234 0.019767599336070064 0.04130704627913566
23 0.9924404674116879 0.3941047965335897 0.01116021379745078 0.03866319591631599
23 0.9690029674116879 0.3932863409986269 0.017414758976990186 0.039662700725639335
6 0.005966671913011555 0.3205580366604888 0.01193334382602311 0.043432541469812236
6 0.03651772033855416 0.304461810707106 0.018986349336070064 0.04127976442797028
23 0.9162052203385542 0.3351811751193778 0.01821418969514994 0.0428149825768049
23 0.941209765518094 0.3352729443566715 0.01664259933607006 0.04119791887447395
23 0.9693393106976338 0.3354738409986269 0.01819146379745078 0.0389087325768049
23 0.991209765518094 0.3370189828312589 0.013531234874689347 0.043432541469812236
1 0.2897245335702707 0.2992386304847046 0.21282322862817357 0.19723713166583093
6 0.9165733798812787 0.27189992511937777 0.015852258976990184 0.039608137023308565
23 0.8165779250608185 0.267626598170203 0.03842215056573402 0.02555556070710594
6 0.9923591750608185 0.2737650146824243 0.012731804156530302 0.040280259618646855
6 0.7033875786516146 0.24804572975121597 0.018995439695149587 0.042842264427970275
23 0.6502625786516146 0.2461905638719669 0.0197539637974506 0.03896329627913566
28 0.7721557593697739 0.2473215326537736 0.04875111738824671 0.05559772477225646
23 0.7299773497288535 0.24428581269084054 0.022134075233769222 0.04529514183263199
23 0.8159875726014905 0.23478681631903758 0.036855105386194256 0.024719747004775083
23 0.8154244912194013 0.19725953446787217 0.037627265027114734 0.023184528855940557
6 0.7030063044511179 0.17926844790005053 0.0197630541565303 0.04052579627913566
23 0.24676084963065764 0.16255459681944065 0.015057373438370991 0.03723710517214314
23 0.7287875544511179 0.18016874898850968 0.016656234874689348 0.04354166887447395
28 0.7709841448101974 0.18007946895144278 0.04329600292686635 0.057750501814098555
23 0.6498949399897372 0.17506953202080144 0.016660780054229284 0.044322918874473996
23 0.2741136899897373 0.16194696161023064 0.016647144515609825 0.04197916887447399
23 0.3006716448101975 0.16365579454985518 0.015075554156530302 0.040362105172143135
23 0.2209932351692771 0.15931054573098152 0.017437484874689525 0.04356895072563942
23 0.32568982552835674 0.16140381378714888 0.015865894515609824 0.041951887023308564
23 0.4030335755283567 0.16410471705252622 0.018209644515609823 0.04203373257680485
23 0.48272107552835675 0.16688746587139985 0.018999984874689523 0.04362351442797028
23 0.45694891588743636 0.16442466478294077 0.018214189695149586 0.04281498257680485
23 0.4288193707078965 0.16422376814098535 0.018986349336070064 0.04127976442797028
23 0.8156290242986927 0.16210328446787217 0.03840851502711473 0.02321181070710594
6 0.11413924717132962 0.1251041821213179 0.03293521984757484 0.022239587748947985
23 0.15633129235086943 0.12579615208425102 0.03213578912941557 0.01908730589778256
6 0.22047106040304615 0.11475201387981611 0.013463057181592398 0.03171379146981228
6 0.272038105582586 0.11577136605673435 0.018200554156530303 0.04047123257680485
6 0.24704265076212578 0.11411709681944064 0.018209644515609823 0.04203373257680485
6 0.29940458148028504 0.11281998084752431 0.018191463797450604 0.03890873257680485
23 0.8166057170189044 0.1285368163190376 0.03685056020665449 0.023938497004775083
23 0.40336537363476277 0.10707346705252622 0.018196008976990363 0.03968998257680485
23 0.4549324188143025 0.10809281922944447 0.01819146379745078 0.03890873257680485
23 0.42836991881430253 0.10716523628981993 0.01975396379745078 0.03896329627913566
23 0.5096244639938423 0.10922129881102442 0.017423849336070062 0.04122520072563942
23 0.48149946399384236 0.10823915216906901 0.0189818041565303 0.04049851442797028
6 0.1151068495324618 0.09310021397248333 0.033721015027114644 0.023048119600113392
23 0.1549642350710812 0.09214783838192016 0.03526987948849523 0.02075893330244427
6 0.7026295754301609 0.10970991604888511 0.018214189695149586 0.04281498257680485
28 0.7729420754301609 0.11216528265377364 0.04327782220870695 0.05462550181409855
23 0.7291966206097007 0.10985624898850968 0.020544304156530302 0.04055307813030114
23 0.6502949157892404 0.10631953202080144 0.018999984874689346 0.04362351442797028
23 0.8160108193800365 0.09647828446787217 0.03449771984757462 0.022294151451278842
6 0.11529774707313376 0.06028771397248334 0.033716469847574836 0.022266869600113415
6 0.27311024707313375 0.06579864790789977 0.017419304156530303 0.04044395072563942
6 0.22076649707313373 0.06397076387981611 0.016660780054229284 0.044322918874473996
6 0.2988960422526736 0.06591769899635888 0.017410213797450603 0.03888145072563942
23 0.15436479225267358 0.060870556530754724 0.03370283430895542 0.019923119600113393
1 0.9244636688143025 0.12448921177986665 0.151072662371395 0.18961311542376214
23 0.7389625060501241 0.042996131202494806 0.01582498789975162 0.03492063702330857
23 0.8155431867682834 0.042544752616706746 0.03449771984757497 0.022294151451278832
28 0.6772255753319649 0.043965864960426 0.043200554156530305 0.04134425181409853
23 0.6428642108705844 0.040421713509147174 0.01739657825883114 0.03653770072563942
23 0.7670875060501242 0.04397827784445021 0.01582498789975162 0.03492063702330857
23 0.7131767108705844 0.04287708011403569 0.01739657825883114 0.03653770072563941
1 0.0419921875 0.08272321996293311 0.083984375 0.16541915807470078
1 0.3108920482046019 0.01867067676384031 0.14461760841125634 0.01989089246560416