6 0.446875 0.16484375 0.015625 0.02578125
23 0.046875 0.16484375 0.02734375 0.0171875
23 0.07578125 0.16640625 0.02734375 0.0171875
6 0.103125 0.1671875 0.02578125 0.01640625
23 0.4828125 0.1671875 0.053125 0.04140625
6 0.44765625 0.19609375 0.01328125 0.02578125
1 0.2765625 0.240625 0.309375 0.24921875
9 0.7609375 0.25625 0.478125 0.1515625
23 0.45703125 0.3265625 0.0140625 0.025
9 0.07265625 0.328125 0.0765625 0.140625
23 0.471875 0.32890625 0.0140625 0.0265625
6 0.190625 0.37421875 0.02265625 0.0140625
6 0.13515625 0.37734375 0.009375 0.02265625
6 0.28828125 0.3859375 0.01171875 0.02265625
6 0.334375 0.39453125 0.01171875 0.02578125
28 0.98671875 0.39765625 0.02578125 0.09609375
28 0.53203125 0.40234375 0.14296875 0.09765625
28 0.90078125 0.40625 0.1484375 0.09765625
23 0.04375 0.40703125 0.02734375 0.0140625
23 0.04296875 0.4203125 0.028125 0.0140625
6 0.1140625 0.44140625 0.0265625 0.01640625
6 0.3859375 0.459375 0.03203125 0.0140625
23 0.4234375 0.459375 0.0125 0.028125
28 0.221875 0.47109375 0.0421875 0.03359375
1 0.3203125 0.48984375 0.09609375 0.075
23 0.41640625 0.49140625 0.015625 0.0359375
6 0.384375 0.50078125 0.03125 0.01640625
1 0.71484375 0.50859375 0.0953125 0.0734375
1 0.15390625 0.5140625 0.08671875 0.11328125
28 0.3984375 0.5328125 0.05625 0.0421875
6 0.159375 0.0671875 0.01484375 0.02890625
9 0.50390625 0.68359375 0.9921875 0.1484375
9 0.5140625 0.79609375 0.97109375 0.1078125
28 0.30390625 0.8578125 0.04765625 0.03984375
23 0.38046875 0.890625 0.0328125 0.0140625
23 0.44609375 0.9015625 0.03359375 0.01484375
23 0.35078125 0.90859375 0.0296875 0.01484375
23 0.4015625 0.90859375 0.034375 0.0140625
6 0.31875 0.909375 0.02578125 0.01328125
23 0.290625 0.91171875 0.03046875 0.015625
6 0.19375 0.09296875 0.01796875 0.03515625
6 0.44453125 0.93125 0.03359375 0.01328125
23 0.24765625 0.934375 0.0328125 0.0140625
23 0.30234375 0.9421875 0.01875 0.03203125
6 0.2890625 0.94296875 0.01328125 0.03046875
23 0.121875 0.95078125 0.03359375 0.0140625
23 0.246875 0.9515625 0.03203125 0.01484375
6 0.0546875 0.95625 0.034375 0.01640625
23 0.17890625 0.9578125 0.0328125 0.01875
23 0.24765625 0.96875 0.03359375 0.01484375
28 0.14453125 0.9734375 0.0390625 0.04453125
23 0.44921875 0.9796875 0.03125 0.01171875
1 0.3640625 0.959375 0.09921875 0.08125
23 0.246875 0.98515625 0.03203125 0.01484375
6 0.446875 0.99296875 0.02734375 0.0125
23 0.2484375 0.99609375 0.03125 0.00703125
23 0.1578125 0.1 0.01171875 0.02890625
6 0.3765625 0.10078125 0.01015625 0.02734375
6 0.21171875 0.10078125 0.01640625 0.02734375
1 0.0734375 0.97890625 0.10625 0.0421875
23 0.1375 0.10625 0.02734375 0.01484375
6 0.396875 0.10703125 0.015625 0.025
23 0.1125 0.115625 0.015625 0.0296875
9 0.7609375 0.12265625 0.478125 0.14453125
23 0.1140625 0.146875 0.015625 0.02578125