23 0.6657795361043535 0.05368464037881078 0.011110216822512698 0.030133168973360734
23 0.6806232861043535 0.05428947684265749 0.010378963797450602 0.03869508547526355
23 0.45483749092481374 0.04430834589256792 0.013517599336070062 0.04116616946765232
23 0.7048374909248137 0.05449506528367056 0.016638054156530302 0.0405122534600411
6 0.566551695745274 0.04807928612046691 0.01434430113146803 0.04901050296574951
23 0.5978016957452739 0.049352626044354746 0.01435339149054773 0.05057300296574953
6 0.5829488553861942 0.04718528958050803 0.012772710772388507 0.04738433596955514
23 0.6126227198475749 0.04605121250820147 0.011955099336070063 0.04110250247145795
23 0.6290380602066545 0.04828221596824257 0.011201120413308984 0.04575816897336075
6 0.2914744276930971 0.02359264479025401 0.03447044877033596 0.017806923916276612
6 0.3281749969749379 0.021963819200822216 0.03525624394987581 0.018620007414373807
28 0.038372153590796175 0.01718484140676259 0.07673976200205254 0.03358843281352518
1 0.7624809202682308 0.9508846566532523 0.12417381908544911 0.09823068669349552
23 0.8781059202682308 0.9722767673745676 0.01666078005422946 0.04441850346004088
6 0.22251899560019578 0.9252559624710205 0.039194310206654495 0.024247924904859986
23 0.17774685108458593 0.8820352030794802 0.03214942466803503 0.021617673421985017
23 0.21289401072550632 0.8819052104938541 0.03291249394987581 0.018524506920082118
23 0.5831928751868869 0.8946505385919249 0.03292158430895533 0.02008700692008212
23 0.17135595051885186 0.8575617850947026 0.037631810206654494 0.024184257908665074
23 0.8525832246211529 0.8814143454354575 0.01040168969514994 0.04260133547526337
23 0.8689803842620731 0.8805203488954984 0.012709078258831141 0.03644683596955502
6 0.12044289031219739 0.832836357718385 0.034479539129415614 0.019369423916276673
23 0.11718608010554295 0.8100527737259963 0.03607385538619425 0.024901840912470875
6 0.2302077339909267 0.6357942144481867 0.016683505951928357 0.04832475346004106
23 0.13191061367581364 0.5216587771860374 0.03605112948849518 0.020995590912470875
6 0.20456686367581364 0.5246192925090766 0.03605567466803503 0.021776840912470875