23 0.79375 0.1484375 0.01484375 0.040625
28 0.96484375 0.15 0.04140625 0.03359375
28 0.96484375 0.18515625 0.03828125 0.02734375
28 0.7640625 0.1953125 0.04140625 0.0515625
28 0.80546875 0.209375 0.0359375 0.05546875
23 0.9765625 0.2140625 0.01640625 0.021875
6 0.8515625 0.22109375 0.015625 0.0296875
6 0.8640625 0.22109375 0.01484375 0.0265625
6 0.1265625 0.23203125 0.10078125 0.0890625
28 0.203125 0.246875 0.08671875 0.15078125
23 0.78125 0.25 0.04765625 0.02890625
23 0.81953125 0.25390625 0.01796875 0.03515625
23 0.8375 0.25703125 0.01640625 0.03359375
23 0.7890625 0.27890625 0.01484375 0.03203125
23 0.80390625 0.2796875 0.01796875 0.03203125
28 0.834375 0.3046875 0.0390625 0.0609375
23 0.8953125 0.30625 0.03203125 0.0171875
23 0.896875 0.325 0.034375 0.01875
6 0.1640625 0.328125 0.02421875 0.015625
23 0.19375 0.32890625 0.02890625 0.0171875
6 0.35625 0.33359375 0.02890625 0.01484375
6 0.684375 0.378125 0.01484375 0.02734375
23 0.3015625 0.38359375 0.01484375 0.0296875
23 0.384375 0.3921875 0.01953125 0.0375
6 0.490625 0.40390625 0.0234375 0.05546875
23 0.6828125 0.4078125 0.0171875 0.03046875
6 0.30078125 0.41484375 0.01328125 0.025
6 0.54921875 0.41484375 0.01640625 0.025
6 0.565625 0.415625 0.0125 0.0265625
6 0.58203125 0.415625 0.0140625 0.0265625
6 0.60078125 0.415625 0.0140625 0.0265625
6 0.68359375 0.43671875 0.0125 0.0203125
6 0.503125 0.46015625 0.015625 0.02578125
6 0.53515625 0.46171875 0.01484375 0.0296875
1 0.87421875 0.46484375 0.17890625 0.21953125
6 0.28828125 0.4765625 0.0140625 0.02109375
6 0.315625 0.478125 0.0109375 0.0234375
6 0.3015625 0.478125 0.009375 0.021875
6 0.3390625 0.47890625 0.0125 0.02578125
6 0.353125 0.478125 0.00859375 0.02734375
6 0.365625 0.48046875 0.01328125 0.02265625
6 0.3265625 0.4796875 0.01328125 0.02421875
6 0.37578125 0.4796875 0.01484375 0.02421875
6 0.40703125 0.48203125 0.03046875 0.01484375
28 0.10078125 0.50234375 0.09453125 0.1484375
23 0.7203125 0.5390625 0.0125 0.034375
6 0.6515625 0.609375 0.02890625 0.015625
23 0.77265625 0.62265625 0.02421875 0.05078125
28 0.7296875 0.64375 0.03984375 0.03359375
9 0.07265625 0.684375 0.14453125 0.14765625
6 0.65546875 0.69765625 0.028125 0.01796875
6 0.68828125 0.76796875 0.02734375 0.01328125
6 0.6875 0.78125 0.02578125 0.01328125
9 0.06484375 0.79609375 0.12890625 0.1078125
6 0.690625 0.84765625 0.0265625 0.01640625
23 0.64765625 0.86484375 0.0296875 0.01640625
6 0.70390625 0.8671875 0.028125 0.01484375
6 0.646875 0.878125 0.02265625 0.01328125
6 0.690625 0.88515625 0.0265625 0.009375
6 0.64609375 0.89296875 0.0296875 0.01328125
6 0.69453125 0.89921875 0.02265625 0.0140625
23 0.64765625 0.90859375 0.0265625 0.0125
23 0.72421875 0.91015625 0.025 0.01484375
23 0.6703125 0.9234375 0.01015625 0.0296875
23 0.6453125 0.9265625 0.02578125 0.009375
6 0.64765625 0.93984375 0.0296875 0.0125
6 0.49140625 0.96640625 0.03359375 0.01484375
28 0.725 0.98671875 0.05 0.0265625
6 0.4953125 0.9953125 0.053125 0.00859375
23 0.81015625 0.10703125 0.0140625 0.0375
23 0.7921875 0.1078125 0.015625 0.0390625
6 0.825 0.1078125 0.01171875 0.0265625
28 0.7625 0.13359375 0.03515625 0.05234375
23 0.81015625 0.14375 0.01328125 0.034375