6 0.8771922327782271 0.7435911548250219 0.033289873119537815 0.017552087748947898
6 0.8778514623242561 0.766247404825022 0.033244409012915456 0.015989587748947896
6 0.9412834765100211 0.7960961067317877 0.05084108597251955 0.030652288474587407
23 0.8024088446149943 0.8611630899415648 0.015957620612255852 0.038799605172143
23 0.8014517498669861 0.9089011854950609 0.01990933471887857 0.04049851442797028
6 0.030698980666656106 0.9475471225953382 0.0067644770387464085 0.044722222958158045
23 0.5323722307996701 0.0025043047688767224 0.009275711599340219 0.005008609537753445
23 0.5471932487463588 0.0014775181083878709 0.010792747492717502 0.0029550362167757417
23 0.5151619987463587 0.0020572574456532143 0.013136497492717503 0.0041145148913064285
28 0.9014404795460289 0.007285407789230721 0.06457697703874636 0.014570815578461443
23 0.6772133693586145 0.025619948741904854 0.012187762932123647 0.043350695916316
23 0.6585088334652371 0.027837213169875124 0.013613870612255673 0.03871775961864684
23 0.9233358630904082 0.07176822932712593 0.012165030878812644 0.04256944591631599
28 0.8944894490629279 0.10171118967141217 0.03846911810497318 0.061438497004775126
23 0.9245633939692206 0.11395572932712592 0.014281460345699059 0.03483879146981228
23 0.8485919273553154 0.13694185074133786 0.023778480799670376 0.012537205534962848
23 0.8839527658351176 0.1427454174388936 0.03482964106622681 0.016825401451278844
28 0.9321091210079672 0.1582687245178025 0.03410822703874672 0.045677087748947985
23 0.8424017633278351 0.1660936374018267 0.012673496239076343 0.033221727767481425
23 0.8564642633278352 0.165602564080849 0.012696228292387701 0.03400297776748138
23 0.9037400801000249 0.20461793486208876 0.013727530878812644 0.04262400961864685
23 0.8552798480467135 0.2055281596343453 0.014971782132453626 0.03174107332097771
23 0.8740298480467136 0.204873395206375 0.011361048825501286 0.04176091406515052
23 0.8865980442066477 0.20678063558772813 0.01363660266556721 0.03949900961864685
23 0.9205782391129403 0.21888876598761478 0.01441785266556721 0.039526291469812236
28 0.7870072211662518 0.22433521253690297 0.04236099623907634 0.03425843811176765
6 0.9348369674053278 0.2520187245178025 0.03250862311953817 0.017524805897782512
23 0.7467830379384413 0.2664061506486706 0.011179192399010418 0.03551091406515052
28 0.7835245199917527 0.26590515364389555 0.055983227038746364 0.04644097958157989
23 0.9038824840983753 0.2632662485644196 0.01149744114536908 0.046448414065150524
1 0.8610046623116208 0.2678917503785182 0.05838681301126627 0.07540179328391083
23 0.9362319828447342 0.27308519266663706 0.03797737311953817 0.017715778855940556
23 0.9384309803374518 0.2949056289643062 0.03942621285298138 0.013864092558271413
23 0.7931412123907631 0.30076130328107575 0.02534098079967002 0.012591769237293705
23 0.9036384431904331 0.30863331226675045 0.014304192399010419 0.035620041469812236
1 0.7256271034569899 0.318759824332468 0.05926735141192587 0.05201885698624169
6 0.9373685855103012 0.31214769266663706 0.03402565901291545 0.016016869600113372
6 0.8728203522033485 0.32456833631336757 0.039698997492717325 0.023239092558271324
23 0.8291840124699054 0.3300023699786315 0.012969012932123648 0.043377977767481465
23 0.8448317445232167 0.330237982955323 0.011474709092057722 0.04566716406515052
28 0.7847209586298394 0.3339011854950609 0.05442072703874636 0.04638641587924912
6 0.9386726727364619 0.3300891608154716 0.0324404269596041 0.015181055897782514
23 0.8726301355894435 0.34490811816453304 0.03549723079967002 0.012946433302444226
23 0.9055562958560002 0.34766853041558504 0.018164978292387703 0.034193950725639424
23 0.9384369920159342 0.3488664426666371 0.036483069279472244 0.0200049651536097
1 0.7279314010288497 0.3710762924813026 0.05522470909205772 0.04719494773041451
23 0.7171219331613032 0.402735520248784 0.023778480799670022 0.012537205534962936
23 0.9406373041692703 0.5857488837736297 0.03416205133278325 0.02070436960011346
23 0.9029470875553652 0.6073981944807356 0.035565426959604095 0.015290183302444227
6 0.9405152837152994 0.608432415624795 0.033267141066226816 0.016770837748947897