9 0.7975140456871876 0.1574438639501273 0.1254968413743752 0.3148877279002546
9 0.3998032443004168 0.1574295973106374 0.13085648860083357 0.3148591946212748
9 0.19993053086954876 0.16408922465786405 0.1404860617390975 0.3281784493157281
9 0.97265625 0.15700014660250294 0.0546875 0.3140002932050059
9 0.6015839498475002 0.1656228106301835 0.12816789969500028 0.331245621260367
23 0.4821403527735416 0.001971663301649185 0.030686955547083273 0.00394332660329837
23 0.4825040286853472 0.014703558601230283 0.030777874525034755 0.013635786004136174
6 0.48304954255305554 0.03814105860123028 0.03639209488975688 0.01994942067154524
9 0.052892529919618216 0.19140625 0.10578505983923643 0.3828125
6 0.8835593420399654 0.08896447788036914 0.03562902868534721 0.020721580004772512
6 0.2880487799196182 0.18810633796150178 0.04187902868534721 0.020794305338954277
6 0.6873766326931599 0.18814850724064064 0.03642846248093754 0.021511920671545236
23 0.8509702732701043 0.36754401121900526 0.0373006314588892 0.02542726133831792
6 0.7434668977951392 0.38207977323364095 0.014408645326597202 0.0485920413351363
6 0.7779510005686808 0.38636728389564123 0.015335365691319502 0.054851132001908984
6 0.7615993019554518 0.3889019378978683 0.018405814304548684 0.052543744668999894
6 0.7960658741437852 0.42601103922664124 0.01824216014423623 0.04551249466899989
6 0.7758449463321184 0.4637564872295048 0.017497277735416716 0.0470659040022273
23 0.8055869977188893 0.4657547918921413 0.03628299211621524 0.015261920671545326
23 0.8090393060395143 0.4797809292250504 0.03330346248093754 0.02147555800445424
1 0.099192833774931 0.5349284359882278 0.0679336888295834 0.06639770667568143
6 0.6038985175705213 0.5298371152530491 0.03655574905006951 0.026980670671545325
6 0.6036627814382296 0.5532837059198219 0.04049836664125017 0.028588624005408826
23 0.11979692771475743 0.5807949193189097 0.03717334488975697 0.01995851133831792
6 0.602645795305938 0.5767393872533673 0.04365973423243048 0.03018748667249973
23 0.08554921428388938 0.5866636586569095 0.0317591462765278 0.022238626670908878
1 0.5238850156706603 0.5839075445974122 0.10970492116215276 0.14967383068109025
6 0.6041180295383686 0.6064177965865947 0.03969893284565984 0.027798283338636053
6 0.6032828813619797 0.63768597792014 0.047602351823611146 0.031795440006363404
6 0.6062266966164589 0.6634399559198219 0.04113414627652787 0.022347714672181596
6 0.5222335563238547 0.6808279979312759 0.03571994766329869 0.024627830004772377
6 0.5630767618709381 0.6897302832590944 0.01660692496187508 0.04236931333545435
6 0.4763580118709381 0.6907393472708665 0.01504442496187508 0.042351132001908987
6 0.5763761956665283 0.690356991923958 0.019132512917777865 0.05020908533577266
6 0.5474699456665284 0.6906933465945488 0.015880226348645898 0.04470397266868176
6 0.4912381294621186 0.6921291246021848 0.01915069671336802 0.050990335335772484
23 0.4600063132577089 0.6932740012730937 0.011338196713368021 0.05089942866804549
6 0.5309006947165977 0.7174558412635486 0.01758819671336802 0.0509721540022273
6 0.5988512609210075 0.7158837032543218 0.024110953647222287 0.06276362933640893
6 0.5121870623077784 0.719236517266094 0.01993194671336802 0.05099942600254544
23 0.48284505442399367 0.7344257126034575 0.03254039627652787 0.02224771733768165
6 0.5586444882195839 0.7343251679265034 0.03713697729857639 0.01839601133831792