6 0.1453125 0.7734375 0.0328125 0.01640625
6 0.1453125 0.79609375 0.0328125 0.01484375
6 0.0828125 0.828125 0.05 0.02890625
23 0.2234375 0.88828125 0.01484375 0.03828125
23 0.22578125 0.9359375 0.01875 0.03984375
6 0.996875 0.94765625 0.00546875 0.04453125
23 0.4203125 0.01015625 0.01015625 0.01953125
23 0.46796875 0.01171875 0.00859375 0.0234375
23 0.453125 0.0109375 0.01015625 0.021875
23 0.48515625 0.0109375 0.0125 0.021875
28 0.09921875 0.02265625 0.06328125 0.04453125
23 0.32421875 0.04921875 0.0109375 0.04296875
23 0.34296875 0.05078125 0.0125 0.03828125
23 0.0796875 0.10390625 0.0109375 0.0421875
28 0.109375 0.1328125 0.03671875 0.06015625
23 0.0796875 0.14609375 0.01328125 0.034375
23 0.15625 0.16640625 0.0234375 0.01171875
23 0.12109375 0.1734375 0.034375 0.015625
28 0.0734375 0.190625 0.0328125 0.04453125
23 0.16328125 0.1953125 0.01171875 0.0328125
23 0.14921875 0.1953125 0.01171875 0.03359375
23 0.103125 0.2359375 0.0125 0.0421875
23 0.1515625 0.23515625 0.0140625 0.03125
23 0.1328125 0.23515625 0.01015625 0.04140625
23 0.1203125 0.2375 0.0125 0.0390625
23 0.08671875 0.25078125 0.01328125 0.0390625
28 0.2203125 0.2515625 0.04140625 0.0328125
6 0.0734375 0.284375 0.03203125 0.01640625
23 0.26171875 0.2921875 0.01015625 0.03515625
28 0.225 0.29296875 0.0546875 0.04453125
23 0.1046875 0.29453125 0.01015625 0.04609375
1 0.14765625 0.29765625 0.05625 0.0734375
23 0.07265625 0.30546875 0.0375 0.01640625
23 0.07109375 0.32734375 0.0390625 0.0125
23 0.21640625 0.328125 0.025 0.01171875
23 0.10625 0.33984375 0.01328125 0.03515625
1 0.284375 0.34375 0.0578125 0.05
6 0.07265625 0.34453125 0.03359375 0.01484375
6 0.1375 0.3546875 0.0390625 0.021875
23 0.18125 0.35859375 0.01171875 0.04296875
23 0.165625 0.359375 0.01015625 0.0453125
28 0.22578125 0.3609375 0.053125 0.04453125
6 0.071875 0.3625 0.03203125 0.0140625
23 0.13828125 0.375 0.03515625 0.01171875
23 0.10546875 0.37890625 0.0171875 0.03359375
23 0.07265625 0.38125 0.0359375 0.01875
1 0.28359375 0.39609375 0.05390625 0.0453125
23 0.2953125 0.42734375 0.0234375 0.01171875
23 0.07734375 0.61796875 0.03359375 0.01953125
23 0.115625 0.63828125 0.03515625 0.0140625
6 0.078125 0.640625 0.0328125 0.015625