9 0.9279946096878027 0.8606287785084383 0.13518910801847284 0.27874244298312334
9 0.5882463084581386 0.8324256750345598 0.322094210379605 0.3174355589778255
9 0.23385879030776596 0.7684772146054556 0.16684362899751592 0.3495064705959052
23 0.2218047387835144 0.5570759231356432 0.018205099336070063 0.041252482576804896
23 0.19524678396305417 0.5553670901960187 0.015856804156530256 0.04038938702330856
23 0.24837178396305415 0.5572222560752678 0.018200554156530303 0.04047123257680489
23 0.3406274616561513 0.5487227645127882 0.017414758976990453 0.03966270072563951
23 0.3695337116561513 0.5497321930059091 0.0189818041565303 0.04049851442797028
23 0.3992257568356911 0.5499876533501954 0.018205099336070063 0.041252482576804896
23 0.428132006835691 0.5509970818433162 0.019776689695149584 0.04286954627913566
23 0.31251155201523095 0.5461781178708328 0.01897725897699045 0.03971726442797028
28 0.7993575670423455 0.5412997111468945 0.04249202702916719 0.05381696996293321
28 0.8438933622218855 0.5420735266633239 0.039376117388246715 0.055270342558271325
28 0.7540541574014252 0.5381548637792997 0.04093407220870695 0.05454365626060227
23 0.6798354074014252 0.535563087918584 0.018200554156530303 0.04047123257680489
28 0.9329604074014253 0.5444024076961826 0.041715322208706954 0.05457093811176783
28 0.887652452580965 0.5420388103285878 0.03783634328594587 0.059122028855940555
23 0.6532865429400446 0.5322917549789594 0.018205099336070063 0.041252482576804896
28 0.9759427929400445 0.5435591595102812 0.03781361738824671 0.055215778855940555
23 0.6275052929400446 0.5313914538905002 0.018227825233769222 0.045158732576804896
6 0.7064115429400446 0.5341469208582085 0.017410213797450603 0.03888145072563951
23 0.6009473381195845 0.5296826209508758 0.021357370413308985 0.04604910998146643
6 0.18866550673749524 0.4777778035355299 0.017423849336070062 0.04122520072563951
23 0.7910956151487516 0.48396836078407474 0.0158477137974506 0.03882688702330857
23 0.7465689103282914 0.48163204526764536 0.0189818041565303 0.04049851442797028
23 0.8793950458669109 0.4839262099657681 0.015061918617910664 0.038018355172143005
23 0.9676808410464506 0.48622780914746144 0.021357370413308985 0.04604910998146643
23 0.8348683410464506 0.48158989444933875 0.017414758976990186 0.03966270072563951
23 0.9254978862259906 0.4839733391845284 0.019767599336070064 0.04130704627913566
1 0.376338223560008 0.4546379478152325 0.12245678298109546 0.10425596878180662
28 0.7045132205349459 0.4575025753047123 0.03858123184962743 0.05289931070710594
1 0.6319115126894236 0.4455903631463275 0.0552829185197151 0.10425347958157989
23 0.10694787412574207 0.42100695916315994 0.016638054156530257 0.04041666887447413
28 0.7539774102300956 0.4170338319281342 0.04169259631100797 0.05066468811176783
28 0.803209795768715 0.41640883855155614 0.040897710772388504 0.048293656260602266
28 0.9313393409482547 0.4201018121426864 0.04090680113146803 0.04985615626060227
28 0.8438393409482547 0.4170462448121584 0.03778180113146803 0.04974702885594055
28 0.9750938861277945 0.4208483458079503 0.04325964149054755 0.0515005018140986
28 0.8860450216664141 0.4153944647750915 0.040125551131468026 0.04982887440943688
23 0.6425768227978821 0.358445027211478 0.018218734874689346 0.043596232576804894
23 0.6152376179774219 0.35670891242068803 0.017428394515609825 0.042006450725639424
6 0.9957927263886784 0.3551514239382515 0.004156234874689346 0.0431051592558271
1 0.324022265518094 0.31372028193598345 0.10212610226293624 0.10042164065150558
23 0.8569029432111911 0.3206077544308053 0.0158568041565303 0.04038938702330856
23 0.8842603287498105 0.31921886922159526 0.018990894515609823 0.04206101442797028
1 0.21950293716106692 0.2811582638798161 0.08949429205628183 0.07732888103285873
6 0.5135211027539157 0.245322489918017 0.10740395472226431 0.06780011360966362
23 0.18560972619228663 0.19714536242853728 0.033716469847574836 0.022266869600113415
23 0.5967426689124984 0.17790186614155235 0.035278969847574795 0.022321433302444228
1 0.2428682351692771 0.16007443756361353 0.06135565651766246 0.0740029843909034
6 0.18517390983731213 0.13774308057737183 0.03292612948849523 0.020677087748947987
23 0.5375312953759315 0.14770344545297984 0.037622719847574794 0.022403278855940557
23 0.5977011809145509 0.14746039799271776 0.03450681020665449 0.023856651451278844
9 0.10169833450534713 0.11451142250267106 0.0931783491396783 0.17353175843752053
23 0.18534662665982485 0.10805558057737183 0.03527442466803503 0.021540183302444227
23 0.186314229020957 0.07605161242853727 0.03449771984757488 0.022294151451278842
23 0.1873000121002484 0.0409226442797027 0.030591469847574836 0.02215774219545168
1 0.35838467174116884 0.04845986968493141 0.2004136113381226 0.07807790389834954
1 0.8143710513278599 0.10970497076554131 0.37047664734428026 0.17540431560124742