6 0.9451667136444042 0.2845038423038174 0.01450878087881229 0.04265129146981224
6 0.9670644456977155 0.28452120047118534 0.015335494985435006 0.04424107332097771
6 0.9948753068419876 0.3037151445734028 0.010249386316024811 0.012400796279135661
23 0.8450901572970558 0.31224195110415753 0.01818771034569906 0.03497520072563942
6 0.8044651572970558 0.31366060736475976 0.06352294239901042 0.03733879809323426
28 0.3489425830030187 0.3545932084453697 0.04368781551854841 0.053035719962933034
23 0.23053356380268886 0.37045879982251473 0.032576819279472244 0.019868555897782515
23 0.1759369920159342 0.3754935294040947 0.017497388558944317 0.03807291887447395
28 0.39009042022917956 0.37114330218476743 0.03234113855894431 0.03859127404661713
23 0.25688311513547235 0.3890897487340556 0.010511602665567032 0.039389882213985136
6 0.8340821126281899 0.3908307425739698 0.03581547954602904 0.023883933302444225
23 0.15138327289474657 0.41858133049255386 0.01287808471887839 0.04025297776748147
23 0.13497702289474658 0.41915424936702783 0.011520173198680438 0.04722966406515052
23 0.25241457548117135 0.42365572169221366 0.023755748746358753 0.011755955534962937
6 0.8378890742275301 0.41415911516930815 0.03241769490629274 0.014399805897782513
23 0.2028464844940868 0.4402455101668011 0.015153638558944315 0.03799107332097762
23 0.1219374652937569 0.45480157268800553 0.01651155007914227 0.031014387023308564
23 0.18475571404011568 0.46355652459477126 0.010602530878812378 0.04251488221398514
23 0.1542869640401157 0.4646205167902229 0.014926318025830953 0.03017857332097762
23 0.17071594609342702 0.46482884791574897 0.012923548825501063 0.04181547776748147
23 0.735051230733163 0.45450635137431006 0.014372388558944493 0.037963791469812234
23 0.12211096153283321 0.487641354539171 0.015153638558944315 0.03799107332097762
6 0.847497406439126 0.47560504665765385 0.017701977038746364 0.04510416887447395
23 0.1425969577719095 0.5197718082600352 0.013454746239076342 0.03324900961864685
1 0.6137361718785321 0.5048833520072822 0.22904762015003718 0.3615451683263197
23 0.7532760449980703 0.5164334324998361 0.03875862311953817 0.01774306070710594
23 0.8992705065974107 0.5347965081830666 0.021380906505633134 0.037428078130301044
6 0.96739838097059 0.5378917371316743 0.01777017319868044 0.04744791887447395
6 0.9961444503988701 0.5390896493827263 0.007711099202259675 0.039580855172143006
6 0.9307250950772126 0.5407364841364493 0.016829798825501285 0.041951887023308564
6 0.9838728271305239 0.5396625682572003 0.010534334718878569 0.04017113221398514
6 0.947222273290458 0.5432885652619753 0.013772994985435005 0.044186509618646855
23 0.13456916059576113 0.6201537541763512 0.010670727038746409 0.04485863221398514
23 0.11738166059576112 0.6207539549019907 0.01664794239901033 0.035701887023308565
6 0.2980095349689405 0.6199205972827768 0.034252979546028864 0.02382936960011328
6 0.34646976702225185 0.6190103725105203 0.035770015439406146 0.022321433302444404
6 0.9192851413954312 0.6044815256062617 0.06430419239901042 0.037366079944399645
6 0.347015336301724 0.6377603725105203 0.03476144490629283 0.014481651451278665
6 0.30018580040834675 0.640959783580446 0.03542903463973612 0.010602683302444404
6 0.3483421555811962 0.6564830906593548 0.03641487311953817 0.017661215153609612
6 0.30004104790106423 0.6628620654316114 0.03262228338609487 0.021431055897782512
6 0.34732522486066836 0.6752876543616857 0.037173391066226816 0.016907247004775174
6 0.29755254539378173 0.6848461928362731 0.030278533386094784 0.021349210344286364
23 0.2102487736861694 0.7215227920179664 0.013977583465237142 0.05121775961864685
23 0.19310673779279208 0.7236854927436058 0.008508833465237143 0.05102678666048881
23 0.6212544698461034 0.7095162883049514 0.012946280878812288 0.04259672776748147
6 0.2267686839527261 0.7248561231434925 0.014508780878812378 0.04265129146981224
6 0.30103289805934874 0.7238268472827768 0.06727006802583091 0.03200645734906136
6 0.41534545064577355 0.7284374470126244 0.043559783386094786 0.0218130018140986
6 0.9326238788590189 0.7135018615411111 0.03797737311953817 0.017715778855940556