6 0.546875 0.023494125677866202 0.01796875 0.0399482891294156
1 0.4203125 0.04072655659241717 0.14921875 0.07743062929210351
28 0.61796875 0.02234523701598881 0.0640625 0.037872704722264325
9 0.1203125 0.12648120764913057 0.14375 0.25161756303532484
1 0.975 0.9355759691602039 0.05 0.12884806167959226
6 0.24609375 0.8936192315550399 0.028125 0.043132376463433174
1 0.47265625 0.7613435836215844 0.459375 0.21673506556940758
6 0.71953125 0.608873610356164 0.02578125 0.04780624092481354
6 0.27734375 0.5992697887366322 0.0359375 0.05802157825883114
6 0.44453125 0.5182112071581513 0.05078125 0.02295168667008767
6 0.553125 0.5172804871141847 0.05546875 0.026103957747326413
6 0.34375 0.5137186289975159 0.04453125 0.030727825233769223
6 0.1984375 0.46756072560311146 0.03203125 0.06737385236113216
1 0.42265625 0.4048026921310366 0.15390625 0.08839540036934235
1 0.6703125 0.406243514045156 0.16875 0.0775442587805987
1 0.278125 0.33677433391617195 0.08515625 0.0692454245698392
6 0.6828125 0.3375662369177929 0.06328125 0.023024409542724555
28 0.38359375 0.3202004331540461 0.08046875 0.054374403492600365
28 0.48359375 0.31921971613514166 0.0828125 0.05282553903121974
1 0.27265625 0.25861751765939334 0.08046875 0.06921815349260037
1 0.67421875 0.23829748994285502 0.15234375 0.08369881001026273
6 0.7453125 0.16917985128097765 0.06953125 0.027748270979042998
1 0.671875 0.10078385440423561 0.17109375 0.08224539431921815