1 0.7569352439996349 0.8073221720923804 0.13754284946188075 0.1085229081860291
1 0.5026265796077766 0.7519098965389255 0.14132282092583354 0.12274918249628844
23 0.09464495160984861 0.6432420669378847 0.03666524607105859 0.017508404567984213
23 0.9553586268597722 0.6381129059227213 0.08928274628045543 0.11930327792830404
23 0.16431313461295657 0.5159635939616777 0.016136576302516924 0.04526823439616763
23 0.18093124627594634 0.42097532055592934 0.03524829528527027 0.020551517412854638
23 0.1772775533480409 0.3927274898232347 0.03900899607105859 0.01763123530067894
6 0.9823267723307942 0.4092000118701867 0.020096330231458383 0.029888895861557074
23 0.1660596093866782 0.2690033847802805 0.03361302067816445 0.01890713025772479
28 0.19403690611969054 0.23384049072774582 0.05129282630251693 0.04711069538658723
23 0.237566428245597 0.19793396822650866 0.03666524607105863 0.017508404567984304
23 0.1961237909420441 0.1949827086155702 0.035738446856846864 0.014342460990419425
6 0.9440154813887502 0.22248790592272139 0.01733520326698752 0.03753762155129756
23 0.09299663688926815 0.15606629353213636 0.018970477874093516 0.039182008706427275
23 0.46464685090962277 0.07033234791840655 0.03283177067816449 0.018866186680159915
23 0.4172260413563289 0.056156983264513995 0.03670163337461148 0.018289654567984304
23 0.42071276033908217 0.030621394729903252 0.010920383374611476 0.016938516508343392
23 0.46840539764263517 0.03390020296136068 0.009430657981717517 0.018419129353213638
23 0.4534888730355293 0.03155977498762804 0.01084760876750579 0.015376016508343393
23 0.4847024857319763 0.03241626809022308 0.013154971463952591 0.014717597241038004
28 0.09932791191065879 0.007543584350739244 0.06349957382131757 0.008003929782754951