6 0.16153113005249758 0.39220240208425106 0.08081529002227175 0.1668179669677082
6 0.8227140780553611 0.4363765981702031 0.0788988013605895 0.20345487141421187
6 0.33367885005567927 0.42164190934064516 0.14999200401813545 0.13877730172143127
23 0.7244600334181779 0.6500447393698628 0.034439729352317275 0.1409895877489479
23 0.15572821475172335 0.6317460517214313 0.034548817353589986 0.1503645877489479
23 0.6893492367520415 0.6527233060674187 0.03496644068268111 0.11914186960011328
6 0.030837302752996027 0.6367559555349629 0.049293664703998284 0.2766096292187603
23 0.5761679840865415 0.6573611876484315 0.033967014680135674 0.1003645877489479
23 0.11608445942072325 0.6475421773119945 0.0416346113542263 0.1552976244094369
23 0.6504776407542687 0.6677654635091471 0.04331474267981754 0.09834821996293322
6 0.1950088907542687 0.6518601442797027 0.03524879869508961 0.2105208377489479
23 0.5403486627545868 0.6662624724948218 0.041298256683635515 0.1263913744094367
23 0.616938434754905 0.6712798439090337 0.028153366685226545 0.13764633293962447
1 0.8906271893698164 0.6880234329239261 0.21874562126036706 0.24691967313564334
1 0.3670929760900413 0.6758309015360968 0.269615255370771 0.2850843612474108
1 0.46517867679817576 0.9738244243167695 0.32728975334181776 0.05235115136646087
1 0.028732646801357443 0.9923828125 0.034547722668681724 0.015234375