23 0.631975666083828 0.300250581295162 0.017428394515609825 0.042006450725639424
23 0.660881916083828 0.3012600097882829 0.018990894515609823 0.04206101442797028
23 0.7218239612633679 0.30260674417918626 0.0189818041565303 0.04049851442797028
23 0.6921410064429077 0.30078878383490004 0.016647144515609825 0.04197916887447395
23 0.7460427112633679 0.3034524815653145 0.018999984874689523 0.04362351442797028
1 0.9780875968019872 0.30921144136144657 0.043261204133089134 0.4545436562606023
23 0.6916915545493136 0.24373025198373455 0.01975850897699054 0.039744546279135665
23 0.6330978045493137 0.24168411314632748 0.016638054156530302 0.04041666887447395
23 0.6627943949083933 0.24115832349061375 0.016633508976990542 0.03963541887447395
6 0.7206068949083934 0.24317718047685538 0.0189818041565303 0.04049851442797028
23 0.004908556621718558 0.201753472958158 0.009817113243437117 0.018350695916315996
23 0.8746676810127468 0.22198920515644466 0.03293976502711473 0.0230208377489479
23 0.004228436866479305 0.16891369110699256 0.00845687373295861 0.02220238221398514
23 0.7678318737329587 0.18465784154678105 0.018995439695149587 0.042842264427970275
23 0.7412693737329586 0.18373025860715653 0.018999984874689346 0.04362351442797028
23 0.8741000544511177 0.18524317330527929 0.036055674668035206 0.0215674651536097
23 0.004321613047045387 0.13610119110699256 0.008643226094090774 0.02063988221398514
1 0.6773659550168519 0.15414939681159143 0.07715337334017516 0.10423612141421193
23 0.8735369730690288 0.14771589145411385 0.033716469847574614 0.022266869600113415
23 0.003640356996921182 0.10248015925582714 0.007280713993842364 0.02214781851165428
23 0.8737551416869394 0.11021589145411384 0.03293067466803521 0.021458337748947988
6 0.005296033177487263 0.069722222958158 0.010592066354974526 0.020694445916315994
23 0.8739596747662309 0.07505964145411384 0.032948855386194256 0.024583337748947987
23 0.6614824006639299 0.06373272793711744 0.02055793969514976 0.042896828130301136
23 0.6317994458434697 0.06191476759283119 0.018223280054229463 0.04437748257680485
23 0.6928187590751863 0.049980251983734555 0.02054884933607006 0.041334328130301135
23 0.7178142138956465 0.051634521221028254 0.0197630541565303 0.040525796279135703
23 0.8741642078455223 0.03990339145411383 0.03213578912941557 0.01908730589778255
23 0.6327988644613806 0.02444204944399661 0.018777271077238922 0.005342264427970267
23 0.6617096596409204 0.024670227937117446 0.01720568071815922 0.0037252007256394102
1 0.9194321550637341 0.9718725770339928 0.15049996974937868 0.05625484593201442
23 0.8099298900366195 0.9977300884455337 0.03450681020665449 0.004539823108932595
6 0.10849465506373415 0.9610144002701524 0.01978123487468948 0.043650796279135665
23 0.8101253327568314 0.9737947526167068 0.033730105386194253 0.024610619600113282
23 0.4281122634749906 0.9573289273968125 0.03606476502711473 0.023129965153609787
23 0.7593668086545303 0.968115182290954 0.016665325233769224 0.045104168874474125
23 0.6874918086545303 0.9656052519837346 0.017423849336070062 0.04122520072563951
28 0.7250054441931497 0.9645710308396751 0.04485395774732641 0.05702381551642936
6 0.8103116851179635 0.9417635026167067 0.03451135538619425 0.024637901451278664
23 0.42753554655428194 0.9221453955456471 0.035288060206654495 0.023883933302444406
1 0.04021502229993473 0.8054755704627914 0.08043004459986947 0.38904885907441733
23 0.4293071248131131 0.886262459247978 0.033716469847574794 0.02226686960011328
1 0.3059332573266704 0.8645188652655191 0.14615387909571176 0.27096226946896174
6 0.1090400766085112 0.8672644002701524 0.018205099336070063 0.041252482576804896
6 0.8161576850197676 0.8771107255748648 0.01738748789975162 0.03497520072563951
6 0.8677247301993074 0.878130077751783 0.01895907825883114 0.03659226442797028
6 0.9528855253788471 0.8803225495288146 0.017405668617910663 0.03810020072563951
6 0.8966400705583869 0.8775770062449038 0.01895907825883114 0.03659226442797028
6 0.8411713205583868 0.8756399948121585 0.01817782825883114 0.03656498257680489
6 0.9224349560970065 0.8761335573333628 0.01896362343837126 0.03737351442796992
6 0.9802520012765463 0.8773711643196046 0.01975396379745078 0.03896329627913566
6 0.6162485886105638 0.8545015716765152 0.03218124092481354 0.026899805897782514
23 0.42883949220136 0.8323289273968125 0.03214487948849509 0.020649805897782515
6 0.7671843747149172 0.833204468951443 0.03450226502711473 0.02307540145127902
23 0.816503118664793 0.8177357255748647 0.018236915592848745 0.0467212325768049
23 0.9805792542034124 0.8211211643196045 0.015861349336070064 0.041170637023308386
23 0.8954230042034125 0.818147442542573 0.016647144515609825 0.04197916887447377
23 0.8680883445624922 0.815630077751783 0.018990894515609823 0.04206101442797028
23 0.9227803897420319 0.8167585573333629 0.01897725897699054 0.03971726442797028
23 0.9540303897420319 0.81784983137998 0.018999984874689346 0.04362351442797028
23 0.8430974349215716 0.8131945585144893 0.016624418617910662 0.03807291887447413
23 0.42982982046019114 0.796418709247978 0.03293976502711473 0.0230208377489479
6 0.7689286818965095 0.8020090326537737 0.03215396984757497 0.022212305897782513
23 0.19711276923052715 0.7718824676006804 0.03606476502711464 0.02312996515360961
28 0.13233265174408446 0.7586805739539498 0.04012100595192836 0.049047624409436705
28 0.19580934446429624 0.7272966538983495 0.03774089451560982 0.04271577885594056
23 0.13023888661877395 0.7156299784004536 0.033711924668035034 0.021485619600113283
23 0.19763546487760514 0.6820387176006804 0.03450681020665445 0.023856651451278844
23 0.718756485954844 0.6955482123280208 0.02287896379745078 0.039072423683797375
6 0.7445422811343838 0.69566726341648 0.023673849336070064 0.04144345553496294
23 0.6921985311343838 0.6938393793883962 0.026013054156530303 0.04074405108845909
23 0.6617434166730032 0.6904316371929446 0.022115894515609823 0.04217014183263199
28 0.1320877329297819 0.6664657921027844 0.03933975595192836 0.049020342558271326
28 0.19555079011137427 0.6374256220471841 0.03618293969514967 0.04344246515360979
23 0.13232862744539176 0.6250595421027845 0.03684146984757484 0.02237599700477517
23 0.6901911244203296 0.6359450338349 0.024464189695149584 0.04303323738612832
23 0.6644189647794093 0.6334822327464409 0.02210225897699054 0.039826391832631994
6 0.7214638503180286 0.6331300578815171 0.020598846311007966 0.04992807813030105
1 0.7063524556060271 0.5443031708582085 0.10916189744247617 0.1014484273119944
23 0.044710973658203854 0.5079141929210911 0.018999984874689478 0.04362351442797028
23 0.016590518837743665 0.5061507962791356 0.01821418969514968 0.0428149825768049
23 0.04504731694414971 0.4501016929210911 0.015861349336070064 0.041170637023308566
23 0.014578566944149713 0.4490377007256394 0.01664259933607006 0.04119791887447395
23 0.6826745819712643 0.4504886834720804 0.017423849336070062 0.04122520072563951
6 0.6561120819712644 0.4495611005324557 0.018205099336070063 0.041252482576804896
23 0.7100137867917246 0.4522247982628702 0.0189818041565303 0.04049851442797028
23 0.735022877150804 0.4515353175001639 0.01741475897699054 0.03966270072563951
23 0.014928545768714996 0.3888814507256394 0.016638054156530253 0.04041666887447395
23 0.0438393409482548 0.38910962921876024 0.01897725897699045 0.03971726442797028
23 0.6829972897185907 0.39501993347208025 0.017428394515609825 0.04200645072563951
23 0.655648994539051 0.39484631868129033 0.017419304156530303 0.04044395072563933