6 0.8796875 0.5546875 0.01328125 0.0421875
6 0.88125 0.60546875 0.0109375 0.0484375
6 0.52734375 0.6328125 0.01640625 0.05703125
6 0.91875 0.715625 0.0421875 0.02421875
9 0.20625 0.58359375 0.11796875 0.8328125
9 0.60390625 0.58828125 0.1234375 0.8234375
9 0.80390625 0.58515625 0.1328125 0.8296875
9 0.02734375 0.58828125 0.0546875 0.8234375
9 0.40234375 0.58515625 0.1203125 0.8296875
23 0.3140625 0.96015625 0.0375 0.02734375
23 0.7171875 0.96796875 0.03125 0.01796875
23 0.7171875 0.98828125 0.02890625 0.0171875
23 0.11953125 0.99140625 0.03515625 0.0171875
23 0.0640625 0.990625 0.025 0.01875
23 0.51796875 0.99609375 0.03046875 0.0078125
9 0.9515625 0.8703125 0.096875 0.259375
23 0.0453125 0.00390625 0.0125 0.0078125
23 0.25703125 0.00390625 0.0109375 0.0078125
23 0.21484375 0.003125 0.0125 0.00625
23 0.2328125 0.0046875 0.01484375 0.009375
23 0.1984375 0.0046875 0.0125 0.009375
6 0.02734375 0.00546875 0.0171875 0.0109375
6 0.28125 0.0046875 0.01484375 0.009375
6 0.58125 0.109375 0.03828125 0.02265625
6 0.42734375 0.12890625 0.0375 0.021875
6 0.52421875 0.190625 0.0140625 0.046875
6 0.2640625 0.2171875 0.0125 0.04453125
6 0.93125 0.2484375 0.01328125 0.0484375
28 0.903125 0.25 0.0375 0.06171875
6 0.93125 0.42734375 0.01328125 0.0421875
6 0.9203125 0.4703125 0.0359375 0.0234375
6 0.87890625 0.50078125 0.01171875 0.04765625