23 0.334375 0.9734375 0.0109375 0.0296875
23 0.31953125 0.9734375 0.01015625 0.03828125
23 0.5453125 0.97421875 0.01328125 0.040625
23 0.2953125 0.97421875 0.01640625 0.03984375
6 0.43359375 0.975 0.0140625 0.0484375
23 0.40234375 0.975 0.0140625 0.05
6 0.4171875 0.9765625 0.0125 0.046875
23 0.3875 0.97890625 0.01171875 0.040625
23 0.37109375 0.97734375 0.0109375 0.0453125
6 0.70859375 0.98828125 0.034375 0.01640625
6 0.671875 0.99140625 0.03515625 0.0171875
28 0.96171875 0.984375 0.0765625 0.03046875
1 0.24296875 0.06328125 0.1234375 0.1265625
23 0.12734375 0.06328125 0.01640625 0.04375
6 0.7828125 0.08359375 0.0390625 0.02265625
23 0.82734375 0.125 0.03203125 0.0203125
23 0.7921875 0.1265625 0.0328125 0.0171875
23 0.421875 0.12890625 0.0328125 0.01875
23 0.83359375 0.14921875 0.0375 0.02265625
23 0.15234375 0.153125 0.01015625 0.0421875
23 0.1359375 0.1546875 0.0125 0.0359375
6 0.884375 0.171875 0.034375 0.01796875
23 0.8875 0.19453125 0.0359375 0.0234375
6 0.7734375 0.3734375 0.01640625 0.04765625
23 0.87109375 0.48359375 0.0359375 0.01953125
6 0.7984375 0.48359375 0.0359375 0.0203125