28 0.40703125 0.17421875 0.07734375 0.17109375
6 0.91953125 0.2328125 0.01171875 0.03984375
23 0.11953125 0.234375 0.0375 0.02109375
6 0.9 0.2359375 0.0203125 0.0546875
6 0.9609375 0.23984375 0.02109375 0.0625
6 0.75859375 0.25703125 0.01328125 0.0484375
23 0.16875 0.26015625 0.03515625 0.0234375
6 0.78671875 0.25859375 0.015625 0.0453125
6 0.659375 0.2609375 0.0171875 0.05546875
6 0.6984375 0.2609375 0.0203125 0.05
6 0.6828125 0.2625 0.0203125 0.05234375
6 0.82265625 0.26328125 0.01484375 0.0515625
6 0.8578125 0.2640625 0.0125 0.04375
6 0.87890625 0.26484375 0.0203125 0.053125
6 0.7375 0.26484375 0.01796875 0.05078125
6 0.4421875 0.28671875 0.01953125 0.0515625
6 0.40390625 0.28984375 0.01484375 0.05546875
6 0.3640625 0.29375 0.0125 0.04765625
6 0.38359375 0.29375 0.0109375 0.05078125
6 0.33671875 0.3046875 0.02109375 0.03828125
6 0.26484375 0.3046875 0.01328125 0.04765625
6 0.24375 0.30625 0.015625 0.0484375
6 0.3140625 0.3078125 0.01328125 0.05390625
6 0.2875 0.3109375 0.01796875 0.0484375
6 0.19453125 0.3140625 0.05 0.0328125
23 0.746875 0.31484375 0.0140625 0.04375
23 0.7609375 0.31328125 0.009375 0.03828125
23 0.52109375 0.340625 0.01171875 0.0453125
23 0.44921875 0.340625 0.01640625 0.040625
23 0.5328125 0.34453125 0.01015625 0.03984375
23 0.93359375 0.346875 0.01640625 0.04296875
23 0.9484375 0.3515625 0.0140625 0.04453125
23 0.346875 0.36484375 0.01171875 0.0484375
23 0.33203125 0.3640625 0.01484375 0.04453125
6 0.4890625 0.76328125 0.01328125 0.04765625
23 0.95859375 0.76640625 0.01171875 0.03828125
23 0.97265625 0.76796875 0.01328125 0.0453125
23 0.56796875 0.7734375 0.0125 0.04375
23 0.58203125 0.77421875 0.0125 0.04296875
23 0.678125 0.775 0.01328125 0.0375
23 0.690625 0.77578125 0.01171875 0.04453125
6 0.2390625 0.8109375 0.04453125 0.01796875
23 0.23671875 0.834375 0.03359375 0.01875
6 0.196875 0.8390625 0.0296875 0.01953125
23 0.26171875 0.84453125 0.0140625 0.04140625
6 0.23671875 0.85859375 0.02890625 0.01796875
6 0.1984375 0.86015625 0.02890625 0.0140625
23 0.15 0.88125 0.0125 0.04453125
23 0.13671875 0.8859375 0.01328125 0.0421875
23 0.165625 0.8875 0.0125 0.04453125
6 0.45546875 0.97890625 0.0375 0.01953125
1 0.24375 0.93828125 0.12421875 0.12265625
28 0.525 0.1359375 0.12734375 0.1
28 0.78828125 0.15 0.128125 0.1015625
28 0.9140625 0.1515625 0.1265625 0.10703125