9 0.8814840852476038 0.7805495238003582 0.1981600183424 0.1594572075281045
9 0.36368695204905555 0.7284976620904595 0.7273739040981111 0.17021290718472493
28 0.9254196048436452 0.6415480322033152 0.11688127461060631 0.10152269072219049
28 0.2913628535900038 0.6047617317483922 0.03587531551854841 0.052963173916276675
28 0.5031043356433151 0.6126073597327324 0.03920490399835046 0.06012175790866543
6 0.43951920876285333 0.5935907628887623 0.014835389812585652 0.02713550296574958
28 0.727064672869476 0.6037429901885304 0.16223923871722884 0.10493153361182798
28 0.5207381165221275 0.5710883631927735 0.043119514185764984 0.033750258897248565
1 0.3835109011618637 0.556110667527667 0.09182745031656907 0.125472185284983
6 0.44063307937510904 0.5553095128887623 0.014767193652651578 0.02479175296574958
1 0.20041725633471316 0.531442295474826 0.11623641693047429 0.10617835722409338
28 0.29779236150756266 0.5182021492388783 0.03984976167848249 0.05546609140676253
6 0.4395395923072328 0.5122452623944708 0.016329693652651578 0.02485541996194396
28 0.4811504307870348 0.5069011877936221 0.052076977038746364 0.046600427376317734
6 0.5227158051602142 0.5031196131927734 0.031659176959604095 0.015335839923887918
6 0.7664718168386967 0.45908174760290416 0.01570756802583091 0.03029233646384668
6 0.3228127450519421 0.43787532068369706 0.016443353919208193 0.02876166996194378
6 0.45410820915856476 0.44166084836402586 0.014008675705962936 0.0255411694676523
6 0.42913094121187606 0.43986092642491564 0.015684835972519552 0.029511086463846682
6 0.3783724232651874 0.4370104990485979 0.019454693652651577 0.024982753954332713
6 0.7878383514784328 0.45056625205152845 0.02920777837152997 0.06517667243340189
6 0.5592276181714801 0.43108278710905007 0.014858121865896834 0.02791675296574958
6 0.22257706433141422 0.41501879942915865 0.021866639812585652 0.027422004448624193
6 0.2413497963847256 0.4150015533834914 0.01644335391920828 0.02876166996194378
9 0.49648221475007004 0.33599843878220526 0.9929644295001401 0.18840312756441052
9 0.4978177228821113 0.22427968878220525 0.9956354457642226 0.1485593775644105
9 0.8885344041313645 0.914588942773719 0.17608042986259811 0.151534619581383
9 0.3611843361379544 0.8910294955885568 0.7223686722759088 0.1779299066904329