23 0.1979655769343336 0.9869588131271598 0.047093960345698974 0.026082373745680343
23 0.22767580898764495 0.987060942699357 0.0197956744523216 0.02587811460128613
6 0.24569002309426757 0.9861075906746205 0.015176370612255675 0.027784818650759036
23 0.1706900230942676 0.9843683535169065 0.016761602665567032 0.031263292966187
1 0.20862794378566557 0.921300632927256 0.07478470282385156 0.10292868182494211
6 0.49825874511844914 0.9135477772232182 0.034139319279472245 0.02011884041817922
6 0.16188097591811917 0.888108789543327 0.01899169239901033 0.035888420456235436
6 0.5873727209035543 0.8616443790101043 0.020554192399010417 0.03595208745242999
6 0.14079690076615226 0.6987452006080224 0.04833821159934022 0.025379343383928797
23 0.484152095672445 0.6994388562726913 0.026190426959604097 0.015113005437207505
23 0.48384821879198314 0.683000772774594 0.03567908722616089 0.019401257414373773
6 0.281822717538342 0.6638183967674204 0.02810827962517113 0.054207338935304605
28 0.21814666244463474 0.6479267999234504 0.10117135807584336 0.15160360376405232
28 0.029822836121327707 0.6195285914067626 0.05964567224265541 0.10308784931542796
1 0.0031293683527091804 0.44881950197716636 0.006258736705418361 0.03904525395433271
6 0.10696042451882867 0.4369017752088709 0.017247335972519595 0.029574753460041237
6 0.14367917451882867 0.4383979496194391 0.01570756802583091 0.03029233646384668
6 0.12343487067876269 0.43522652866891204 0.012559835972519594 0.029383752471457924
1 0.003098276111983419 0.4011314184790692 0.006196552223966838 0.04679408695813834
6 0.019989273423472002 0.36139775642579064 0.014835389812585581 0.027135502965749493
6 0.035705201636717365 0.35890942638773454 0.018028585972519596 0.029606586958138337
6 0.05052621958340603 0.3602955128515813 0.013204693652651556 0.024728085969555114
9 0.3979815442731546 0.24695850201434738 0.7167809523616332 0.4443388152836706