23 0.08046875 0.01328125 0.01484375 0.0265625
23 0.10625 0.01328125 0.0171875 0.0265625
23 0.1328125 0.015625 0.0171875 0.03125
23 0.4203125 0.06796875 0.03359375 0.0234375
23 0.4703125 0.08046875 0.0328125 0.021875
23 0.4203125 0.1 0.03359375 0.02109375
23 0.47109375 0.1140625 0.03515625 0.02265625
23 0.41953125 0.1328125 0.034375 0.0234375
23 0.47109375 0.14765625 0.0359375 0.021875
1 0.309375 0.15234375 0.15234375 0.17578125
23 0.41953125 0.16484375 0.0328125 0.02109375
23 0.471875 0.1796875 0.03359375 0.0203125
23 0.421875 0.1984375 0.03203125 0.02109375
23 0.4703125 0.21171875 0.03203125 0.021875
23 0.409375 0.28046875 0.0328125 0.01953125
23 0.35703125 0.2828125 0.03359375 0.02109375
23 0.41015625 0.3125 0.03203125 0.0234375
23 0.3578125 0.31484375 0.0328125 0.02109375
6 0.5859375 0.4625 0.11640625 0.06796875
6 0.1234375 0.50234375 0.05234375 0.13125
6 0.190625 0.5015625 0.0515625 0.1296875
6 0.31875 0.50546875 0.0515625 0.12734375
6 0.3875 0.50625 0.05390625 0.128125
6 0.58671875 0.55 0.115625 0.06640625
6 0.5890625 0.6328125 0.11484375 0.07265625
6 0.3203125 0.653125 0.05 0.1265625
6 0.1921875 0.65546875 0.05546875 0.12578125
6 0.1234375 0.6578125 0.04921875 0.12578125
1 0.03828125 0.70703125 0.0765625 0.1015625
1 0.74609375 0.759375 0.14296875 0.10703125
1 0.43984375 0.80390625 0.13515625 0.10234375
6 0.1953125 0.80703125 0.05625 0.12890625
6 0.321875 0.80703125 0.0546875 0.13125
6 0.12578125 0.81015625 0.04921875 0.12890625
23 0.921875 0.825 0.01875 0.04140625
23 0.89375 0.8859375 0.03828125 0.03046875
1 0.58671875 0.89296875 0.1015625 0.1015625