6 0.94765625 0.39765625 0.0875 0.15625
6 0.61328125 0.4046875 0.075 0.140625
6 0.30703125 0.415625 0.24140625 0.31171875
23 0.68125 0.6015625 0.02578125 0.140625
6 0.72109375 0.60703125 0.0671875 0.1984375
23 0.5671875 0.6078125 0.03359375 0.11796875
6 0.9265625 0.61484375 0.040625 0.203125
23 0.53203125 0.61640625 0.0421875 0.1109375
23 0.353125 0.621875 0.02578125 0.1390625
23 0.6125 0.6265625 0.03125 0.11328125
23 0.64921875 0.6296875 0.0265625 0.184375
23 0.90390625 0.63125 0.0328125 0.11640625
6 0.971875 0.6359375 0.05625 0.275
23 0.3265625 0.6484375 0.04453125 0.15625
1 0.78515625 0.784375 0.00390625 0.06953125
6 0.65078125 0.909375 0.08828125 0.17109375
1 0.35859375 0.959375 0.29765625 0.08046875
1 0.85078125 0.99140625 0.2984375 0.0140625