9 0.20625 0.16171875 0.11796875 0.3234375
9 0.60390625 0.159375 0.1234375 0.31875
9 0.80390625 0.16484375 0.1328125 0.3296875
9 0.02734375 0.1625 0.0546875 0.325
9 0.40234375 0.16875 0.1203125 0.3375
23 0.0640625 0.0015625 0.025 0.003125
23 0.51796875 0.0046875 0.03046875 0.009375
23 0.51796875 0.0203125 0.03046875 0.01328125
6 0.51796875 0.04375 0.0359375 0.01953125
9 0.9515625 0.19140625 0.096875 0.3828125
6 0.11875 0.09921875 0.03515625 0.0203125
6 0.71640625 0.19140625 0.04140625 0.0203125
6 0.3171875 0.19609375 0.0359375 0.02109375
23 0.1578125 0.37734375 0.03671875 0.025
6 0.265625 0.390625 0.01328125 0.0484375
6 0.23125 0.3953125 0.0140625 0.0546875
6 0.24765625 0.39765625 0.0171875 0.05234375
6 0.2140625 0.43515625 0.0171875 0.0453125
6 0.23515625 0.47265625 0.01640625 0.046875
23 0.20546875 0.475 0.0359375 0.01484375
23 0.20234375 0.4890625 0.0328125 0.02109375
1 0.91328125 0.5359375 0.06640625 0.065625
6 0.40859375 0.53671875 0.0359375 0.0265625
6 0.409375 0.56015625 0.03984375 0.028125
23 0.89375 0.58203125 0.03671875 0.01953125
6 0.4109375 0.58359375 0.04296875 0.0296875
23 0.928125 0.5875 0.03125 0.021875
1 0.48984375 0.58984375 0.10625 0.1484375
6 0.41015625 0.61328125 0.0390625 0.02734375
6 0.41171875 0.64453125 0.046875 0.03125
6 0.409375 0.6703125 0.040625 0.021875
6 0.49375 0.68671875 0.03515625 0.02421875
6 0.453125 0.69609375 0.015625 0.0421875
6 0.53984375 0.69609375 0.0140625 0.0421875
6 0.43984375 0.696875 0.01796875 0.05
6 0.46875 0.696875 0.01484375 0.04453125
6 0.525 0.69765625 0.01796875 0.05078125
23 0.55625 0.6984375 0.01015625 0.05078125
6 0.4859375 0.7234375 0.01640625 0.05078125
6 0.41796875 0.72265625 0.02265625 0.0625
6 0.5046875 0.725 0.01875 0.05078125
23 0.534375 0.73984375 0.03203125 0.021875
6 0.45859375 0.740625 0.03671875 0.01796875