23 0.38475523243880255 0.3510045163268868 0.03604658430895542 0.0200049651536097
23 0.4300722776183424 0.35180561369448166 0.03136817466803503 0.02140377404661713
23 0.5942893137226959 0.3309723024392215 0.019009075233769223 0.04518601442797028
23 0.5669501089022357 0.3292361876484315 0.020535213797450602 0.038990578130301046
23 0.5396109040817756 0.32750007285764154 0.018200554156530303 0.04047123257680489
23 0.38727624444085507 0.32061761188038307 0.03447499394987581 0.018387901451278842
6 0.43183476551809397 0.3174851773968125 0.035288060206654495 0.023883933302444225
1 0.16392159943426593 0.28072918874473984 0.32784319886853186 0.4645833774894797
23 0.43123077752014655 0.2869891455456471 0.03059146984757479 0.022157742195451746
23 0.3859228226996863 0.28462554817805225 0.037636355386194253 0.024747028855940555
23 0.3845557654198981 0.2509772344757214 0.0399846505657341 0.025610124409436885
23 0.43065860577897774 0.25102436369448167 0.03449317466803503 0.02151290145127884
23 0.3847466629605701 0.21816473447572138 0.043118740924813714 0.027281751814098597
23 0.4300682533196497 0.2181845818433162 0.03293976502711473 0.023020837748947986
23 0.43183983157848094 0.18230164554564707 0.032948855386194256 0.024583337748947987
23 0.3850057381943392 0.17363348447572138 0.038449421642972936 0.03024306070710594
23 0.431244933939613 0.15024311369448165 0.03293976502711473 0.023020837748947986
23 0.38441993091455096 0.14001245262455594 0.037618174668035034 0.021622028855940556
6 0.3838295784552229 0.10717267077339052 0.03840851502711464 0.02321181070710594
23 0.43625514168693946 0.0949380548014742 0.030582379488495272 0.02059524219545168
1 0.06921606996921181 0.9570585318511654 0.13843213993842363 0.08588293629766923
1 0.37784409788214185 0.9940718229098622 0.10404260538619425 0.01185635418027573
6 0.1637406912662835 0.9981225306700392 0.017242042154477666 0.0037549386599216917
6 0.21687023644582332 0.9982415817584982 0.020376132513557365 0.003516836483003516
1 0.5188827092202644 0.935493622132002 0.10136303298109546 0.1035193588003402
6 0.00892827020298092 0.8457490096186469 0.01785654040596184 0.041334328130301044
6 0.12243495609700643 0.8481969417399646 0.018196008976990453 0.03968998257680454
6 0.09587245609700643 0.8472693588003402 0.01740112343837099 0.03731895072563951
6 0.14821620609700642 0.8490972428284238 0.01818691861791084 0.03812748257680454
6 0.06853325127654623 0.8455332440095503 0.01739657825883121 0.03653770072563915
6 0.20135029645608604 0.8493899087076731 0.016638054156530302 0.040416668874473774
6 0.17478779645608605 0.8484623257680484 0.018205099336070063 0.041252482576804896
23 0.009476413844332858 0.7887723233209776 0.018227825233769104 0.045158732576804896
23 0.17511050420341248 0.7929935757680484 0.015089189695149673 0.042705855172143
23 0.06886959456249209 0.7877207440095502 0.018205099336070063 0.041252482576804896
23 0.03293209456249209 0.7864657788559406 0.01664259933607006 0.041197918874474125
23 0.20168209456249206 0.792358658707673 0.016647144515609825 0.04197916887447395
23 0.1509008445624921 0.7905853383819201 0.018209644515609868 0.04203373257680489
23 0.0962178897420319 0.7878943588003402 0.016638054156530257 0.04041666887447413
23 0.12357073010111153 0.7872867235911303 0.019013620413308896 0.04596726442797028
23 0.04194906714054144 0.5797073473675948 0.017401123438371014 0.03731895072563951
23 0.01539565749962106 0.5772172644279703 0.017414758976990442 0.03966270072563951
23 0.3420445159108774 0.5737773282151192 0.03215851502711464 0.022993555897782514
23 0.5701876966290367 0.578618628755424 0.017419304156530303 0.04044395072563951
23 0.5459871273471959 0.5746478913692957 0.017446575233769225 0.04513145072563951
23 0.5163041725267357 0.5728299310250096 0.021325554156530303 0.040580359981466606
6 0.14532859719477073 0.5395585517214313 0.06742384933607007 0.04297123920022692
23 0.3422581393492484 0.5370585782151192 0.03294431020665449 0.023802087748947896
23 0.5588371061717612 0.5149281509879426 0.015874984874689524 0.043514387023308565
23 0.5064933561717612 0.513100266959859 0.018200554156530303 0.04047123257680489
6 0.5846229013513009 0.5150472020764018 0.018205099336070063 0.041252482576804896
23 0.5314933561717612 0.5139732861971528 0.018200554156530303 0.04047123257680489
23 0.3841870849963264 0.44866076632688684 0.036855105386194256 0.024719747004775174
1 0.5468688921779188 0.42308539136929585 0.08259030708339647 0.09895834437236992
23 0.38437798253699845 0.4158482663268869 0.03292612948849527 0.020677087748947897
23 0.4320387777165382 0.4167312092479779 0.03293067466803503 0.021458337748947898
23 0.3853501300776704 0.38306304817805226 0.03764544574527386 0.026309528855940557
23 0.43066263007767047 0.3846453955456471 0.03526533430895533 0.019977683302444225