23 0.2484375 0.13671875 0.046875 0.01640625
23 0.246875 0.15390625 0.04375 0.01484375
28 0.99921875 0.15546875 0.0015625 0.0390625
23 0.075 0.1609375 0.04296875 0.01640625
23 0.12265625 0.16640625 0.0453125 0.01640625
6 0.0765625 0.18046875 0.04375 0.0171875
23 0.16171875 0.1828125 0.04609375 0.01484375
23 0.109375 0.20859375 0.04296875 0.01796875
23 0.15703125 0.21328125 0.025 0.03046875
23 0.05859375 0.24375 0.0484375 0.01875
23 0.01328125 0.28046875 0.0265625 0.01640625
23 0.759375 0.325 0.04921875 0.0171875
23 0.66875 0.325 0.04765625 0.0234375
23 0.7171875 0.3265625 0.03671875 0.01640625
6 0.6921875 0.409375 0.02265625 0.03046875
6 0.34921875 0.5453125 0.02734375 0.0484375
23 0.27109375 0.56328125 0.04453125 0.015625
23 0.3125 0.5625 0.04140625 0.0125
6 0.01796875 0.64375 0.0171875 0.02578125
6 0.13125 0.6921875 0.02421875 0.0359375
6 0.15078125 0.6953125 0.02109375 0.034375
23 0.1296875 0.7234375 0.04453125 0.0171875
6 0.1078125 0.7390625 0.04609375 0.015625
28 0.92734375 0.09375 0.14453125 0.078125