23 0.18201254840099365 0.13856357201231528 0.05170794574527386 0.025299981849627385
6 0.18450628932580732 0.1127959575509347 0.040770445745273866 0.025236349336070062
23 0.18386139471200158 0.0893539123713949 0.04855567466803503 0.02059430113146816
6 0.1855829759958949 0.062019252730474504 0.045439765027114644 0.022138620413308895
23 0.1826034217411688 0.03700107201231527 0.060301695745273866 0.02534997882456529
23 0.18664602712736306 0.01358629791001432 0.054832945745273864 0.02531816256778662
6 0.20825376054812428 0.9990090563271309 0.03517443071815922 0.001981887345738187
6 0.12539178445403348 0.873415294983148 0.04390453610435348 0.026817030054229463
6 0.12476052537884721 0.8476294998036081 0.04238748789975162 0.03462043969514994
6 0.17398382055838701 0.8471345961146163 0.04624374092481372 0.026049415592848745
6 0.12491506148320068 0.8210669998036082 0.04465851502711464 0.02213407523376887
23 0.17491506148320068 0.821357891294156 0.045444310206654494 0.022919870413308986
6 0.12584175722847457 0.7960715449831481 0.046271012002052546 0.030736915592848746
23 0.1742883475875542 0.7947908461146163 0.044667605386194256 0.023696575233769047
23 0.17756333851236789 0.7690277768327756 0.0501409005657341 0.024509641490547907
6 0.12692753425764178 0.7437323401626879 0.04231021984757488 0.021339189695149585
6 0.1769411697962612 0.7416794816532357 0.049355105386194253 0.02372384631100797
6 0.12785423000291565 0.7187368853422277 0.04388635538619425 0.023692030054229284
23 0.1786582059006147 0.7151260720123153 0.04625737646343313 0.028393165592848747
6 0.12722751610726918 0.6921698401626879 0.050944876463433084 0.028420436670087666
23 0.17645535646634877 0.6908936864736959 0.04622101502711464 0.022143165592848745
6 0.17973034739116248 0.6651306171918551 0.04471305718159235 0.031509075233769224
6 0.1267735190341354 0.6359152949831481 0.04472669272021177 0.03385282523376905
23 0.17705532016560355 0.5877686864736958 0.056395445745273866 0.02532725292686635
6 0.12862691052468317 0.5859243853422277 0.04390908128389333 0.027598280054229284
23 0.18023538320092838 0.4440323220123153 0.05562328610435348 0.02688520774732641
23 0.18427798858712263 0.42061754791001427 0.05637726502711464 0.02220225292686635
1 0.6484313921779188 0.4076923845566608 0.6786139386149952 0.7593912399428551
6 0.18133479576871497 0.38934936719185514 0.047043171642972934 0.029178960772388508
23 0.18103078962039493 0.3073135720123153 0.05170794574527386 0.02529998184962743
23 0.1796137353656688 0.2823044816532357 0.05486021682251274 0.03000566256778665