1 0.08679557072087803 0.733457631162236 0.11902852570316251 0.12785276232447185
6 0.2562140741809191 0.7587076939162491 0.014681923916276585 0.035071040818602836
6 0.2243738251695023 0.7617165072360892 0.04197925296574949 0.016232509610938452
23 0.21801107862954341 0.7777542650380054 0.0427286694676523 0.01549220318850324
6 0.22087875205152843 0.8098674021931351 0.04143542490485981 0.041150622455808875
6 0.10018159148112468 0.8323864540930146 0.01614892342198502 0.03280917797373277
23 0.06040150847731908 0.8318608316372057 0.01777509041817942 0.03445356512886235
23 0.07996459197541628 0.8336656710763275 0.015208505931499028 0.028861984396167627
6 0.11706534395258261 0.844965019221877 0.017775090418179394 0.03445356512886235
6 0.1366284274506798 0.8467698586609987 0.02262175790866543 0.0386054765942518
6 0.040421930910720924 0.8580991050429543 0.012210839923887828 0.03182321008590847
23 0.061834015891692885 0.8670170816372057 0.01689833992388783 0.03206887155129721
23 0.09471018288788728 0.8702992118949305 0.04201108646384673 0.01701375961093845
6 0.03895227281177511 0.8985603307326947 0.004447419467652325 0.013485967887824302
23 0.1654139551310087 0.979248165987945 0.040353085969555114 0.014588122455808872