1 0.5109375 0.03125 0.08203125 0.06171875
1 0.40078125 0.03203125 0.08515625 0.0640625
1 0.62890625 0.03359375 0.08125 0.06640625
1 0.04609375 0.0703125 0.06953125 0.13984375
6 0.4015625 0.11484375 0.06328125 0.059375
6 0.63203125 0.11640625 0.05390625 0.04765625
6 0.5109375 0.121875 0.05078125 0.0578125
6 0.44453125 0.2625 0.02734375 0.0359375
6 0.5671875 0.2671875 0.02734375 0.04453125
1 0.028125 0.32265625 0.05546875 0.14765625
1 0.503125 0.32578125 0.0921875 0.16171875
6 0.0453125 0.50390625 0.04296875 0.10546875
6 0.01015625 0.5171875 0.0203125 0.065625
6 0.10546875 0.5734375 0.0515625 0.08203125
6 0.071875 0.58828125 0.01875 0.06015625
6 0.10625 0.6765625 0.03984375 0.09921875
6 0.1703125 0.68046875 0.04765625 0.08828125
6 0.0703125 0.690625 0.0234375 0.0609375
6 0.13515625 0.69296875 0.02265625 0.0515625
6 0.009375 0.78359375 0.01796875 0.06171875
6 0.04453125 0.7875 0.0421875 0.096875
6 0.103125 0.86875 0.01875 0.07890625
6 0.01171875 0.87734375 0.0234375 0.0640625
6 0.04453125 0.8796875 0.053125 0.08671875
1 0.16484375 0.89453125 0.115625 0.1546875
1 0.3296875 0.9109375 0.11875 0.15