1 0.78828125 0.396875 0.059375 0.12421875
6 0.37265625 0.39765625 0.028125 0.078125
1 0.7078125 0.4015625 0.059375 0.16171875
1 0.61796875 0.40625 0.06953125 0.15625
6 0.76953125 0.525 0.05234375 0.07109375
6 0.4734375 0.52578125 0.0234375 0.03984375
6 0.95078125 0.5390625 0.03046875 0.07109375
1 0.98046875 0.5578125 0.0390625 0.128125
6 0.44375 0.6203125 0.01796875 0.08125
6 0.93984375 0.66953125 0.05859375 0.04140625
1 0.55390625 0.671875 0.17890625 0.2265625
6 0.40546875 0.76875 0.03828125 0.05078125
1 0.87109375 0.0359375 0.07109375 0.07109375
6 0.7765625 0.0296875 0.0359375 0.059375
28 0.73125 0.034375 0.04609375 0.06875
1 0.8703125 0.165625 0.05859375 0.1546875
6 0.740625 0.178125 0.02578125 0.07109375
6 0.684375 0.18671875 0.0234375 0.05546875
1 0.61640625 0.23203125 0.07265625 0.1609375
6 0.80703125 0.2625 0.02734375 0.06953125
6 0.83046875 0.3296875 0.02578125 0.06484375
1 0.75859375 0.3515625 0.01875 0.05703125
1 0.88515625 0.36328125 0.08203125 0.15625
1 0.98203125 0.3703125 0.0359375 0.1421875