23 0.7177150342440247 0.18080061566994537 0.01396321159934022 0.024133540818602882
23 0.7473798021907133 0.18313772161741065 0.0037614974927175026 0.022038774310259513
6 0.359788873977468 0.16595470714523217 0.029292694906292736 0.0147961623699004
23 0.5363741060307794 0.17442670567489413 0.02145746285298138 0.01360547659425162
6 0.42773489192415665 0.1702980483933764 0.03223583847980205 0.008709936680159912
6 0.5644081778175339 0.17902567446722967 0.011051160266556791 0.004479460085908249
6 0.4917519278175339 0.17521792175369622 0.027017141066226814 0.017017081637205767
23 0.9298991340065978 0.28346634950028626 0.03793190901291545 0.016809041723113972
23 0.972413242940371 0.30134324626635445 0.03641487311953817 0.018289654567984304
23 0.9270552788337483 0.30053101876759164 0.0386904269596041 0.016068735300678937
6 0.013691460807917399 0.2823964201718165 0.022883570533113406 0.008999863749381377
28 0.9417482646479833 0.3333811403188891 0.046980300079142265 0.03288442107632772
23 0.9299696786754638 0.3617141802329809 0.04330973079967002 0.013970646766068207
28 0.0002945306975834364 0.3205581614653893 0.0005890613951668728 0.037210072930778534
23 0.9287565196625482 0.376516986655416 0.03485237311953817 0.01820776741285446
23 0.8821626644896987 0.3912888155790883 0.03721885517284953 0.01911184814554918
23 0.9304637721698308 0.3985148173881107 0.04036658722616089 0.020056872455808693
6 0.8466427016367174 0.4019463545886689 0.01975021034569906 0.035357645861557076
23 0.06447505931684931 0.36564933344622813 0.013386550079142268 0.03112384724103805
6 0.0678668322781029 0.4104262449116174 0.010951871865896922 0.027876016508343326
23 0.8803441002247915 0.4537888155790883 0.037127926959604096 0.015986848145549182
6 0.8806025129986306 0.4717985091566533 0.03963080133278325 0.021578428878243728
23 0.0447977421489482 0.5578810990500603 0.022056856426490724 0.007396420171816587
23 0.04746810108272139 0.5736698733603198 0.021411998746358775 0.01204297659425162
23 0.27159592286947604 0.5885456801214393 0.021562762932123735 0.04403328301668683
23 0.29108170876285333 0.5911317695605611 0.010974603919208282 0.028657266508343326
6 0.5798941561764286 0.6148746432595653 0.015934888558944316 0.03827792797373277
23 0.03913276385656056 0.591229187584671 0.030005748746358772 0.01249335594746519
6 0.3633060497499379 0.6097832722740946 0.01336381802583091 0.03034259724103805
23 0.3304935497499379 0.6080636420163698 0.019735838479802047 0.008054839439121863
6 0.3820333176966265 0.6115471681356516 0.01412233597251955 0.029602290818602838
6 0.39752192537675846 0.6170535396869491 0.00938937186589701 0.02779412935321357
23 0.4629196048436451 0.6283053002023987 0.014812657759274294 0.026518234396167805
23 0.32686844457708836 0.6250873677061103 0.02924723079967011 0.0132336623699004
6 0.27278033815059766 0.6285122608541338 0.02195756802583091 0.03079297659425162
28 0.6724001857350927 0.09783430743848794 0.031355300079142265 0.03206554952503016
6 0.3253597688711255 0.6500464241285454 0.03721885517284953 0.01911184814554918
6 0.5703540201247668 0.6738402074839165 0.0077359436526514 0.024587242198083815
6 0.5981132395751587 0.09628841756982472 0.010929139812585476 0.02709476650834337
6 0.50305285985821 0.6742253098133372 0.043355194906292735 0.015533146766068207
23 0.03641928932509661 0.6575944940071062 0.02384667695960413 0.015290807326946165
6 0.26985391495191724 0.6753053736990041 0.012377979546028862 0.023270403663473084
6 0.03991636236549248 0.6718617118949306 0.02527278463973609 0.0106851944820761
23 0.6331785613619134 0.10125587856024412 0.007645015439406322 0.021462242198083903
23 0.6167495793086021 0.10117731343138174 0.010724551332783605 0.02006351650834337
6 0.04012931103270897 0.6914339054724954 0.02299723079967011 0.012906113749381377
23 0.038225830233038854 0.7030707683173658 0.026948944906292793 0.014673331637205678
6 0.5732229558598595 0.7365858689493058 0.01258256802583091 0.03030165366347326
6 0.3340695276466141 0.7271821342144537 0.0373552474927175 0.023799348145549182
6 0.5139927083671421 0.75539010063194 0.03887228338609496 0.02231873530067894
6 0.26318872631383056 0.7430284622336149 0.01334108597251955 0.02956134724103805
9 0.9868347587754887 0.12839706919713295 0.023321491224511347 0.07766797659425166
6 0.5717453723946223 0.7873671189493058 0.014145068025830909 0.03038354081860284
6 0.3225349825820368 0.8009095612836752 0.03639214106622681 0.017508404567984213
6 0.2654355364221027 0.8002644301214392 0.00805419239901033 0.03552474219808381
6 0.5098303941022346 0.8177672698992453 0.030877926959604098 0.01565929952502998
6 0.5733700568760739 0.8390933932595651 0.01570756802583091 0.03046542797373277
6 0.03175921839627179 0.8177507440071062 0.01661083847980207 0.00789106512886235
6 0.389048881170111 0.8544716525318193 0.023551160266556702 0.005134557326946165
6 0.3523073991167996 0.8533285543862702 0.02628135517284953 0.01853863805964089
6 0.28116818501017693 0.8511651888278665 0.029338159012915456 0.0163586623699004
6 0.43422498885024297 0.8615338800305821 0.030764266693047305 0.01175304952502998
6 0.022184326934333573 0.9854738325417169 0.029383623119538155 0.0179211623699004
6 0.7078686728029691 0.14272740558403713 0.006954693652651578 0.024546298620519026
1 0.6425248176301196 0.1565165886461524 0.08111961935861452 0.053394994911617345
23 0.5315645855768082 0.15148385063194003 0.02276991026655679 0.005093613749381376
6 0.5735247650436948 0.16150730382044332 0.022883570533113406 0.008999863749381377
23 0.7311099445105814 0.17759040648854824 0.0070228898125854755 0.026890048620519025