23 0.7841760538619427 0.216154836818541 0.04617556323171641 0.015135343939826384
6 0.8833993490414824 0.21462674477857563 0.04696590359079629 0.016716027735416715
6 0.9326271894005622 0.2150436656563881 0.04384544877033605 0.017424542553055568
6 0.9585766110435351 0.24334985040190893 0.027539192720211502 0.03423018284565975
23 0.8632686562230749 0.2463495234639229 0.025172716822512698 0.030269381458888932
23 0.8890544514026146 0.24653070820944373 0.016574421642972938 0.029288109707395905
6 0.9867152465821544 0.24503898376065888 0.01892726200205246 0.030905161094166723
23 0.9983959779701038 0.24552929303121446 0.0032080440597923145 0.029015352773541635
23 0.9382822917616942 0.24694762908725618 0.020471581283893415 0.02781652868534721
23 0.908599336941234 0.24841986331968674 0.02280624092481389 0.026308580072118025
23 0.8140680869412341 0.25062010258611045 0.024382376463433175 0.028688697663298603
23 0.8414209273003138 0.2515461697404507 0.0228516927202115 0.034121080072118025
23 0.7898720628389331 0.255090050249409 0.020462490924813892 0.026254028685347208
23 0.8509595537637468 0.27945296419336735 0.023610216822512697 0.03023301386770836
23 0.8923703489432867 0.2792704730270826 0.018936352361131982 0.032467661094166725
23 0.9906709726762453 0.27774238098711723 0.01865805464750956 0.03328527868534721
6 0.973633984481906 0.27972310828569363 0.01894998789975162 0.03481141109416672
23 0.8134731893023662 0.2826695363817007 0.02207953307929138 0.03566539627652778
23 0.9134777344819061 0.28112326054614506 0.020507942720211857 0.03406652868534721
6 0.873633984481906 0.2820506341212493 0.021307373438370903 0.03720971248093754
6 0.9533260296614458 0.2809771369710409 0.018940897540672096 0.03324891109416672
23 0.9337947796614458 0.28143173186079784 0.02208407825883114 0.036446646276527786
23 0.8330180748409857 0.28455869149194374 0.02051248789975162 0.034847778685347205
23 0.7924203459182244 0.2901917488626382 0.022847147540672096 0.03333983007211803
23 0.9058202914671067 0.44226078229763816 0.018173283079291735 0.03557447729857639
6 0.8675435866466465 0.4439330382815617 0.015016466822512698 0.03003299211621524
23 0.9989618528228101 0.4408417930312144 0.0020762943543797263 0.030577852773541636
23 0.8878606318261862 0.44424150959621456 0.020507942720211857 0.03406652868534721
23 0.9253651770057261 0.44414993740788117 0.017378397540672098 0.03321254350298606
23 0.966771427005726 0.44318619624159644 0.020526123438371256 0.03719152868534721
6 0.988646427005726 0.4426770499650686 0.02206135236113198 0.03254039627652787
23 0.946458927005726 0.4436589749269436 0.02129828307929138 0.03564721248093754
6 0.7925526770057261 0.44724118265822854 0.0181505571815924 0.03166822729857639
23 0.9912618460164204 0.47149238098711715 0.017476307967159245 0.014535278685347208
6 0.914641300444097 0.481123260546145 0.01971760236113198 0.03248584488975688
23 0.8747975504440969 0.48205063412124927 0.02362385236113198 0.03257676386770836
6 0.8536992552645571 0.4817603466021868 0.020494307181592574 0.03172277868534721
6 0.8341725504440971 0.4829961914919437 0.02049430718159222 0.03172277868534721
23 0.9341725504440971 0.48066866565638816 0.020503397540672097 0.03328527868534721
6 0.8130833456236368 0.48426840397288123 0.02285169272021186 0.034121080072118205
6 0.7935566408031768 0.4855042488626382 0.018922716822512696 0.030123911094166723
6 0.8927799359827165 0.4839761568226729 0.01894998789975162 0.03481141109416654
6 0.9513782311622563 0.4833936221534019 0.01971760236113198 0.03248584488975688
6 0.9732623215213358 0.48444697587687424 0.015815897540672096 0.03317617591180557
23 0.9905215026322786 0.4855730647827075 0.018956994735442833 0.014571646276527872
6 0.93981401726661 0.5102288790872562 0.050086358411256526 0.01600751291777769
23 0.8015418576256895 0.5150099109067354 0.052416472872636885 0.013718314304548684
6 0.8874793576256895 0.5130096933918049 0.046180108411256526 0.015916593939826383
23 0.8468589028052292 0.5147365007624993 0.03993465359079629 0.01655237357510426
6 0.605720818398078 0.5664490435998953 0.024405102361132157 0.03259494766329869
1 0.44105887557967033 0.6015358244694441 0.10134030708339647 0.09843945963114589
1 0.5465412611182898 0.6014247620647565 0.1028709908266178 0.09300707722232637
6 0.6887651225546083 0.6043653112673258 0.02283351200205246 0.030996080072118026
6 0.36934295686356367 0.6305524836637497 0.02441873789975162 0.03493869766329851
6 0.4766014658405541 0.6671238036678815 0.024427828258831143 0.03650119766329851
6 0.4407457790722706 0.6820227582650343 0.04774715359079629 0.01673421153100705
6 0.25412247784260666 0.7027749354111108 0.04618919877033596 0.017479093939826384
23 0.204990086253863 0.7187642645332983 0.05011362948849527 0.02069501291777769
23 0.708991785024199 0.7234419663775689 0.02752101200205246 0.031105182845659662
6 0.8043497368195972 0.7290360433155548 0.046961358411256524 0.015934777735416718
23 0.218675857232906 0.7879863900082638 0.05164885841125635 0.01604388050895835
23 0.2179991463623216 0.805973323803854 0.050090903590796196 0.01678876291777769
9 0.8069225920387011 0.7937706905420132 0.3861548159225979 0.09737314779513931
1 0.47356789031219737 0.8172147226458328 0.28354933996629617 0.26750185020809025
6 0.22005252575262096 0.8903119562126734 0.08388464149054772 0.05194566612815983
6 0.33177582093216074 0.8884929234432637 0.02128919272021177 0.03408471248093754
23 0.6505621823684793 0.8873239348424299 0.05869828912941557 0.019332534669270984
6 0.3327752395500716 0.9259747396476733 0.019713057181592396 0.031704594889756875
6 0.634351375088691 0.9212995445498258 0.03916249394987581 0.01809668977951375
6 0.21489739314086775 0.9443454927818055 0.06823691559284875 0.047675740216354255
6 0.2836973901158057 0.9513390687698609 0.06753747882456533 0.061720056420763926
6 0.33452409191120375 0.9579696220564926 0.019703966822512697 0.03014209488975723
6 0.5501763629884426 0.957638394473576 0.040715903590796285 0.016570557370694416
6 0.4877263599633805 0.9676868481207983 0.02285169272021186 0.03412108007211785
23 0.3838246551429203 0.9708865429343053 0.02286078307929138 0.035683580072117846
23 0.36038715514292036 0.9714320568020136 0.021316463797450603 0.03877221248093754
9 0.8051481257760621 0.963356491928784 0.38970374844787586 0.04513850056868094
6 0.3828534066158583 0.002830793218645682 0.04383181323171659 0.005661586437291364
6 0.4196039728726369 0.007535987106449482 0.019672150565734015 0.015071974212898964