1 0.012518558469741986 0.9189453125 0.02503711693948397 0.162109375
23 0.30389309408970644 0.777806994721699 0.048075781017246653 0.026599456168510116
23 0.30527581162471773 0.7481194947216989 0.0470034325888232 0.02033581939903506
6 0.3048413180348585 0.7238734711827486 0.0449871683207995 0.027326159090609536
23 0.35257034264196435 0.723142814120734 0.04782106989237622 0.021130706168510115
23 0.3029170990521052 0.698037674104848 0.04391481989237622 0.021062522321134303
23 0.4224847363556581 0.6993428498345489 0.04629495719592906 0.021884682629559827
23 0.46552626096276395 0.6985303721556833 0.043169957195929066 0.02183013555165907
23 0.3499376482663169 0.6957308802733582 0.046367731803034926 0.023447182629559825
23 0.35255538006935183 0.6731019038123085 0.04956550641014079 0.025064229707460584
23 0.4229770419800106 0.6719854630650738 0.04409675641014079 0.024968772321134303
23 0.35439186187238675 0.6504592905817836 0.04171661910658786 0.02414661201270878
23 0.4247771364794926 0.6501240998345489 0.039826633374611474 0.01708808847375849
23 0.35477500558608044 0.6254456538123085 0.04384204528527027 0.01950002232113448
23 0.3017227801931863 0.6229558534879969 0.052581344499482 0.022775026785361162
6 0.42519666749673923 0.6243292130650737 0.03826413337461147 0.0170608149348082
23 0.21360850413833843 0.5674677382288772 0.025984611248705037 0.055096603084255236
23 0.18942614144189135 0.5662637483751469 0.022932385855810856 0.05660455600635448
6 0.21403018920836098 0.5080518279204517 0.020042826302517015 0.04484489569792895
23 0.23824893920836096 0.508474567774182 0.024349336641599172 0.053506829545304765