6 0.8006566002247915 0.4496125706674709 0.041929087226160885 0.020138759610938452
6 0.10834106809233794 0.4446275045225557 0.041997283386094875 0.02248250961093845
23 0.05625573086617711 0.4598939784032739 0.03940348079967011 0.013765928878243728
6 0.05352553595988432 0.4730523976705793 0.03413931927947218 0.020510573835289668
23 0.10812210774663895 0.4790434481001206 0.039608069279472156 0.020797178878243727
6 0.05146293078703483 0.4901580105154496 0.038000105172849484 0.01915279172311397
6 0.1091390384671668 0.4978753352552504 0.04034385517284948 0.019275622455808696
23 0.8315619562555708 0.5975487816578904 0.037173391066226816 0.017549348145549183
28 0.03353318649409472 0.5724825096109385 0.06706637298818945 0.0894553256443121
6 0.8107720831360327 0.6128904986412037 0.04112510517284953 0.019316566033373662
23 0.8583828690294102 0.616950556872661 0.033312605172849175 0.018907130257724704
6 0.14328906644298528 0.5880809334007996 0.0403665872261608 0.020056872455808693
23 0.10165549590987191 0.5937234237898611 0.0157984962390763 0.033590427973732774
23 0.04592232145755023 0.6267948733603198 0.04025292695960414 0.016150622455808693
23 0.1365245894042389 0.6323255783578454 0.018900764185764984 0.03297295228399211
23 0.043814252178078064 0.64546298620519 0.04110237311953815 0.018535316033373484
6 0.13912910068700998 0.7310496834007996 0.043514319279472156 0.021001896766068208
23 0.2069243544479337 0.7674652182265087 0.016534282132453625 0.03206887155129756
23 0.18815162239462233 0.7672638223649516 0.01901442445232169 0.03687920228399229
6 0.3325464800747543 0.7795258842144537 0.0190144244523216 0.03687920228399211
6 0.7339725877548863 0.8052583830827998 0.015753032132453625 0.03202792797373277
23 0.7175890698081976 0.8036173179539375 0.01573030007914227 0.031246677973732772
23 0.700356105701575 0.8042790592475102 0.016670674452321777 0.03675637155129756
23 0.681606105701575 0.8032964133859533 0.014281460345699059 0.035071040818602836
6 0.6628106415949523 0.8038762675243962 0.022139424452321775 0.0370429765942518
6 0.7498787325820369 0.8233056982116622 0.018164978292387703 0.03449450870642749
28 0.09737585820885737 0.7945865609449909 0.15796927586424747 0.09408527193541047
6 0.19887016204892335 0.8022529760284248 0.0356790872261608 0.019811210990419426
6 0.7854752517823667 0.8369078527796466 0.019037156505633136 0.037660452283992285
23 0.8065008056224325 0.8403570793738983 0.017338264185764986 0.03289106512886235
6 0.20586430812971507 0.8307874118040737 0.022093960345698972 0.0354804765942518
6 0.3062985656515625 0.9017760204650724 0.018787103919208282 0.02906670228399193
6 0.8876531126946968 0.09503129126882881 0.03960806927947225 0.020797178878243817
6 0.1908259253102515 0.1375387008136541 0.012514371865896923 0.02795790366347317
6 0.29235968157845765 0.19763075305221772 0.01083821159934022 0.02396976650834337
6 0.32710675461885347 0.2135357140426372 0.01221885517284953 0.017801653663473083