23 0.2534599233914888 0.8574988030022915 0.04697044877033596 0.017497277735416716
23 0.25179742944161304 0.8403476705934722 0.04383635841125635 0.015862042553055743
23 0.07988152282575471 0.8373168556233332 0.043064198770336 0.017406358757465414
23 0.12750595656897606 0.8307388940923264 0.04540794877033596 0.017460910144236407
6 0.08133039333725949 0.8177492380321528 0.04384999394987581 0.018205792553055745
23 0.16647300779864005 0.8134234543128123 0.046180108411256346 0.015916593939826383
23 0.11397926687382638 0.788860518617361 0.04307328912941562 0.01896885875746541
23 0.16160824579658753 0.783063807086354 0.025177262002052548 0.031050631458888846
23 0.06299348379453498 0.7548862153307291 0.04854658430895542 0.019877395326597203
23 0.01746736035616396 0.7192221254749652 0.026657948770335987 0.01702449905006951
23 0.7633020351223949 0.6573253506862493 0.04931874394987581 0.018333079122187533
23 0.6726770351223949 0.6594346709747217 0.04779260538619425 0.02454671153100705
23 0.7211054447633153 0.6567447756481244 0.03681419877033605 0.01726088839274311
6 0.6956236557320954 0.5745141571070134 0.02283351200205246 0.030996080072118203
6 0.35186404449216874 0.4465593433711456 0.027625551131468206 0.04907393284565984
23 0.2736345053627532 0.4304089729301734 0.04462215359079611 0.0166614763486459
23 0.31504530054229296 0.43022648176388867 0.04147897287263689 0.013463741166284748
6 0.02004135187015284 0.35583177270142363 0.01733749092481369 0.026181293502986057
6 0.13304080073868468 0.3047576223408332 0.02442782825883123 0.03650119766329869
6 0.15255387002052548 0.30117802745107625 0.02129373789975162 0.03486596248093754
23 0.13129649355709233 0.2735439899320138 0.04463124394987581 0.0182239763486459
6 0.10933058996629615 0.25842813620854155 0.046184653590796196 0.016697843939826384
28 0.930061637144594 0.8846658346343395 0.13987672571081192 0.08148900218420145