6 0.8074344152811216 0.0822203527796466 0.0276165346397363 0.010808025214770645
6 0.856675897334433 0.08401854816623378 0.023687552586424587 0.009822057326946276
6 0.5753804332278103 0.07084136024287843 0.035542694906292735 0.015123710990419426
6 0.5152241832278103 0.067688704770383 0.031431856426490865 0.007887743102595036
23 0.045511076801319564 0.04933161465389256 0.0068637654394062 0.021421298620519013
28 0.18919288064138554 0.059208982925829726 0.02568196159934022 0.024747694482076033
6 0.7063576485880743 0.0870948812737776 0.010079693652651578 0.024710072930778516
23 0.09070991653476286 0.05561259215265536 0.008471729546028862 0.02306568577564876
6 0.4227638985880742 0.07223236261772763 0.014949050079142268 0.03120573439616776
6 0.6836786665347628 0.08668876752439619 0.010906407759274294 0.026313516508343394
28 0.13289741653476286 0.057823545341158654 0.028716033386094873 0.021786468792335523
6 0.7320479703748288 0.0915710193334185 0.01005696159934022 0.023928822930778516
6 0.9373121318950268 0.10937043023298088 0.013159229546028684 0.023311347241038005
23 0.6404598639483382 0.09303062075832802 0.021389266693047304 0.011261726594251665
6 0.9935166677884041 0.11388086781765194 0.010034229546028683 0.023147572930778536
6 0.91376097162847 0.1120483729060346 0.009366639812585476 0.02701287935321366
6 0.9559484716284701 0.11425932609453789 0.008585389812585475 0.02697193577564878
6 0.8910592575218473 0.1124235091566532 0.013940479546028683 0.023352290818602885
6 0.9738490254685359 0.11754477837853003 0.010838211599340042 0.023969766508343416
6 0.7926217575218474 0.10726461838347882 0.030718802586424766 0.010190549525030157
6 0.7935932241357525 0.1276590055386086 0.04324153463973594 0.011626896766068161
23 0.1551755818158845 0.09889560266810493 0.005346729546028861 0.02290191146538927
23 0.21843409976257316 0.10299328245085988 0.01099733597251964 0.029438516508343414
23 0.17468409976257315 0.10070044210722684 0.007645015439406188 0.021462242198083858
23 0.19888011770926184 0.102750943011738 0.011042800079142268 0.03100101650834337
28 0.11910168949601645 0.10169969810012065 0.02880696159934022 0.024911468792335523
23 0.07296247538939377 0.10084652702379296 0.0061507115993402195 0.023724105042954146
23 0.05177779717614841 0.1028660504295413 0.015639371865896923 0.02812167797373264
6 0.8696101548562805 0.15042147613996643 0.007781407759274117 0.026149742198083904
6 0.9922209407496577 0.15841211781765194 0.010034229546028683 0.023147572930778536
6 0.8867067266430351 0.1544472348463937 0.011573997492717324 0.02244821008590825
6 0.7914169586963464 0.14867086838347882 0.027616534639735946 0.010808025214770645
6 0.7610474970970061 0.17055251243601352 0.029179034639735944 0.0108899123699004
6 0.7263997124572701 0.17812599502315898 0.006909229546028861 0.022983798620519025
6 0.005064927388569041 0.1433372421980839 0.010129854777138082 0.01636198439616776
6 0.7635587316575999 0.19181003674627303 0.02518185642649069 0.00756019448207601
6 0.7622319123781278 0.21051909316870815 0.030764266693047482 0.011753049525030156
6 0.8067858944314391 0.21207162708990612 0.025250052586424588 0.009903944482076099
6 0.8113453622989855 0.24360823213286026 0.013181961599340042 0.02409259724103805
1 0.9158964699791173 0.25378217152655363 0.15938702335696497 0.11600121551297518
9 0.3276272433360824 0.24778788330994256 0.6552544866721648 0.10495076661988509
6 0.8101716557142101 0.3108366757104251 0.007804139812585475 0.026930992198083904
23 0.24168006848804935 0.2990394448207603 0.03159098079967011 0.013356493102595035
23 0.9255776953685112 0.35131226876759164 0.033244409012915456 0.016563380257724792
23 0.9880549633151997 0.3553690049727817 0.0069319615993400415 0.023765048620519025
6 0.9653759812618885 0.3549628912234003 0.007804139812585475 0.026930992198083904
6 0.8348390351019546 0.35046906377006604 0.007690479546028683 0.023024742198083814
23 0.9251003222489731 0.36771851876759165 0.01821880258642459 0.009535452283992107
6 0.8360461824363874 0.3896543945027607 0.012605300079142267 0.031082903663473084
6 0.8750632183297646 0.3932640733810044 0.011664925705962758 0.025573210085908293
6 0.8531200221698306 0.3944614032091879 0.010838211599340042 0.023969766508343326
6 0.8922279862764533 0.3949460820874317 0.008448997492717325 0.02228443577564878
6 0.9552448118241319 0.43424095544775154 0.023801212852981736 0.013728307326946344
6 0.8105771695042637 0.43135389359824944 0.03407112311953817 0.01816682383528967
6 0.901801563077773 0.4423942921733399 0.009480300079142268 0.030919129353213747
6 0.9228498489711503 0.44506226876759164 0.007159282132453626 0.03157754862051902
6 0.8727134566512824 0.44712937980343953 0.0041252103456990595 0.034538774310259514
9 0.3192912487796123 0.5022297218445533 0.6385824975592246 0.11227194368910656
6 0.144402937055241 0.5497996834007995 0.04025292695960414 0.016150622455808693
23 0.9702918356433152 0.6431589320420031 0.024787051332783604 0.020800500904511132
6 0.7303116933234473 0.6352767537295863 0.038068301332783605 0.02149654172311415
1 0.9697318944979461 0.6892936256195681 0.02452027837152997 0.06524986374938138
6 0.7148852701247668 0.6814147693334185 0.038022837226160885 0.019934041723114148
9 0.30261155680956686 0.7390336810259504 0.6052231136191337 0.1186923620519007
28 0.25517398634296046 0.8302418571906607 0.05904003087881238 0.0452173247398008
6 0.07939273634296044 0.8210295522385636 0.030187605172849484 0.018743355947465547
6 0.04108875428964911 0.8198045669378846 0.03639214106622681 0.01750840456798457
6 0.11767398634296047 0.8230357875392424 0.03400292695960409 0.015823073835289848
23 0.11878184527673366 0.8387426746943725 0.037150659012915456 0.016768098145549006
6 0.03900341706348828 0.837691429782755 0.03866769490629279 0.015287485300678583
6 0.04011127599726147 0.8533983169378846 0.036301212852981456 0.01438340456798457
6 0.03816233109096868 0.866597679782755 0.03949440901291547 0.016890928878243727
6 0.03688097591811919 0.88374423620519 0.03715065901291548 0.016768098145549006
6 0.03564508485189237 0.8993282926276251 0.03648306927947218 0.02063340456798457