1 0.8042399888817103 0.604662750557005 0.08923573770335977 0.1650897453453176
1 0.4534678292407898 0.6071819599379574 0.09154312626704134 0.15886701734563574
1 0.5722314647794093 0.6034564285885036 0.10247608108750157 0.1582130366804538
1 0.691767259958949 0.6012843065722772 0.08298573770335978 0.16501702001113577
1 0.29179907621572776 0.600469977959911 0.09155676180566079 0.16121076734563572
1 0.9489899283804683 0.4311150678708241 0.09683915944452863 0.12924315201304495
1 0.8044611400366195 0.9694792285566869 0.08305793969514959 0.043151110677908375
6 0.133308302702602 0.9874443613144553 0.04074771984757484 0.02156646467218124
6 0.7295293177297166 0.9586331825668684 0.013522144515609824 0.04156079133513657
6 0.5081361067609363 0.8784024319303214 0.026135774004105095 0.06123749200349984
6 0.6323912181972549 0.8707070159134584 0.03075509631100797 0.04957328600413646
6 0.8589809892744938 0.8633832225493692 0.01903180113146803 0.04865567600254508
1 0.799810522353785 0.828917863224096 0.07906585216474049 0.1626278166772721
1 0.451373022353785 0.83297230060473 0.08998062626704133 0.15884883601209054
1 0.5756008627128647 0.8299643845878674 0.07503688231716552 0.1414886133434088
1 0.6920207482514842 0.8262661252387316 0.08845903288289954 0.165861904678545
6 0.8594951154433392 0.6407360632161417 0.023796569183645033 0.061991470003181705
6 0.351687160622879 0.6458637466184113 0.026126683645025482 0.059674992003499835
6 0.5118615913410383 0.6408751599300032 0.020603391490547907 0.050236357336090796
6 0.6321831817001179 0.637912697247004 0.022270430619963477 0.06822328866963616
6 0.0028966992613153083 0.6429142059993638 0.005793398522630617 0.05479658800127254
6 0.7439428383159761 0.6295814818985047 0.020680659542724557 0.0635176073360908
1 0.9478990852909142 0.6186150678708241 0.09692097267624504 0.14330565201304496