6 0.23612624606654936 0.9512413606295326 0.02778039764263518 0.010648555624352695
6 0.18694388337010232 0.954315010753367 0.023837760339082203 0.00968536910658777
6 0.4681211087629965 0.9396530814743127 0.03577483416039975 0.014918678659881834
6 0.5282773587629965 0.936851259100737 0.03154109842842345 0.007705492142117265
23 0.9969506408683042 0.908732489665427 0.006098718263391589 0.021384848428423454
28 0.8536583484239142 0.9130840035191659 0.026091619106588127 0.024601893713693812
6 0.3364344611203613 0.9363911484712046 0.010503006410140792 0.02465539764263518
23 0.9520230738168083 0.9069367032714968 0.008867731803034929 0.02302012303552914
6 0.6200282111203613 0.9231825572814916 0.015481604838564245 0.03112372146395259
6 0.35905432381680835 0.9345546666681697 0.011357031017246656 0.026254284946188023
28 0.9098355738168085 0.908901617663355 0.029071069892376046 0.021622442927905182
6 0.3105076619061496 0.9344669294884513 0.01046661910658786 0.02387414764263518
6 0.10471142617417321 0.9370055403228715 0.013555231803034928 0.023238446856846905
23 0.4016228134777261 0.9239596149727586 0.021566784946188022 0.011138707195929243
6 0.04838865156706737 0.9380629261786824 0.010430231803034939 0.02309289764263518
6 0.12796698965640857 0.9320076712162837 0.009830918320799586 0.026962760339082337
6 0.08577948965640858 0.9339725856081419 0.009049668320799587 0.02692637303552914
6 0.15055046504930272 0.9293899394132488 0.014336481803034928 0.02327483416039975
6 0.0677015777457498 0.9324657435898592 0.01124786910658786 0.02391053494618802
6 0.24898796504930276 0.9248051391655796 0.03086901033908216 0.010012854838564067
6 0.24647939515692655 0.9045654137726856 0.04340539764263518 0.011376301695410974
23 0.8845423213356091 0.8701494867699427 0.0057427318030349285 0.022874573821317766
23 0.8212246840320561 0.8723156083577301 0.011502580231458382 0.029379284946188022
23 0.864974684032056 0.8702779193587661 0.008013707195929243 0.021421235731976296
23 0.8407195467285031 0.8706246757689069 0.011575354838564067 0.030941784946188024
28 0.9202614975142914 0.863788170806508 0.029216619106587773 0.024747442927905185
23 0.9662824729071856 0.8600788198968854 0.0065603691065877715 0.02369221112487061
23 0.9872306736929739 0.8559713627009563 0.01611730562435234 0.02803510876750579
6 0.1690435998716563 0.8893813695208725 0.008232031017246655 0.026108735731976297
6 0.046314575264550434 0.8935316761786825 0.010430231803034939 0.02309289764263518
6 0.1517105506574446 0.8870568901990371 0.011956344499481996 0.022384422249741222
6 0.24705943796099747 0.8833988891655796 0.02778039764263518 0.010648555624352695
6 0.27565531885440964 0.8585786716305683 0.02934289764263518 0.010721330231458381
6 0.3095936712117745 0.8476026302742395 0.007305231803034928 0.022947348428423452
6 0.27154786165848055 0.8376304708447802 0.025291098428423454 0.007414393713693812
6 0.27145581637321026 0.8188440835412273 0.03094178494618811 0.011575354838564067
6 0.22696095367676322 0.8216994098437442 0.02540026033908225 0.009758143713693813
6 0.22003671153464607 0.7907041209686148 0.01359161910658786 0.024019696856846906
1 0.1151308877133285 0.7908925196447072 0.16127144789030418 0.11508996071058561
9 0.6866332826698764 0.73834733085514 0.6267334346602471 0.10109615880577767
6 0.2161261534290942 0.7235530082721675 0.008268418320799586 0.026889985731976297
23 0.7832579954473768 0.6791306885891885 0.031795809553293884 0.013174242142117265
23 0.09811886207276532 0.6945997165015539 0.033503858767505654 0.01637201674922295
23 0.035582474769212405 0.6967294507857883 0.00734161910658786 0.023728598428423453
6 0.05820233746565948 0.6948929689827533 0.008268418320799586 0.026889985731976297
6 0.18856192555500068 0.6864725392894142 0.008086481803034928 0.022983735731976297
23 0.09735472869815383 0.678193466501554 0.018369010339082205 0.009430657981717338
6 0.18439881037735426 0.6475192012000731 0.013137854838564245 0.031014559553294064
6 0.1452635357702484 0.6477760663777195 0.012101893713693723 0.025509422249741044
6 0.1670293738595896 0.6444134718782374 0.01124786910658786 0.02391053494618802
6 0.12803964846669547 0.6477953370558839 0.008831344499481997 0.022238873035529315
6 0.06230333250326074 0.614841595947224 0.02401969685684686 0.01359161910658777
6 0.20661625868194317 0.6034224447899323 0.03435788337461147 0.017970904052775794
6 0.11491891025351975 0.6014297593056248 0.010012854838564244 0.030869010339082337
6 0.09375238564641389 0.600849716501554 0.007705492142117154 0.03154109842842345
6 0.14353406182509632 0.5938334290741666 0.004726041356328858 0.03452054921421173
9 0.6852986839318668 0.4834415070338226 0.6294026321362665 0.10847201116314267
6 0.8612030971855692 0.41947739868060163 0.04049872146395259 0.015918252481199248
23 0.03153055975818171 0.4080115531431532 0.025128432588823225 0.02065925641014079
6 0.27115598593686413 0.39215315095240405 0.0384096825888232 0.02127784057054054
1 0.028602458848558922 0.36195419044670607 0.02564000889134015 0.06511773180303493
6 0.28303524772368843 0.3446231794884513 0.038336907981717336 0.01971534057054054
9 0.6929580955329393 0.24532292287342275 0.6140838089341214 0.115047342842343
28 0.7296811536384912 0.1507895188206468 0.05977741439185813 0.04488016046291676
6 0.9054624036384912 0.14260237552123786 0.030488020678164317 0.018570217535011313
6 0.9437072663349383 0.14003814764714434 0.036665246071058276 0.017298815963434723
6 0.8671811536384911 0.14438535339533137 0.034248721463952594 0.015627154052775927
23 0.8648909075674325 0.12883312800243724 0.03741010876750579 0.016553953266987654
6 0.9444328583532208 0.12199662304003848 0.038899834160400104 0.015064227874093516
6 0.9421426122821623 0.10644439764714435 0.0365196968568469 0.014173815963434722
6 0.9430865281217624 0.09309037304003849 0.03975385876750579 0.01666311517764645
6 0.9430672574435981 0.07586648573648555 0.03741010876750579 0.016553953266987654
6 0.9431207613725394 0.060205098432932626 0.036810795285270356 0.020423815963434722