23 0.81953125 0.1171875 0.0203125 0.03203125
23 0.84609375 0.1171875 0.02265625 0.03671875
23 0.7890625 0.11875 0.021875 0.03203125
23 0.95234375 0.2484375 0.0203125 0.03359375
23 0.9734375 0.24921875 0.025 0.03203125
23 0.9578125 0.27578125 0.05078125 0.0140625
23 0.99296875 0.28046875 0.01328125 0.01640625
23 0.43203125 0.30390625 0.0265625 0.03515625
23 0.35859375 0.3171875 0.0515625 0.01640625
23 0.353125 0.33671875 0.05078125 0.01640625
23 0.4328125 0.3390625 0.02265625 0.0359375
23 0.35390625 0.35234375 0.05 0.0140625
6 0.53125 0.58984375 0.01953125 0.0359375
6 0.67890625 0.59609375 0.025 0.04296875
1 0.603125 0.6109375 0.11796875 0.10546875
6 0.52890625 0.62109375 0.02109375 0.02734375
23 0.671875 0.646875 0.03203125 0.03203125
23 0.5328125 0.659375 0.02890625 0.04453125
23 0.63984375 0.6765625 0.06640625 0.025
23 0.64921875 0.7078125 0.02265625 0.0328125
28 0.58359375 0.7859375 0.16953125 0.140625
23 0.63203125 0.8796875 0.046875 0.0171875
28 0.55703125 0.93515625 0.103125 0.128125
23 0.38125 0.9921875 0.04375 0.015625
6 0.41953125 0.99609375 0.01953125 0.0078125