6 0.646875 0.00703125 0.01953125 0.0140625
6 0.78359375 0.00703125 0.01953125 0.0140625
1 0.89921875 0.040625 0.065625 0.08046875
28 0.8375 0.0578125 0.04921875 0.08203125
6 0.8515625 0.1421875 0.0609375 0.0796875
6 0.909375 0.2640625 0.04765625 0.03984375
28 0.834375 0.315625 0.0421875 0.1
1 0.9984375 0.32265625 0.003125 0.14765625
28 0.83828125 0.42109375 0.04453125 0.0875
6 0.909375 0.47265625 0.03046875 0.0328125
6 0.85546875 0.503125 0.06015625 0.06640625
6 0.99921875 0.51796875 0.0015625 0.06640625
6 0.9609375 0.5546875 0.04453125 0.08359375
6 0.91953125 0.57265625 0.0203125 0.0578125
6 0.85625 0.59921875 0.0671875 0.07734375
6 0.9015625 0.6421875 0.01796875 0.05
6 0.96484375 0.65546875 0.04453125 0.090625
6 0.88359375 0.75546875 0.0515625 0.10390625
6 0.2984375 0.75703125 0.025 0.05625
6 0.84921875 0.75859375 0.02421875 0.06796875
6 0.1390625 0.77578125 0.02109375 0.03984375
6 0.9984375 0.78359375 0.003125 0.06171875
1 0.19296875 0.79921875 0.08984375 0.14921875
1 0.94921875 0.8140625 0.09609375 0.20234375
6 0.99921875 0.87734375 0.0015625 0.0640625
6 0.1359375 0.93515625 0.0171875 0.0515625
1 0.18984375 0.95078125 0.0828125 0.0984375
6 0.8609375 0.98828125 0.040625 0.0234375