6 0.85390625 0.3984375 0.00703125 0.03046875
6 0.40625 0.42265625 0.009375 0.0171875
1 0.5078125 0.43984375 0.13203125 0.175
6 0.62109375 0.47890625 0.028125 0.0125
6 0.85078125 0.48515625 0.00859375 0.02734375
6 0.4078125 0.49296875 0.01171875 0.02578125
6 0.8515625 0.52734375 0.0078125 0.02578125
23 0.56484375 0.546875 0.02265625 0.00859375
6 0.48203125 0.54921875 0.0140625 0.00703125
6 0.446875 0.55 0.01953125 0.00859375
23 0.51875 0.55 0.0140625 0.009375
23 0.44765625 0.56640625 0.025 0.0109375
6 0.853125 0.56875 0.00703125 0.02109375
28 0.96953125 0.5703125 0.0609375 0.08515625
6 0.36796875 0.5765625 0.0109375 0.02109375
6 0.85078125 0.60625 0.00859375 0.01640625
23 0.41953125 0.61796875 0.03203125 0.01171875
23 0.40703125 0.63203125 0.01640625 0.00859375
6 0.85 0.64453125 0.00703125 0.01953125
23 0.4234375 0.64921875 0.015625 0.01171875
6 0.5421875 0.65234375 0.01875 0.01171875
6 0.99140625 0.6578125 0.01640625 0.0375
6 0.421875 0.665625 0.01796875 0.0046875
6 0.4203125 0.68359375 0.02421875 0.0046875
6 0.8484375 0.6921875 0.0078125 0.02734375
6 0.41953125 0.7015625 0.02265625 0.009375
6 0.475 0.73359375 0.01328125 0.00703125
6 0.47109375 0.74921875 0.01171875 0.0078125
6 0.7328125 0.75 0.01328125 0.034375
6 0.7140625 0.7515625 0.01875 0.0375
6 0.66015625 0.87578125 0.0203125 0.03671875
6 0.9921875 0.87734375 0.01484375 0.03203125
6 0.3203125 0.95859375 0.040625 0.01796875
23 0.34609375 0.97578125 0.01640625 0.034375
6 0.3171875 0.97578125 0.0375 0.015625
23 0.36328125 0.978125 0.01484375 0.0375
6 0.79375 0.9890625 0.03828125 0.0171875
23 0.315625 0.9921875 0.03515625 0.015625
23 0.50234375 0.00546875 0.01796875 0.0109375
6 0.47421875 0.0359375 0.0265625 0.015625
6 0.51484375 0.03671875 0.01875 0.009375
6 0.46875 0.06484375 0.0203125 0.00625
6 0.50859375 0.06953125 0.028125 0.00859375
6 0.46640625 0.09296875 0.0140625 0.0265625
6 0.490625 0.09375 0.009375 0.021875
6 0.85859375 0.1328125 0.00859375 0.03046875
6 0.85390625 0.16640625 0.00703125 0.028125
6 0.66953125 0.18515625 0.0109375 0.0296875
6 0.85390625 0.20390625 0.00703125 0.025
1 0.4609375 0.22578125 0.11484375 0.06015625
6 0.3609375 0.23359375 0.03046875 0.0078125
6 0.85546875 0.23984375 0.009375 0.0265625
23 0.3546875 0.25234375 0.02109375 0.009375
23 0.34765625 0.265625 0.02265625 0.0078125
6 0.85234375 0.2984375 0.009375 0.03203125
23 0.35078125 0.3078125 0.0171875 0.01171875
23 0.50546875 0.31328125 0.003125 0.0171875
6 0.578125 0.3140625 0.0078125 0.0203125
6 0.5265625 0.3140625 0.0125 0.02109375
6 0.5640625 0.31640625 0.0109375 0.02265625
6 0.4890625 0.315625 0.01328125 0.02109375
23 0.46171875 0.31640625 0.01015625 0.0171875
23 0.5453125 0.315625 0.0109375 0.02734375
23 0.434375 0.31796875 0.009375 0.01796875
6 0.41484375 0.321875 0.00703125 0.02578125
23 0.35234375 0.32890625 0.0203125 0.0109375
6 0.853125 0.3359375 0.0109375 0.02890625
6 0.59765625 0.33984375 0.0109375 0.025
6 0.41171875 0.38515625 0.00859375 0.02421875