6 0.51953125 0.22734375 0.034375 0.01484375
23 0.51875 0.24921875 0.02890625 0.0171875
28 0.79375 0.25703125 0.08671875 0.14296875
23 0.89296875 0.2640625 0.02890625 0.04921875
23 0.9203125 0.265625 0.0265625 0.05
23 0.51796875 0.26875 0.03203125 0.01171875
28 0.6671875 0.27734375 0.06484375 0.07109375
6 0.6046875 0.28515625 0.01875 0.03828125
23 0.71875 0.2984375 0.01953125 0.03515625
23 0.234375 0.32734375 0.03359375 0.0171875
23 0.7171875 0.3328125 0.01640625 0.034375
28 0.6640625 0.34453125 0.0765625 0.0625
23 0.234375 0.346875 0.03671875 0.01640625
6 0.12109375 0.346875 0.0375 0.0171875
28 0.91796875 0.3515625 0.0671875 0.09375
23 0.75703125 0.37109375 0.03671875 0.01796875
6 0.8734375 0.38046875 0.01796875 0.03671875
23 0.75546875 0.38984375 0.03515625 0.01328125
6 0.56796875 0.3953125 0.04296875 0.015625
6 0.01328125 0.40546875 0.0234375 0.03828125
28 0.73828125 0.425 0.05859375 0.0390625
6 0.90390625 0.43125 0.0203125 0.0375
23 0.94375 0.43203125 0.01796875 0.03359375
23 0.92421875 0.43203125 0.01796875 0.03359375
6 0.57890625 0.459375 0.01875 0.0375
23 0.2296875 0.46328125 0.03671875 0.0140625
23 0.2328125 0.48046875 0.03671875 0.01484375
1 0.8984375 0.48671875 0.04375 0.05234375
6 0.15546875 0.490625 0.03984375 0.01796875
23 0.9359375 0.4921875 0.01796875 0.03359375
23 0.95703125 0.4921875 0.0140625 0.03359375
6 0.58125 0.509375 0.0390625 0.0171875
6 0.83671875 0.5296875 0.0203125 0.0359375
6 0.23125 0.5515625 0.03671875 0.01171875
6 0.60859375 0.55859375 0.0203125 0.03828125
1 0.92421875 0.56171875 0.0703125 0.09453125
1 0.74765625 0.565625 0.125 0.096875
6 0.5875 0.60234375 0.04296875 0.01640625
23 0.2328125 0.61328125 0.03984375 0.01640625
23 0.228125 0.63046875 0.03046875 0.01328125
23 0.73125 0.6359375 0.015625 0.0359375
23 0.778125 0.6359375 0.01875 0.03359375
23 0.90546875 0.63671875 0.0171875 0.03359375
23 0.71328125 0.6375 0.01640625 0.03046875
6 0.6046875 0.6375 0.01953125 0.0359375
28 0.9390625 0.64140625 0.0421875 0.05234375
6 0.7703125 0.6625 0.03984375 0.01875
6 0.7125 0.6765625 0.015625 0.03515625
23 0.69140625 0.67734375 0.01640625 0.03671875
6 0.584375 0.6796875 0.015625 0.03359375
6 0.58359375 0.71875 0.0171875 0.0359375
1 0.74609375 0.75078125 0.11640625 0.08828125
1 0.8953125 0.7515625 0.1171875 0.090625
9 0.04296875 0.0765625 0.08515625 0.0765625
23 0.2265625 0.76328125 0.03671875 0.01640625
23 0.22890625 0.78203125 0.034375 0.01484375
6 0.37890625 0.78515625 0.00859375 0.02578125
6 0.5828125 0.81640625 0.01796875 0.0359375
23 0.83515625 0.82109375 0.01640625 0.03125
23 0.9203125 0.82109375 0.01484375 0.034375
23 0.8546875 0.82109375 0.01640625 0.03203125
6 0.940625 0.821875 0.01875 0.03515625
23 0.87265625 0.82265625 0.01875 0.03359375
23 0.9015625 0.82265625 0.0140625 0.03359375
23 0.8171875 0.82421875 0.01796875 0.034375
6 0.5828125 0.865625 0.01796875 0.0359375
6 0.09765625 0.08828125 0.01796875 0.03984375
1 0.75078125 0.89765625 0.1140625 0.08828125
1 0.890625 0.90078125 0.12265625 0.09296875
6 0.58359375 0.91796875 0.01953125 0.03671875
6 0.37578125 0.95078125 0.009375 0.03203125
9 0.31484375 0.60703125 0.0671875 0.7859375
23 0.85234375 0.97109375 0.01484375 0.0265625
23 0.9265625 0.9734375 0.01484375 0.03359375
23 0.79453125 0.9734375 0.01484375 0.03046875
23 0.946875 0.97421875 0.01875 0.0328125
23 0.8703125 0.97421875 0.0140625 0.02890625
6 0.746875 0.97421875 0.01640625 0.03515625
23 0.9078125 0.975 0.0140625 0.03359375
23 0.7765625 0.975 0.015625 0.03125
23 0.8125 0.97578125 0.01796875 0.0296875
6 0.83359375 0.97578125 0.0140625 0.0328125
9 0.43828125 0.61484375 0.0671875 0.7703125