9 0.3453125 0.59453125 0.690625 0.14140625
9 0.340625 0.87890625 0.68125 0.14765625
1 0.85234375 0.896875 0.2953125 0.20625
9 0.21796875 0.00234375 0.4359375 0.0046875
1 0.60546875 0.05390625 0.1671875 0.1078125
1 0.99609375 0.0546875 0.0078125 0.109375
23 0.721875 0.05234375 0.05 0.1046875
23 0.90078125 0.03203125 0.02421875 0.0578125
9 0.22265625 0.12109375 0.4453125 0.13828125
23 0.4859375 0.171875 0.05703125 0.0578125
9 0.3421875 0.3109375 0.684375 0.14453125
1 0.859375 0.40078125 0.28125 0.4453125
23 0.578125 0.43359375 0.10859375 0.03671875