1 0.7898371720448532 0.36243255687607384 0.0959225837461151 0.16663122202418146
1 0.43898314743774736 0.3742017488128658 0.09797523531769166 0.16044941818411554
1 0.5576239855270886 0.373090226709542 0.10887634801413881 0.15998641693047427
1 0.6771188482235356 0.3703934725529069 0.08967258374611511 0.1664493655976907
1 0.2768641370986652 0.38750103384831325 0.09808439722835036 0.16279316818411543
1 0.9255819652632088 0.5301248590667871 0.10206126778268043 0.13092104255729495
1 0.809173792804071 0.009909579770820444 0.08477741439185812 0.019819159541640888
6 0.138553077750259 0.009014551448338117 0.041607457195929065 0.018029102896676235
6 0.733627983250777 0.016158992643587465 0.015209777088305287 0.03231798528717493
6 0.5078959290741666 0.10069004097444925 0.02861945967712849 0.06168765775927425
6 0.6318235806457432 0.1033256444979461 0.032761150123834425 0.05010530007914227
6 0.8581677568244256 0.10142084903765736 0.021006012820281583 0.04898306927947216
1 0.7971553281645438 0.13830473508931923 0.08565717183545622 0.16399195533113406
1 0.44871782816454375 0.1484432308661771 0.09641273531769165 0.1604039540774928
1 0.5728638035574379 0.14639133438967397 0.08076846463952717 0.14278454506457736
1 0.6891608916467791 0.1453480084462842 0.09517772104966796 0.16738973997087014
6 0.8470161253118409 0.3240998310909687 0.02631209698068133 0.06240071159934022
6 0.33916723800828796 0.33965691574334006 0.028546685070022625 0.060125157759274205
6 0.49917793879407624 0.33812184481451524 0.022641287427387448 0.05059103338609487
6 0.6194176641869704 0.3361836086045688 0.025040695409104786 0.0686052474927175
6 0.730808928454994 0.33996417498104703 0.023259871587787195 0.06387228338609478
1 0.9343149181159118 0.3426248590667872 0.10271623924663302 0.14498354255729487