1 0.6353988498840817 0.8815039244114589 0.23725855536065765 0.23699215117708228
1 0.8772560860439172 0.8226661528994039 0.22851224954288937 0.35466769420119204
6 0.3337991991995096 0.960007922319523 0.0633104249048598 0.042297042627625105
6 0.2633911987052181 0.9539792503386841 0.06868367441056815 0.040239897670578985
9 0.2758182614430686 0.8571828154675465 0.4877931131555925 0.16666843735752862
23 0.06720065372468363 0.7308715417231141 0.07595500494291588 0.02736808344622812
9 0.381939632964437 0.6491390213695833 0.7191359550566465 0.2193308491616019
1 0.8671967006452034 0.6005100073476309 0.14361469022789883 0.11900670680654794
1 0.1178386877936221 0.5004304471956095 0.19916435326976073 0.104767144391219
1 0.3669301038012333 0.5103664484388049 0.30603643577927475 0.10647016451760702
1 0.8552485044858054 0.4603387087271119 0.12470552273741298 0.11411781094499088
9 0.36767290863041846 0.3755377470593239 0.7122492850947026 0.20337830054108305
9 0.3539964333078168 0.09728991632662928 0.7071797831175364 0.1937576390756937