23 0.54765625 0.00390625 0.04296875 0.00703125
1 0.64609375 0.08203125 0.13515625 0.1640625
23 0.55 0.02734375 0.04296875 0.0453125
23 0.371875 0.13828125 0.034375 0.03984375
23 0.4125 0.140625 0.01875 0.04375
23 0.44375 0.14296875 0.01796875 0.04453125
23 0.5078125 0.14453125 0.0171875 0.0421875
23 0.4765625 0.1484375 0.01640625 0.04921875
23 0.38203125 0.4734375 0.0171875 0.0640625
23 0.48203125 0.47265625 0.01328125 0.0484375
23 0.5515625 0.475 0.0125 0.04296875
23 0.215625 0.47890625 0.015625 0.04609375
23 0.18671875 0.4796875 0.01640625 0.046875
23 0.40546875 0.478125 0.015625 0.0625
23 0.35078125 0.47890625 0.0203125 0.06953125
23 0.26328125 0.47890625 0.01640625 0.04609375
23 0.46640625 0.4796875 0.01484375 0.04296875
23 0.50625 0.48046875 0.0171875 0.04453125
23 0.4453125 0.4828125 0.01796875 0.05390625
23 0.42578125 0.48203125 0.01484375 0.05703125
23 0.56953125 0.48359375 0.0125 0.04609375
28 0.671875 0.74609375 0.04609375 0.08125
28 0.66796875 0.84453125 0.05234375 0.07421875
6 0.7015625 0.8546875 0.0328125 0.0796875
28 0.72890625 0.9421875 0.04609375 0.07890625
1 0.87109375 0.959375 0.07109375 0.08046875
6 0.7765625 0.99375 0.0359375 0.01171875
28 0.73125 0.9953125 0.04609375 0.009375