1 0.05118789427988966 0.7288093101082721 0.10237578855977932 0.12519387978345584
6 0.21274449838173748 0.7403054365930226 0.013881267856907442 0.03476144490629274
6 0.18063142776488647 0.7459249507787875 0.04165171185055305 0.015267298825501107
23 0.1733138056059079 0.7625357892585896 0.04241932508107791 0.014508780878812466
6 0.17431719805742593 0.794521575151967 0.04052558847375849 0.04022183471887839
6 0.051937637586844644 0.8269740254685359 0.015402857548481964 0.03246315901291581
23 0.012066614047894303 0.8296958601874144 0.01699263108743231 0.03407112311953817
23 0.03158422727841913 0.8299088088546309 0.014553423701106127 0.028534176959604095
6 0.06813933604471709 0.8382154023489979 0.0169926310874323 0.03407112311953817
6 0.08765694927524192 0.8384283510162145 0.021748314934808156 0.038113765439405964
23 0.011452959421511652 0.8648521101874144 0.016170470779006803 0.031704641066226814
23 0.044238185882561315 0.8654598639483382 0.04166534862002823 0.016048548825501285
23 0.10880347200341337 0.9689963894168742 0.04006193831160272 0.013659334718878568
23 0.2974159586107327 0.9892764825155297 0.014117047077900758 0.0035341769596044514