28 0.13731975546094902 0.3647917610812764 0.025181807181592353 0.0325601944820761
23 0.09830725243588692 0.3754326899595203 0.006409081283893325 0.027671298620519025
23 0.08191009279496653 0.3778550050883826 0.015838623438371037 0.03753762155129756
6 0.9909380019742091 0.3324994872253022 0.01812399605158177 0.01747078301668683
6 0.8648453126425413 0.357923290368377 0.011092036104353298 0.027135710085908295
6 0.8476759933607007 0.3619490490748042 0.01111476200205246 0.031041960085908295
23 0.27664133069471813 0.4020350542747286 0.03059146984757479 0.022690549525030156
23 0.10010155659241718 0.4151945528043905 0.01818237343837099 0.037660452283992105
6 0.11885610177195698 0.41499315694283345 0.01739657825883123 0.03683825870642714
23 0.08370894213103659 0.4183981179332529 0.01031078610435352 0.027094766508343325
6 0.3790396228491958 0.4060464456137298 0.10142666549465282 0.11621922150586901
23 0.27520155054229295 0.42321069142985834 0.03057783430895533 0.020346799525030334
23 0.3143776800307882 0.44069476255161444 0.03292158430895533 0.020469630257724702
23 0.2753151800307882 0.44274194142985834 0.03292612948849527 0.021250880257724702
6 0.7996748305965223 0.43948755088382657 0.01570681323171641 0.014881371551297562
23 0.31140267095560187 0.46663978686187396 0.03134999394987581 0.018825243102595125
23 0.2762600564942213 0.47082599785229345 0.033721015027114644 0.02363557383528967
1 0.1145913034691592 0.4878950684082227 0.06117839451560987 0.044599849050060314
23 0.3146685715213359 0.49069476255161454 0.03214033430895542 0.020428686680159912
23 0.27796800223949514 0.49574411069716373 0.033725560206654494 0.024416823835289668
23 0.7328100383438487 0.4984774485544059 0.021339189695149585 0.04329297659425162
6 0.7539174238824681 0.4997157219601542 0.018200554156530303 0.04078545228399229
6 0.7101765142415477 0.5035710623037872 0.008739195745273775 0.02545037935321357
23 0.07435718890958276 0.5572116344415963 0.01665623487468948 0.04382856512886235
23 0.27591968890958274 0.5466481914298583 0.02587669877033605 0.01775738805964089
23 0.14704070998682162 0.5580913817280628 0.019763054156530256 0.040867339439121866
6 0.7760605894753169 0.5446630517883377 0.02051703307929138 0.03622078301668683
6 0.6721543394753169 0.5501085476044663 0.008725560206654492 0.02310662935321357
23 0.6963776346548567 0.549620546699955 0.016624418617910662 0.03835981512886235
23 0.6557526346548567 0.5517496127333287 0.019776689695149584 0.043211089439121865
6 0.7127838846548566 0.5487607315710926 0.02054884933607006 0.04168953301668683
6 0.7526276346548567 0.5466726091152839 0.020576120413308984 0.04637703301668665
23 0.278472517168414 0.5824628606971637 0.030609650565734104 0.02581554952503016
6 0.15043842075921016 0.6048026074178032 0.02585397287263693 0.013851138059640888
23 0.2770372821955286 0.6044197478522934 0.02980112948849527 0.02108710594746519
23 0.146654890606785 0.6261010753056278 0.03292158430895542 0.020469630257724702
23 0.6850270441975812 0.6135159503634282 0.022728972872636886 0.013687363749381376
6 0.1475497700952802 0.6455913817280627 0.033698289129415616 0.01972932383528949
6 0.28750260440423564 0.6570124813439501 0.02979203912941557 0.01952460594746519
23 0.14610544476331525 0.6659857688831925 0.032135789129415615 0.019647436680159912
23 0.32355373389273084 0.6746603267759658 0.037622719847574794 0.02305904172311397
23 0.6923310049699697 0.6600224581653442 0.0071812409248137145 0.026149742198083813
23 0.7290452097904299 0.6573168600197951 0.009502265027114732 0.02236632293077854
23 0.1470185049699697 0.6886010753056278 0.02900624394987581 0.0187024123699004
6 0.7110855501495095 0.6598210623037872 0.016647144515609825 0.04226606512886235
23 0.6720275953290493 0.6626494911820311 0.008766466822512697 0.03013787935321375
23 0.645474185688129 0.6656040728192368 0.0197448734383709 0.037742339439121864
23 0.6259474808676687 0.6674089122583589 0.019767599336070064 0.041648589439121864
23 0.6048582760472085 0.6692956388526105 0.0189818041565303 0.04082639586155708
23 0.32288156820168623 0.6934512703535306 0.03604658430895542 0.020633404567984216
23 0.15026167963800474 0.7087498009953682 0.02901078912941557 0.0194836623699004
6 0.3222366735878805 0.7169297139310955 0.03843124092481372 0.027787485300678937
6 0.14882644466511938 0.730706688150498 0.029810219847574836 0.02264960594746519
6 0.024607694665119376 0.7372167169833131 0.01821418969514968 0.043129202283992286
6 0.05976394466511938 0.7353742559928937 0.015125551131468162 0.049215427973732774
6 0.04335769466511938 0.7362340711217562 0.01743748487468949 0.04386950870642732
6 0.077741785024199 0.7359950537089016 0.01823237041330892 0.04625420228399228
6 0.6918088302037388 0.7045946517429093 0.016638054156530302 0.04070356512886235
6 0.7121349657423582 0.7058738687262224 0.019790325233769224 0.045554839439121864
23 0.4583559807694728 0.7410555314348072 0.028179542154477842 0.01084896879233561
6 0.4888838181034904 0.7496149819097769 0.019018165592848746 0.047076395861557076
23 0.7115537036421099 0.7402898123037873 0.008734650565734015 0.02466912935321357
23 0.6920360891807292 0.7436571517429093 0.011864195745273953 0.02561415366347326
6 0.6412775650784284 0.7502247342846261 0.08188177995603355 0.11285188206674715
23 0.4553627909761273 0.7638755557450666 0.016478972872636888 0.013359815128862352
6 0.07191448672140122 0.8089788523294207 0.0158249878997516 0.035193871551297565
6 0.05395937226002064 0.8122643046134128 0.01899089451560987 0.04238889586155707
6 0.12822811923495853 0.8169684147447496 0.09439541549465287 0.11585072930778502
6 0.7133889144144984 0.7870829251486575 0.02053521379745078 0.03934578301668683
6 0.6458428661117006 0.8633012663968017 0.09588519262201593 0.10343261646291495
6 0.07417239919099197 0.9284282151742909 0.028978972872636934 0.014014912369900401
1 0.467141149190992 0.9078335956591583 0.05508747579950324 0.07161605042954129
6 0.027301944370531784 0.9316660798281834 0.03523806323171656 0.015904960990419426
6 0.032875233499947386 0.9493482247852294 0.03449771984757484 0.022895267412854636
6 0.0727235286794872 0.9480413523294207 0.025894879488495226 0.020882388059640888
23 0.03457408888614165 0.9727038376300996 0.020353406615858282 0.008095783016686653
23 0.06895363406568147 0.9716835702172449 0.014866475897699027 0.004684177973732773
6 0.3173729533475222 0.9555385125516145 0.07376475292686617 0.06009869629109836
6 0.03391101355417668 0.9930572812076643 0.01879545179539809 0.008795145861557075
1 0.4836619276930971 0.00044819976870106025 0.12200681020665449 0.0008963995374021205
23 0.3250909035907962 0.002461348937503842 0.018036927693097126 0.004922697875007684
23 0.1454215843089554 0.01132177182285383 0.03684146984757484 0.02264354364570766
23 0.39702953610435354 0.005763162597043024 0.01721022589769907 0.004807008706427271
6 0.3626772620020525 0.011470930009897568 0.021929542154477667 0.010521420171816526
23 0.32753919272021176 0.016438391000316983 0.021157382513557366 0.012042976594251653
6 0.14319600897699045 0.0315698253056277 0.036060219847574834 0.02297715456798429
6 0.39947782523376907 0.023609081864348395 0.014126132513557276 0.011674484396167773
6 0.6034522529268662 0.041592199231774415 0.08815450585373234 0.08318439846354883
1 0.7635766866700876 0.016839812585685895 0.024477825233769047 0.03367962517137179
6 0.14330509328594584 0.05031982530562771 0.035283515027114645 0.023717460990419426
6 0.8183141836450254 0.016507074289574895 0.023560219847574615 0.022322057326946275
6 0.9503999757995032 0.018962609681110864 0.007199421642972936 0.029274742198083882
23 0.14266474385167993 0.07457951888319259 0.029010789129415616 0.0194836623699004
23 0.8161204245698391 0.042411155022269525 0.025063632513557366 0.012247694482076032
23 0.2700357649289188 0.0725932157401178 0.031399990924813714 0.027418993102595036
9 0.03144193930236622 0.3013569516056088 0.06209808342519263 0.6027139032112176
23 0.14433632816063535 0.09324763172806283 0.03448408430895542 0.020551517412854547
6 0.2702130269309713 0.1030619657401178 0.02042158430895542 0.01981453301668674
6 0.3452266624695907 0.10147513229388971 0.09528120462406839 0.13386042288535
6 0.14446359318774998 0.11512263172806284 0.035310786104353474 0.028404960990419427
28 0.8859516564194665 0.09032967661899556 0.062182358313060605 0.08292204262762519
28 0.7234971082148647 0.10665844075248976 0.06144656010845857 0.09069359905006032
23 0.2695999485739443 0.1320091593176827 0.01805056323171659 0.015004202283992107
23 0.26971357806243945 0.1515404093176827 0.018809087334017517 0.011138895861556985
6 0.14242437021691717 0.16758921246075748 0.029823855386194253 0.024993355947465278
23 0.8074771984757485 0.16868372795304803 0.028193177693097128 0.013192718792335523
6 0.14509537314378343 0.22371638172806282 0.029801129488495226 0.021087105947465278
6 0.26865559299135827 0.2383410464728124 0.021974993949875808 0.018333920171816585
6 0.3616652496072165 0.24050001074259217 0.09676189139235189 0.11987981004047973
23 0.2688737616092691 0.2758410464728124 0.021920451795398144 0.008958920171816587
6 0.14387376160926907 0.2823920188831926 0.029801129488495226 0.021087105947465278
23 0.27447886699546337 0.2989919414298583 0.019603972872636887 0.013523589439121863
23 0.1323640898681003 0.3189436725466657 0.007190331283893325 0.0277122421980839
6 0.15111863504764012 0.31874227668510874 0.01661532825883123 0.03679731512886235
6 0.2753919272021178 0.32160724785229344 0.016478972872636888 0.013359815128862352
6 0.9900260780624395 0.2880091808028671 0.019947843875121052 0.018333920171816585