1 0.9493194980600148 0.9086611855485061 0.10136100387997046 0.18267762890298797
23 0.36723909889549844 0.8814635204650724 0.03475434338392898 0.0493758802577247
23 0.4562697653974013 0.8853498383074682 0.023353928364900866 0.0565742265942518
23 0.7280492649031097 0.8972544533000448 0.03338284437251211 0.053981493102595125
23 0.2951730979069153 0.8730092113291036 0.039441843383928976 0.04962154172311415
23 0.7014549314050125 0.8950811216628392 0.02875901136870649 0.055298331637205676
23 0.40295376440881814 0.8778781750330567 0.030688925893442943 0.0452649123699004
23 0.8115156809107209 0.8985104160994866 0.02944476087441501 0.05299552521477082
23 0.7826094309107209 0.8969955037295863 0.035168178859192524 0.059532130257724705
23 0.33013834691833216 0.870164172319523 0.030848093383928975 0.0491711623699004
23 0.4316053464240405 0.873143087402957 0.028200595855386902 0.06072613805964089
9 0.9203893903416297 0.6789083242855156 0.15922121931674055 0.19074890999505137
9 0.9157589456651063 0.4055117678630805 0.16848210866978733 0.17504202283992143
1 0.4479639506080223 0.18407062132415491 0.4763555474519924 0.24948425938379581
9 0.9070630834980971 0.12722299355282096 0.1858738330038058 0.1659945714604405