9 0.35659075897161063 0.8497221975342939 0.13005089182450452 0.2835671737898611
9 0.06254232862954343 0.769606493102595 0.06765702669174571 0.12983798620519008
9 0.1690523138007958 0.7050260939616777 0.12534478167184263 0.5507170522385636
1 0.5151487223940332 0.6849647359780475 0.17076212205284094 0.19215095771105908
9 0.06322146646253417 0.6332152917231141 0.08009335969555131 0.12893058344622813
9 0.3450033656642314 0.5653471975342937 0.14658447581689327 0.28755198891872347
9 0.05752327030313612 0.49337154172311404 0.08053902866891208 0.13986808344622811
1 0.5154511754363325 0.46279980890882594 0.17375978806045217 0.18918973202131859
9 0.23797082117798857 0.3492508067611194 0.45349902619745414 0.14772036352223877
9 0.18396245901097932 0.2099935549520971 0.35738803015178683 0.16139335990419418
1 0.5863897806460784 0.17573357813070284 0.2688733112921568 0.3040954370188442
9 0.18148476334587285 0.07265732926235659 0.3629376931936485 0.14453340852471316
23 0.4146010108744149 0.07318070895425449 0.04814833992388774 0.033706614653892554
9 0.07001127182319193 0.8955105738352896 0.07228085969555131 0.12852114767057934