1 0.17578125 0.434375 0.084375 0.146875
1 0.05703125 0.434375 0.08828125 0.14765625
1 0.3375 0.440625 0.12890625 0.159375
6 0.296875 0.5765625 0.04140625 0.0453125
6 0.284375 0.10625 0.025 0.07109375
1 0.178125 0.16171875 0.0859375 0.1484375
6 0.58515625 0.16171875 0.01875 0.07109375
1 0.059375 0.16484375 0.08984375 0.153125
1 0.3375 0.2296875 0.12890625 0.140625
1 0.4984375 0.23515625 0.1484375 0.24765625
1 0.69453125 0.23671875 0.1453125 0.2453125
6 0.24375 0.2375 0.02421875 0.0609375
6 0.115625 0.24140625 0.02578125 0.05546875
6 0.00625 0.3578125 0.0125 0.0546875
6 0.12109375 0.36015625 0.021875 0.05546875