23 0.2375 0.00078125 0.0171875 0.00078125
23 0.19140625 0.00078125 0.0203125 0.00078125
6 0.21640625 0.00078125 0.0140625 0.0015625
23 0.30625 0.00078125 0.015625 0.0015625
6 0.32890625 0.00234375 0.0171875 0.0046875
6 0.275 0.00703125 0.03984375 0.01328125
6 0.20625 0.0203125 0.046875 0.0140625
6 0.3078125 0.02109375 0.04296875 0.01328125
23 0.253125 0.0203125 0.0421875 0.01640625
6 0.3703125 0.06484375 0.01640625 0.0296875
23 0.4125 0.0890625 0.015625 0.03203125
6 0.8078125 0.1109375 0.015625 0.03671875
6 0.521875 0.115625 0.0140625 0.03671875
23 0.41328125 0.12734375 0.0109375 0.03125
23 0.43125 0.12734375 0.015625 0.0296875
23 0.53359375 0.14453125 0.0375 0.01328125
23 0.4015625 0.21484375 0.01640625 0.03203125
23 0.4203125 0.2140625 0.0171875 0.03046875
23 0.4375 0.21484375 0.0171875 0.03046875
6 0.1875 0.240625 0.01953125 0.034375
6 0.2125 0.2421875 0.01796875 0.03984375
23 0.23359375 0.2421875 0.01796875 0.03359375
23 0.27578125 0.24296875 0.01640625 0.03203125
23 0.29453125 0.24375 0.01875 0.03203125
23 0.25390625 0.24375 0.01484375 0.034375
23 0.3765625 0.24609375 0.01875 0.03671875
23 0.2109375 0.28359375 0.01875 0.03203125
23 0.18671875 0.28359375 0.01796875 0.034375
28 0.31640625 0.30390625 0.1515625 0.0734375
23 0.19765625 0.33203125 0.0171875 0.03046875
23 0.17734375 0.3328125 0.0171875 0.0296875
23 0.42109375 0.3515625 0.01796875 0.0359375
28 0.31484375 0.3890625 0.1515625 0.07421875
28 0.28359375 0.53671875 0.0546875 0.03671875
28 0.34296875 0.5390625 0.05625 0.0265625
23 0.28984375 0.5640625 0.03828125 0.0140625
6 0.509375 0.56484375 0.0453125 0.01171875
6 0.34296875 0.56484375 0.04140625 0.01328125
23 0.5078125 0.57890625 0.040625 0.01171875
23 0.28671875 0.58046875 0.0390625 0.0109375
23 0.34609375 0.58046875 0.04609375 0.0109375
23 0.24453125 0.58125 0.03984375 0.0125
1 0.42421875 0.5875 0.10234375 0.05625
23 0.50859375 0.5984375 0.04453125 0.0140625
6 0.5078125 0.61328125 0.04296875 0.0140625
23 0.3890625 0.6375 0.0171875 0.0296875
23 0.36875 0.6375 0.015625 0.03203125
9 0.25390625 0.66796875 0.1359375 0.1015625
23 0.4265625 0.78125 0.040625 0.0109375
23 0.37578125 0.78125 0.0390625 0.01640625
6 0.375 0.796875 0.0421875 0.015625
6 0.4265625 0.79765625 0.04375 0.0140625
1 0.4203125 0.84140625 0.1546875 0.06875
23 0.30078125 0.86328125 0.01328125 0.0296875
23 0.284375 0.86328125 0.01640625 0.03203125
6 0.3625 0.8859375 0.04375 0.01484375
23 0.3328125 0.909375 0.015625 0.03046875
23 0.37265625 0.91015625 0.01796875 0.03046875
23 0.35234375 0.9109375 0.015625 0.03046875
9 0.75234375 0.9234375 0.4953125 0.10625