1 0.5599071641389204 0.9843578610435351 0.06894998789975162 0.03128427791292978
23 0.8582855768049029 0.9954311010156914 0.03523806323171641 0.009137797968617179
23 0.6418656912662836 0.997363382047127 0.019581246974937905 0.0052732359057458215
23 0.7809372816253631 0.9961985852568602 0.024286927693097128 0.007602829486279461
23 0.6231247816253631 0.9957395221233394 0.024286927693097128 0.008520955753321147
23 0.8090713719844427 0.9945294037578865 0.019622153590796287 0.010941192484227003
23 0.7621918268049029 0.9951697531921525 0.022738063231716586 0.009660493615695032
23 0.7278077364458234 0.9968025732548078 0.0399028373340176 0.006394853490384378
23 0.8584446580887963 0.9696589413747712 0.02926986436318444 0.06068211725045778
6 0.8572139561952022 0.913611628211949 0.026044870413308985 0.04546249092481354
6 0.854502567533325 0.8424996974937897 0.022942596311008145 0.049350560206654494
23 0.02123152528065133 0.7821812409248137 0.024550548106406046 0.05717215056573401
23 0.043115615639730945 0.7807460059519282 0.02769372882456529 0.060315331283893416
6 0.004055814577157272 0.7773801114363185 0.008111629154314544 0.046166472872636886
6 0.24014060656454467 0.7561101411959601 0.047043171642972934 0.029178960772388508
23 0.13701560656454465 0.7555101774967053 0.05564146682251274 0.030010207747326413
23 0.8574644619507389 0.7362633330324092 0.030032933645025395 0.0595477168225127
23 0.23560309748935832 0.7303016201187214 0.047006810206654495 0.022928960772388506
6 0.18952752820751756 0.7269084545258726 0.04155169574527391 0.025240894515609825
23 0.23893263056864972 0.6951635508368805 0.052484650565734016 0.02452327702916719
23 0.18816047092772936 0.6933056141667929 0.05406078610435348 0.02687611738824671
1 0.5155405823640479 0.688960044393973 0.40105097823539 0.4515367915653023
23 0.18834682328886151 0.661274364166793 0.05411078307929138 0.035469867388246715
23 0.8509922690341355 0.6401286764165509 0.04937783128389341 0.02763009631100797
23 0.8009922690341353 0.6398377849260031 0.040779536104353656 0.026798849336070064
23 0.848798509958949 0.6143337908779315 0.04541249394987581 0.017451120413308985
23 0.7997070249860638 0.5921724445669235 0.04695226805217665 0.013553960772388508
23 0.8497115701656035 0.5916820860574713 0.053252265027114734 0.02218407220870695
23 0.8451558803722581 0.5689985649802324 0.04385453912941557 0.018223280054229286
23 0.8014558773471959 0.5601502849260032 0.03528351502711473 0.02207953307929138
6 0.8476768923743105 0.5385434505188519 0.04231021984757462 0.021339189695149585
23 0.799275753810629 0.5320116493873837 0.04462669877033605 0.016665325233769224
23 0.8462507477605048 0.5150968601597723 0.04305965359079593 0.015874984874689524
23 0.8041132447354427 0.5062576704646226 0.04772897287263689 0.012777255951928268
23 0.8455967627876195 0.4932173149802324 0.03842669574527378 0.025222713797450603
23 0.8621620940715129 0.46596901375056843 0.04776533430895569 0.01902725595192827
6 0.9460603711006801 0.41411159796132796 0.02520907825883114 0.03608294574527395
6 0.8820115066392994 0.4113951432390636 0.022174981849627427 0.05168976502711473
6 0.8546768469983789 0.4096735619551703 0.01822782523376887 0.04463578912941557
6 0.9195205969983788 0.41005081185697445 0.022193162567786827 0.054814765027114555
23 0.29458422951193636 0.39547716822512735 0.01903634631100797 0.04932783430895542
23 0.9448296692070859 0.35707125760224834 0.020667024004104917 0.061055674668035034
23 0.9198433047457055 0.3545820618569745 0.011178394515609823 0.04146988251355736
28 0.1629398406536672 0.19392323770335987 0.05889373184962739 0.05190338846548563
23 0.2606869942444634 0.17886638514583597 0.052525557181592394 0.03155452702916719
23 0.26007391588743634 0.14995558996629615 0.050940331283893234 0.02763918667008758
23 0.336668232144215 0.14493226756119743 0.022211343285945873 0.05793976502711464
23 0.18044550322145383 0.13933573165323568 0.0253136173882468 0.05405169574527387
23 0.15155743393961307 0.13604256001026274 0.02380565954272451 0.06341760538619426
23 0.22421822911915287 0.13568401170746497 0.022215888465485632 0.058721015027114645
23 0.20000402429869268 0.1347618611417309 0.024568728824565244 0.06029715056573406
28 0.30078981947823247 0.1345669393023662 0.038653954722264315 0.0642852137974506
23 0.42588072306902863 0.11966916802873565 0.024536912567786652 0.054828400565734056
23 0.4438721989667277 0.11586745715815125 0.021421002926866172 0.05637271984757484