23 0.03737780103327228 0.11242661160725691 0.028356804156530257 0.04049836664125004
6 0.06175108713762578 0.1384254139439583 0.020489762002052547 0.030941528685347254
28 0.024341990728421962 0.15492323613229164 0.046321008976990444 0.04013534393982643
6 0.059584599139678326 0.1689487153307291 0.016578966822512742 0.030069359707395816
23 0.05902099687674204 0.07207371533072912 0.02520907825883121 0.03651938145888891
23 0.032467587235821646 0.0742544643807986 0.016574421642972938 0.02928810970739586
9 0.5662083456236369 0.49434045692512135 0.1932769231950971 0.9886809138502427
9 0.2733486799325923 0.5155834067257636 0.193063299756726 0.9606141109416668
9 0.4186611799325924 0.5122012207459719 0.12431329975672618 0.9590139369297223
28 0.011482921544777064 0.0934954268617361 0.022329517953980887 0.07863414627652779
23 0.059216439596953815 0.1056674653307291 0.01971305718159235 0.031704594889756965