6 0.7673598603944463 0.683563410795282 0.014607970779006862 0.031659176959604095
1 0.9419371205407161 0.7026901808535418 0.09197108603812651 0.12448918613080409
6 0.7924865454596383 0.7203132530360079 0.014621607548481918 0.0324404269596041
6 0.8685308482195818 0.7477730118114965 0.044022735389503256 0.016897994985435004
6 0.8659007260606032 0.7642474579714305 0.04084318831160268 0.013682066772189572
23 0.9161774155900219 0.7916761245061934 0.01697899431795733 0.03328987311953817
6 0.8982223023594971 0.7914177117323542 0.016951720779006862 0.031727373119538174
23 0.9364762788205467 0.7918663411200985 0.013826720779006508 0.031636444906292735
23 0.8770876420510716 0.7943752271717605 0.015484678165332966 0.037150659012915456
23 0.8606677552815963 0.7956338502912986 0.01618410754848192 0.03248589106622681
6 0.8120938875868446 0.8048557375966017 0.047847164772652204 0.012324155251991797
6 0.8095046757362916 0.8189864337565357 0.04396818831160267 0.013772994985435005
23 0.909300124194164 0.8277954809326842 0.01697899431795733 0.03328987311953817
6 0.9295989874246888 0.8279856975465893 0.01463524431795733 0.03322167695960445
6 0.8647006903467881 0.8329974579714305 0.015443767856907441 0.03480690901291546
6 0.9670444403467883 0.8300195589876449 0.036496607548482274 0.03307692445232178
6 0.8912631903467882 0.8322245681588448 0.018582404626382498 0.03567908722616053
6 0.24891204911308612 0.8602853159807669 0.017019904626382677 0.035633623119538174
6 0.7431842004930579 0.8607396762346884 0.04953239569792896 0.01940086935861416
6 0.9616751018730298 0.869218451307513 0.04555796185055314 0.015380959092057722
6 0.9567012297140511 0.885761093627381 0.04559887215897866 0.01772470909205772
6 0.42457452232772497 0.906710371932404 0.015498314934808199 0.03793190901291545
6 0.11987338555824975 0.9163571227238269 0.020144904626382677 0.03572455133278325
6 0.21984611201929943 0.915009919899975 0.02093979139585782 0.03652853338609461