6 0.21511796339667288 0.5842357971472971 0.042243157981717336 0.019897277088305288
6 0.9050687212545558 0.5207830335029552 0.04235231989237605 0.022241027088305287
23 0.9557943132728383 0.5004127214684619 0.03960830955329371 0.013538115177646404
6 0.9575194791124385 0.4870223095578032 0.03446704528527036 0.020314654052775792
23 0.9026864298982268 0.4864444208065081 0.03993579528527036 0.020569365177646404
6 0.9582814584342743 0.46976203495069735 0.038300520678164675 0.01893409057054072
6 0.9002506346129564 0.467767195413614 0.04064427067816467 0.019043252481199424
23 0.1731572876322752 0.43977947580717897 0.037446496071058544 0.01733520326698752
28 0.9678040169552382 0.38504027854055645 0.06439196608952358 0.08897691687305756
6 0.19270565425766373 0.42242715591480273 0.04142552067816441 0.019079639784752266
23 0.14497662965055785 0.4230842814315315 0.03361302067816441 0.01871576674922295
6 0.8594201193114757 0.38119614868060164 0.04068065798171716 0.019824502481199335
23 0.9004624962759463 0.37145512159229643 0.01637201674922295 0.03350385876750561
23 0.9534761803125116 0.33297051034359143 0.04049872146395259 0.015918252481199335
23 0.8628147930089586 0.33641018755573115 0.01946062944566975 0.03286815798171734
23 0.9541653850272415 0.3141477357364856 0.041389133374611475 0.01829838978475227
6 0.8527612427612897 0.23822739868060167 0.04384204528527036 0.020751301695411062
23 0.7824829760120666 0.20861698139325938 0.017080492142117265 0.03197774607105854
23 0.8011965887085137 0.2069624361079891 0.019642565963434677 0.03677440798171734
6 0.6564470148871961 0.20900658726528087 0.019642565963434677 0.03677440798171734
6 0.2546661910658786 0.22302216129148622 0.016299242142117087 0.03194135876750561
23 0.2711088283694315 0.22303927791687475 0.016262854838564246 0.031160108767505613
23 0.28822355376232567 0.22067625723871034 0.017298815963434678 0.03666524607105863
23 0.30697355376232566 0.21980296195344 0.014882291356328814 0.03499358416039975
6 0.3256507791552198 0.21736716666816974 0.022767565963434676 0.03691995719592907
6 0.2374594203877142 0.20659879466609773 0.01875215405277597 0.034394270678164404
28 0.8895484592628436 0.1707466461994023 0.1594713533908223 0.09317857340703281
6 0.7878767973521849 0.17313324566128302 0.03599315798171734 0.01960617865988179
6 0.2009761108344202 0.19655386062953245 0.0196789532669877 0.03755565798171734
23 0.17977319892376148 0.19519256782546154 0.017898129445670107 0.03279538337461152
6 0.7787543544242794 0.1453721186968123 0.022694791356328993 0.035357457195929066
23 0.9928858304898227 0.07658992370199227 0.014228339020354497 0.03513913337461152
6 0.6733540709258335 0.08451385546224596 0.019278692927905537 0.028961907981717362
6 0.15525723572746716 0.946395502895484 0.03993579528527027 0.020569365177646404
6 0.8461133680686214 0.8351409400369306 0.012992305624352695 0.027889559553293707
6 0.7404412568199163 0.785256564105917 0.01124786910658777 0.02391053494618802
6 0.7046300353559636 0.7728314927657989 0.012519270678164496 0.017733309553293886