23 0.31459828814944696 0.00958428549766591 0.014553423701106105 0.01916857099533182
6 0.5239908790588375 0.042536560174779144 0.040884098620028196 0.016025816772189717
23 0.8532965495135325 0.054818633677393425 0.016965357548482274 0.03250862311953815
23 0.8321755259745824 0.05699489911679963 0.017019904626382497 0.035633623119538146
23 0.425117002435632 0.07040079889200805 0.03851307508107791 0.014395120612255674
23 0.4240766538156038 0.08526728094531939 0.039280688311602675 0.013636602665567033
6 0.3764067670461286 0.08743518619731117 0.03774546185055305 0.01515363855894436
23 0.6355908522734761 0.0908256444979461 0.03618296185055314 0.015108174452321665
23 0.37617494196505075 0.10071643619731116 0.03849943831160267 0.013613870612255673
6 0.4956925551955755 0.09801968204067606 0.01776024431795715 0.03331260517284949
23 0.4245988051955756 0.10008829889200806 0.035374438311602675 0.01352294239901033
6 0.20734312134819968 0.11031405971256074 0.0440090986200282 0.016116744985435093
23 0.8517789139618734 0.09702886573070477 0.017705697240056394 0.030187605172849484
23 0.830657890422923 0.09920513117011096 0.018500584009531452 0.030991587226160845
23 0.37592948011449767 0.11477893619731117 0.041624438311602674 0.013704798825501064
6 0.42588856980607215 0.11566783478538537 0.041624438311602674 0.013704798825501019
6 0.907138569806072 0.10166488994559959 0.017842064934808378 0.038000105172849484
6 0.3156641359586963 0.12277930430228441 0.04399546185055305 0.015335494985435094
23 0.3733266314944694 0.12969088235724519 0.03618296185055305 0.015108174452321687
6 0.424066971186044 0.13055704889200806 0.03848580154212762 0.012832620612255674
6 0.3145965137997177 0.13920828635559573 0.045544325081077905 0.014599709092057721
23 0.8262061696439165 0.13056879143666766 0.01611592370110628 0.02857964106622681
23 0.8488078725660155 0.13303456189063878 0.018527857548482275 0.0325540872261608
23 0.4214777593354908 0.14468774505194207 0.039321598620028195 0.015980352665567032
23 0.3752885519491646 0.15149768619731116 0.04165171185055314 0.015267298825501064
6 0.7143237784102142 0.14319447506018937 0.04953239569792878 0.01940086935861447
23 0.904153891640739 0.1384518361055336 0.017719334009531452 0.030968855172849485
23 0.31664025487126396 0.1563275901956617 0.03848580154212762 0.012832620612255674
23 0.3726311562512358 0.1695346323572452 0.03695057508107791 0.014349656505633001
23 0.4272913827122854 0.16950588862545135 0.051876145697928956 0.019469065518548455
6 0.715545359173335 0.1626802609535667 0.0463528486200282 0.01618494114536908
23 0.19436978855648404 0.18253004051223082 0.04085682508107791 0.014463316772189705
6 0.23811978855648402 0.18125704552679575 0.043186938311602675 0.013750262932123735
6 0.432487397322782 0.18497176425227196 0.04477671185055314 0.015358227038746407
23 0.1941106899364558 0.19737379051223086 0.037690914772652385 0.012028638558944316
23 0.8870794399364559 0.17721045922507175 0.01619774431795733 0.033267141066226816
6 0.2378470531669806 0.19688204552679575 0.04632557508107791 0.014622441145369081
6 0.8636146663975055 0.17945492082441197 0.018555131087432387 0.0341165872261608
23 0.8448373928585552 0.18156299010388416 0.017732970779006863 0.031750105172849485
23 0.9057748928585552 0.17978988994559958 0.01691081047058134 0.029383623119538172
23 0.3197828457806544 0.199963929929105 0.04398182508107791 0.014554244985435094
23 0.31871522362167587 0.21639291198241634 0.04165171185055305 0.015267298825501019
23 0.263795898540598 0.2312654057142102 0.04085682508107791 0.01446331677218975
23 0.37158112500164764 0.22969088235724516 0.03923977800317724 0.011292852665567033
28 0.8644816911542719 0.2192532067177893 0.05535570170428343 0.03987249373179384
23 0.3690191866900449 0.2422590785171792 0.03925341477265239 0.012074102665567032
23 0.7430606586868678 0.2415266749810471 0.04240568831160267 0.013727530878812377
23 0.3695004277615912 0.25942384646386785 0.04165171185055305 0.015267298825501107
23 0.5584265600668396 0.26173518956252345 0.017732970779006863 0.03175010517284953
23 0.19825667329736432 0.27299591613905144 0.04557159862002824 0.016162209092057723
23 0.19644871144681125 0.2871038802456741 0.04473580154212757 0.013014477038746364
28 0.7362788246773361 0.27217728140753783 0.05536933847375849 0.04065374373179385
28 0.7917475746773361 0.27056330562243264 0.04996877232113448 0.044400869358614425
23 0.2186685848236058 0.3114446506996453 0.01697899431795715 0.03328987311953817
23 0.8035657362035776 0.30926209276945116 0.02009035754848192 0.03259955133278343
23 0.7793469862035776 0.30996678642210274 0.016951720779006862 0.031727373119538174
6 0.80218446834667 0.3436598248227625 0.018514220779006507 0.0317728372261608
6 0.7513895815771949 0.34591865828799967 0.043186938311602675 0.013750262932123735
1 0.7206793238665572 0.4053762263138306 0.11340970941492116 0.10012568362352177
23 0.6983037175358912 0.4794274917532368 0.01850058400953163 0.03099158722616089
6 0.6771826939969409 0.4816037571926429 0.016225017856907442 0.03482964106622681
23 0.7146826939969408 0.48051261863369865 0.01696535754848192 0.03250862311953817
23 0.02754515828312591 0.5692213614410557 0.037745461850553066 0.015153638558944494
6 0.002787350448399859 0.5818039294668866 0.005574700896799718 0.012954641066226813
23 0.02731333320204802 0.5825026114410556 0.037718188311602716 0.013591138558944494
23 0.086606512585197 0.5854624753893938 0.04476307508107789 0.014576977038746363
23 0.08322241396516877 0.6003971536026391 0.03614205154212755 0.012764424452321598
6 0.02775366396516877 0.6020111293877444 0.0432414853895034 0.016875262932123648
23 0.02594570211461571 0.616119093494367 0.03848580154212755 0.012832620612255851
23 0.08216842857566536 0.6160448856559505 0.04088409862002822 0.016025816772189748
23 0.024110466725112308 0.6317895576009896 0.036964211850553055 0.015130906505632957
23 0.66610705195246 0.6240413097790677 0.015389220779006863 0.031681909012915455
23 0.22937466518298474 0.6375297775801071 0.01776024431795715 0.03331260517284953
23 0.2090485284135096 0.638902060966202 0.017705697240056394 0.03018760517284953
23 0.7215212548745592 0.6255523339939625 0.01930910754848192 0.032576819279472244
6 0.6840212548745592 0.6266434725529069 0.014662517856907442 0.0347841769596041
23 0.7011951181050841 0.6269246173800574 0.017732970779006863 0.03175010517284953
23 0.024632618105084082 0.6466105755476783 0.037718188311602716 0.013591138558944315
23 0.005540304892769168 0.6902840192003299 0.011080609785538336 0.01081547954602886
23 0.06368543547552422 0.6907637408288 0.043241485389503384 0.016875262932123648
6 0.006404364044599015 0.7051050371470186 0.01280872808919803 0.014789925705962936
6 0.06157746469651741 0.7220592049354227 0.04244659862002824 0.016071280878812287
23 0.06673256899858851 0.7398688305622432 0.05424716923687924 0.021099761678482664
23 0.7033598157521777 0.7713194750601893 0.041624438311602674 0.01370479882550093
6 0.7931899289827025 0.7694865389293852 0.0455715986200282 0.016162209092057723
23 0.5385024289827024 0.7768971883088822 0.016938084009531628 0.03094612311953817
23 0.7486450422132273 0.7715635159681316 0.037731825081077905 0.014372388558944316
6 0.5378751375868447 0.8128346883088822 0.015416494317956974 0.033244409012915456
6 0.5151916140478943 0.8150564178549111 0.01935001785690744 0.03492056927947225
23 0.2398779683499654 0.841026850620503 0.015389220779006774 0.031681909012915455
23 0.2586279683499654 0.8404812813410307 0.018527857548481918 0.03255408722616089
23 0.8705961343404338 0.8531281015449398 0.018486947240056395 0.03021033722616089
28 0.07787680033090214 0.9066471536026391 0.05458808847375849 0.04063101167848231
28 0.13567566356142696 0.9057462316576 0.05149036201270887 0.042102583465236876
28 0.19348816356142698 0.9040640597125608 0.0585488855516592 0.0438696719450391
23 0.013746116483526282 0.9124174319741691 0.014580697240056461 0.030096676959604097
23 0.03482622971405112 0.9125849165347628 0.013799447240056462 0.030073944906293094
9 0.25198645617510074 0.9078279057142101 0.06017561525911965 0.09232990399835046
23 0.07734496632137051 0.9371159036026391 0.03618296185055305 0.015108174452321776
23 0.12186257955189532 0.9366014265638928 0.03616932508107791 0.014326924452321777