23 0.7916530814465688 0.7704363970204735 0.016629084486680414 0.006041668874474127
6 0.7542167484427631 0.7701834258764141 0.027231003460041057 0.017333832939624472
23 0.9644048319408605 0.762063357912914 0.00600991946765248 0.013472222958158041
6 0.9379059989370546 0.7614284408525386 0.024074169961944135 0.016443455534962938
6 0.7956375858951931 0.7492335196158117 0.020821835969555204 0.013209328130301045
23 0.9645785868837763 0.7386531397640794 0.00835366946765248 0.013554068511654194
23 0.9364854203818733 0.7388540364060349 0.018478085969555025 0.013127482576804895
6 0.7614045073400117 0.7278049529182561 0.026290585969555025 0.013400301088459087
23 0.9373130913324005 0.7185415364060348 0.02225700197716627 0.010138891832631992
23 0.762582346769608 0.6988987029182561 0.014508168973360824 0.01142857332097762
23 0.9353022637658024 0.6913069138106965 0.01860541996194378 0.016252482576804894
23 0.7946772637658024 0.6962176470204735 0.02329291996194378 0.016416173683797552
23 0.7541305182144267 0.6765698351322411 0.031105419961943957 0.016688992195451745
23 0.7933203522068154 0.6720807425739699 0.025445668973360647 0.011810519237293704
23 0.8010837726630509 0.653866455913481 0.011941584486680413 0.0058779777674814685
23 0.7622441071497313 0.6497617984717523 0.02144391847906917 0.009330359981466429
6 0.03529824106557038 0.4356448341207509 0.009421420950527093 0.020612600362819578
23 0.05502049205415356 0.43027528784161523 0.008863005437207461 0.026054068511654194
6 0.1701480849437909 0.38100691942262815 0.020040585969555113 0.013182046279135662
6 0.74237325342286 0.35244285436953493 0.03692433844101295 0.0254737151536097
6 0.7846244204190544 0.3494071344066018 0.03536183844101313 0.02541915145127884
6 0.8213750039171517 0.3473436374018267 0.03686067144481875 0.0239112151536097
6 0.17390975490573482 0.3652727920179665 0.019195668973360735 0.011592264427970279
1 0.22722575589431798 0.35873012613871735 0.019655925399151376 0.04203373257680489
23 0.66426284087529 0.33566707133724316 0.034357753954332715 0.01992311960011346
6 0.8229839248676788 0.32700385555066125 0.03210950444862419 0.02218502404661713
23 0.1718034268448451 0.3403819194226282 0.026258752471457925 0.012619051088459088
23 0.6642137613315254 0.31772560318840853 0.038359504448624196 0.022403278855940557
6 0.6283399283277198 0.31741806834201824 0.036765170950527094 0.0215674651536097
23 0.8612797623201086 0.3061630766947207 0.028920837452429994 0.020513396641955416
23 0.8231258463124973 0.3043748874018267 0.034389587452429995 0.02070436960011337
6 0.8957502628144003 0.30261892524344186 0.020167919961944135 0.01630704627913566
6 0.6260107657801498 0.29799594574668 0.036733337452429994 0.020786215153609698
23 0.6635744327763442 0.2951239168907394 0.03686067144481875 0.02391121515360961
23 0.8246711002668302 0.28559760555066127 0.026163251977166624 0.010275301088459088
23 0.8598591837649273 0.28358867224821704 0.03214133794672165 0.02296627404661713
6 0.9006433512554132 0.27826376598761476 0.020821835969555023 0.013209328130301134
28 0.09211326825160768 0.30493798194383265 0.07228351828878873 0.08911955290255769
6 0.6277151872249684 0.2753124138955146 0.03601575444862419 0.022321433302444228
6 0.6636845207230657 0.2732761987419049 0.03132825444862419 0.022157742195451746
23 0.8285282707230657 0.26751972814599956 0.019849584980971714 0.008494546279135661
23 0.8607186882135516 0.262494922248217 0.021475751977166623 0.010111609981466606
6 0.8966880217116489 0.26045870709460733 0.013631418479069169 0.009057541469812237
23 0.5356377751716899 0.2566839541842005 0.018478085969555025 0.013127482576804895
6 0.6293559416735928 0.2541913820443491 0.023101918973360825 0.011728673683797375
23 0.6645121916735927 0.2529636987419049 0.03214133794672147 0.02296627404661713
1 0.747547526160273 0.2446030725183695 0.06496044961943923 0.15829613883740717
28 0.2704266106469534 0.25580353358044594 0.06954052026595506 0.09838542549789597
23 0.18002444513363383 0.2534994783156356 0.01707475346004115 0.016979168874473947
23 0.6646222796203143 0.23111598059307026 0.03301808844101295 0.025337305897782512
6 0.6294978631184114 0.23156241389551457 0.015225751977166269 0.009893355172143181
6 0.8264683636127028 0.2223436374018267 0.03214133794672165 0.02296627404661713
23 0.550065031103189 0.22809516271438818 0.018414418973360824 0.011564982576804893
6 0.629480617072744 0.21283969574667996 0.01200525148287479 0.007440477767481468
6 0.6663585345632301 0.20765119874190482 0.02716733646384668 0.01577133293962456
23 0.8640784515594244 0.19918639039705158 0.01760133547526337 0.01075645072563942
6 0.3906727850575217 0.21493794220330092 0.10723152125453819 0.10438245435383645
6 0.8993620355518133 0.19483370709460734 0.02163491946765248 0.014017859981466518
6 0.5478632025480076 0.20554804011904987 0.014412668479069168 0.009084823320977709
6 0.6327475385175628 0.19010160019318367 0.019881418479069168 0.009275796279135662
23 0.66559187201566 0.18817451244423572 0.03995383794672147 0.02323909255827141
23 0.18440553901185436 0.2034176327621393 0.022448002965749538 0.01482639183263199
23 0.039315873498534715 0.20302330707890887 0.01205167243340185 0.027725695916315997
6 0.8682221234985347 0.17407726299238988 0.026226918973360824 0.011837801088459133
6 0.901066456996632 0.17215017524344192 0.01825525148287497 0.007658732576804805
23 0.6297326264642843 0.1683630094490108 0.03357650395433272 0.019895837748947987
23 0.6680775434604787 0.16546369874190486 0.03601575444862419 0.022321433302444273
6 0.9049554609509645 0.1532910478387802 0.02013608646384668 0.015525796279135662
6 0.2838617109509646 0.1749801195152954 0.02482358646384668 0.015689487386128232
23 0.8706122944490617 0.15371019929005902 0.021539418973360824 0.011674109981466563
6 0.6673108809129085 0.1459870124442357 0.034294086958138334 0.018360619600113415
6 0.0432831319014917 0.1630977115254126 0.014459089429596238 0.02937004146981228
23 0.8730979658938803 0.13099938558772817 0.021539418973360824 0.011674109981466563
6 0.18247296589388048 0.15511654201796646 0.02479175296574949 0.014908237386128231
6 0.28566163289007485 0.14995283766412998 0.016724584980971978 0.008385418874473949
1 0.2364747163881721 0.1508903442875519 0.02059634288963732 0.04596726442797028
6 0.296023471331088 0.12540670545014482 0.020758168973360736 0.011646828130301134
6 0.5937115548291851 0.1142310701561168 0.035888420456235436 0.019196433302444228
23 0.6695246383272824 0.11080348059307028 0.03748275395433272 0.020032247004775128
23 0.6328058883272824 0.11208572759784538 0.034294086958138334 0.01836061960011337
23 0.7093683883272823 0.10941210618363346 0.02713550296574958 0.01499008293962456
6 0.6367903927759067 0.09088285019318368 0.016597250988583133 0.005260418874473993
6 0.7063216427759066 0.0884547654394606 0.023101918973360825 0.01172867368379742
6 0.668104059772101 0.08822907614656657 0.015162084980972068 0.008330855172143136
6 0.593885309772101 0.09082085200728221 0.0315510889353046 0.027626492195451678
1 0.5121405612549758 0.09653952788527777 0.13037454399195134 0.19307905577055554
28 0.10171239722453089 0.08850445009266723 0.06413543726214947 0.09975695253973793
23 0.5962436472245309 0.07123503830495137 0.012882001977166269 0.009811509618646852
23 0.6360873972245309 0.06984366389551452 0.021507585475263546 0.010892859981466562
6 0.6346031516731552 0.04883175944901082 0.024106003460041058 0.017224705534962838
23 0.5963855686693496 0.04860607015611679 0.01831891847906917 0.00922123257680485
28 0.27701348615983556 0.05585809728277681 0.06740501730020557 0.0842683617955651
23 0.1853353221293907 0.0465773557202973 0.02251166996194396 0.01638889183263198
23 0.6002109056274879 0.03130944275145508 0.016007001977166268 0.009920637023308554
23 0.6362120726236823 0.028491977597845393 0.019881418479069168 0.009275796279135695
23 0.6401329100761122 0.008851600193183682 0.01359958498097189 0.008276291469812274
23 0.5979772435742093 0.009913775164129961 0.030483337452429992 0.019827550328259922
23 0.8567619945627925 0.003493247035791139 0.03601575444862419 0.006986494071582278
6 0.3965884985171252 0.0006702391366132911 0.08804116946765231 0.0013404782732265822
9 0.9616537885175628 0.19587419263562106 0.0758793394667773 0.3917483852712421