28 0.5813839456651064 0.16767541666531355 0.05159167490485981 0.041682888964152065
28 0.5845381205699662 0.20681980382044332 0.054780341901054186 0.043409163274411536
6 0.4583722099995624 0.22905225067736854 0.016962006920082116 0.03363137155129756
28 0.584567295474826 0.24580041666531355 0.05377625741437377 0.037899469696846745
6 0.40754188045579803 0.24431872455808676 0.04829291996194378 0.018122558231457475
23 0.4383607989348672 0.2545092740831169 0.017552255931499162 0.028984815128862352
6 0.47458480041774187 0.2634239286511012 0.04266500247145792 0.01392970318850333
6 0.40817855041774187 0.2599437245580868 0.0450405859695552 0.014833783921197963
23 0.7357451349044223 0.2825678335577697 0.016930173421985016 0.03285012155129756
23 0.7170269684025194 0.2823664376962127 0.01374150642579064 0.03112384724103805
23 0.7537457184025195 0.28429078584176193 0.018460839923887917 0.03215075870642732
28 0.828841218896811 0.29056511928799 0.05640650889724839 0.04505355042954129
6 0.41031405338349136 0.2740881117132165 0.04813375247145792 0.014216308231457475
28 0.586190803877783 0.28564416666531356 0.05387175790866543 0.040243219696846744
6 0.40623138984733814 0.28868620024782726 0.04666675296574958 0.016478171076327718
23 0.40764930980928205 0.3043521438253921 0.03963550296574958 0.016109678878243817
28 0.7366510603035736 0.32393313998020484 0.05784167490485963 0.042010437584671045
6 0.40831781326932315 0.32075839382539206 0.0395718359695552 0.014547178878243815
23 0.40892264973316994 0.3356021438253921 0.03960366946765248 0.015328428878243816
6 0.50970389973317 0.3408838653312611 0.04194741946765248 0.015451259610938451
6 0.5102769026989195 0.3549463653312611 0.041947419467652305 0.015451259610938451
23 0.4112173201894054 0.35365278098052183 0.041261669961943956 0.017754066033373574
6 0.512412405664669 0.3690907524863908 0.04513608646384668 0.017177533921197963
23 0.409446573155155 0.3675924502478273 0.03879058596955502 0.014506235300678938
6 0.5107371591247101 0.3853741717536962 0.04025758547526355 0.012244372455808695
6 0.41242699311709885 0.38334028098052186 0.045853669467652305 0.01565597749876275
6 0.5121232455885567 0.40025886533126104 0.041883752471457925 0.01388875961093845
6 0.4114693295809455 0.3981021438253921 0.04119800296574958 0.016191566033373482
23 0.37695636121560716 0.5459730777920185 0.016930173421985016 0.03285012155129756
6 0.3144881947137043 0.5434788415868285 0.015558674410568152 0.037455734396167804
6 0.2629575282118015 0.5415578154675467 0.01689833992388783 0.03206887155129756
23 0.3317075282118015 0.5451608502932558 0.014554589923887829 0.03194604081860284
6 0.2434581117098987 0.5413154760284248 0.01614892342198502 0.032809177973732596
6 0.3560217787060931 0.5487738511977669 0.01764775642579064 0.031328565128862354
23 0.5115223622041902 0.5577028731331772 0.01680283942959626 0.029725121551297563
23 0.45217919570228754 0.5553724112382467 0.020931923916276674 0.035398589439121865
23 0.5763979457022874 0.5618824400710618 0.018492673421985018 0.03293200870642714
6 0.5983047792003846 0.5638101102428784 0.01618075692008212 0.033590427973732594
23 0.5365860292003847 0.5605755676152533 0.02002333992388792 0.03223264586155707
23 0.6162735292003847 0.5647518125268706 0.016993840418179574 0.03441262155129756
23 0.4803678626984819 0.5584088800305821 0.01686650642579064 0.031287621551297565
23 0.40436111961856414 0.5871679658516594 0.01917842292769336 0.03062920228399211
6 0.34646770657670245 0.6012846975342938 0.020087006920082206 0.033795145861557074
6 0.3613114565767024 0.6020626255080265 0.018683674410568153 0.03761950870642714
23 0.5772693790101042 0.6406658593383673 0.017615922927693362 0.03054731512886235
23 0.5546449625082015 0.6402597455889859 0.019991506425790638 0.031451395861557076
23 0.3636207144853678 0.6396035690855912 0.01761592292769345 0.03054731512886235
23 0.34727813148156217 0.6403062539567289 0.02230342292769345 0.03079297659425162
23 0.3463350553978388 0.6745584232240343 0.018620007414373772 0.03605700870642732
23 0.3667430558921304 0.677966706240721 0.020118840418179396 0.03457639586155707
6 0.40601114433314345 0.7041916915413999 0.04438666996194396 0.017917840343633175
23 0.23816972832553224 0.6985138223649516 0.04357358646384668 0.017095646766068028
23 0.40505348079699016 0.7189535543862702 0.04119800296574958 0.016191566033373662
1 0.32340423277415653 0.7240294787419582 0.11016817885919253 0.063462713703953
6 0.4064714007589341 0.7346194979638352 0.04276050296574958 0.01627345318850324
23 0.2409100677551285 0.7275019595200813 0.04122983646384668 0.01697281603337366
23 0.4078574872227808 0.7495041915413999 0.045167919961943956 0.017958783921197964
23 0.23845357121516964 0.7437444352098218 0.0434780859695552 0.014751896766068029
23 0.40921174018853035 0.7636076351189649 0.03654233646384668 0.016727154567984216
6 0.3001550751695023 0.7656880342598822 0.047575336958138335 0.019644114653892687
6 0.24865624216569668 0.7645482581406003 0.0507958374524299 0.02215163896415202
6 0.35487440866759956 0.7693353346894235 0.04832475346004106 0.018903808231457476
6 0.26115358357245927 0.8034027182265087 0.016212590418179396 0.03437167797373277
6 0.37690591756484804 0.8125873677061103 0.015335839923887828 0.03198698439616798
6 0.24399525847731907 0.8414825723649517 0.01614892342198502 0.03280917797373277
6 0.28230834197541627 0.8442700576656306 0.01995967292769336 0.030670145861557075
6 0.22449584197541625 0.8412402329258297 0.01614892342198502 0.03280917797373277
6 0.26277709197541627 0.8432464682265086 0.016180756920082296 0.033590427973732774
6 0.35887084197541624 0.8482825282669884 0.016180756920082296 0.033590427973732774
6 0.34096575897161063 0.8489033259829963 0.020900090418179397 0.03461733943912186
6 0.3011220089716106 0.8468152035271874 0.015526840912471052 0.03667448439616763
6 0.3206532589716106 0.8478387929663095 0.020150673916276673 0.035357645861557076
23 0.37693509246970786 0.8515679805509805 0.018460839923887827 0.032150758706427494
6 0.39571692596780506 0.8533318764125376 0.018588173916276585 0.0352757587064275
6 0.4378871799221377 0.874251886023476 0.04904233646384668 0.017382251809022264
23 0.23426743140501252 0.8705968622790433 0.04354175296574949 0.01631439676606803
6 0.43461759988408166 0.8896721681356515 0.04588550296574958 0.016437227498762752
23 0.23256035136695644 0.8860990315463487 0.038886086463846684 0.016849985300678938
6 0.4360355198460256 0.9053381117132165 0.04822925296574958 0.016560058231457474
23 0.23495052231748348 0.9064934187014785 0.04282416996194396 0.01783595318850324
6 0.4366403563098723 0.9201818617132165 0.04588550296574958 0.016437227498762752
23 0.23789910878133025 0.921459999434173 0.03885425296574958 0.016068735300678937
6 0.4364002757775246 0.9334221681356516 0.0426968359695552 0.01471095318850324
1 0.3294008592756218 0.9285941480092635 0.12497743676785786 0.10165875452255549
23 0.23531527824898255 0.9345774751239138 0.03807300296574958 0.016027791723114148
6 0.43622386224137133 0.9482249745580866 0.04126166996194378 0.017754066033373306
23 0.2351706982109265 0.9501615315463485 0.04041675296574958 0.016150622455808873
6 0.43767361570141244 0.9646721681356517 0.04747983646384668 0.01730036465389233
23 0.23580736817287037 0.9657865315463485 0.04048041996194396 0.01771312245580887
6 0.43668411866716195 0.9786527809805218 0.04588550296574958 0.016437227498762752
6 0.4388514551310087 0.9924845896931351 0.04591733646384668 0.015030820613729646
23 0.32907720710817506 0.990192579856069 0.016180756920082296 0.019614840287862024
23 0.3111084571081751 0.9894854726365079 0.019337590418179396 0.021029054726984242
23 0.27676529060627225 0.9887902623244719 0.018588173916276672 0.022419475351056307
23 0.23151645760246664 0.9891244549975255 0.02158583992388783 0.021751090004948993
6 0.25648462410436945 0.9892755018936935 0.015367673421985018 0.021448996212613026
23 0.34636020760246666 0.9921952233148913 0.01689833992388783 0.015609553370217456
6 0.36901645760246665 0.9927684334007996 0.018460839923887827 0.014463133198400868
1 0.4603273463496785 0.0857116864530173 0.16515410920125967 0.13104968340079956
6 0.32944210228117754 0.10691722184455328 0.043732753954332716 0.021001896766068208