6 0.7796875 0.70625 0.0140625 0.03125
1 0.9546875 0.73046875 0.08984375 0.121875
6 0.80546875 0.74375 0.0140625 0.03203125
6 0.88203125 0.7734375 0.04375 0.015625
6 0.8796875 0.78984375 0.040625 0.0125
23 0.93046875 0.81875 0.01640625 0.0328125
6 0.9125 0.81796875 0.01640625 0.03125
23 0.95078125 0.81953125 0.01328125 0.03125
23 0.89140625 0.8203125 0.01484375 0.03671875
23 0.875 0.82109375 0.015625 0.03203125
6 0.8265625 0.82890625 0.04765625 0.0109375
6 0.82421875 0.84296875 0.04375 0.0125
23 0.92421875 0.8546875 0.01640625 0.0328125
6 0.94453125 0.85546875 0.0140625 0.0328125
6 0.8796875 0.85859375 0.01484375 0.034375
6 0.98203125 0.85859375 0.0359375 0.03203125
6 0.90625 0.85859375 0.01796875 0.03515625
6 0.2640625 0.86796875 0.01640625 0.03515625
6 0.75859375 0.8828125 0.04921875 0.01796875
6 0.97734375 0.89765625 0.0453125 0.0140625
6 0.97265625 0.9140625 0.0453125 0.01640625
6 0.440625 0.91953125 0.01484375 0.0375
6 0.1359375 0.9203125 0.01953125 0.03515625
6 0.2359375 0.921875 0.0203125 0.0359375