9 0.06923834490925755 0.8141695078578829 0.07967480727698235 0.37166098428423416
9 0.3855696662493758 0.7642036253118409 0.4356187462759463 0.43189443279371104
6 0.9282644344463409 0.7162218120390025 0.034612594499482084 0.023439654052775795
6 0.9255011534290942 0.6905133366461083 0.03781036910658777 0.02514770326698752
6 0.9187395771265774 0.6462004104674259 0.03230523180303493 0.024111742142117264
1 0.9870383317292951 0.6250103070766038 0.025923336541409724 0.10801586124870503
6 0.9154133699306481 0.6252158223780848 0.03364940798171716 0.01949701674922295
23 0.8718624230738012 0.6147171240734958 0.03219606989237604 0.021767992142117266
6 0.9145400746453779 0.6064658223780847 0.029633996071058634 0.01697133023145838
9 0.8216524838699495 0.19560183814281776 0.14170608043634622 0.3912036762856355
9 0.9734375 0.1849805440469252 0.053125 0.3699610880938504