23 0.6485833966046686 0.8302480405322686 0.019150260339082337 0.00946704528527036
23 0.2941677243549276 0.8357939890417452 0.012101893713693634 0.02550942224974122
28 0.3990670860179174 0.7346060165443353 0.07511347001621065 0.07287888192686935
6 0.6400366883752822 0.7139873397464802 0.020077059553294065 0.012628432588823202
23 0.08703796691132955 0.7256506633584008 0.01775258023145836 0.029670383374611475
6 0.06587144230422368 0.7250706205543299 0.013210629445670063 0.03257705955329406
6 0.644595755786459 0.6942013786216098 0.020077059553294065 0.012628432588823202
6 0.6407793970189534 0.6795031778358215 0.02071276033908216 0.009539819892376044
6 0.6320936017336831 0.6611170508713509 0.019295809553293887 0.012592045285270359
28 0.03712570409104797 0.6794327888751295 0.012647703266987654 0.037228172249741044
28 0.17251524048497807 0.6277161234498141 0.07611304383752823 0.07760276923042238
23 0.24930671877335636 0.5113954565767566 0.016915672249741043 0.011701633374611475
23 0.12933882113072123 0.5075877140203546 0.01281036910658786 0.023983309553294065
23 0.1487245219165095 0.5035530314315315 0.012883143713693724 0.025545809553294063
23 0.07288761393479215 0.48907746257261253 0.01671661910658786 0.024165246071058633
6 0.2360960893276863 0.47991001613005047 0.012992305624352518 0.027889559553293884
23 0.047742064720580436 0.4871168562863063 0.009013281017246655 0.026145123035529315
23 0.7039301761741733 0.9090964784977752 0.02302012303552914 0.008867731803034929
1 0.14760932402620536 0.3955585949137668 0.21368797249741003 0.11909041004863194
6 0.01786401199171206 0.3499272253928941 0.004034682588823213 0.019676799214211727
6 0.0992381364749834 0.2983775339127308 0.010612168320799586 0.02699914764263518
23 0.1547068864749834 0.29579403536047283 0.015190506410140792 0.02487372146395277
23 0.1156443864749834 0.29761340053811924 0.0073780064101407914 0.024509848428423454
23 0.026581886474983406 0.30176155314315317 0.012247442927905427 0.028634422249741043
23 0.04685799917143048 0.30003423325077694 0.01124786910658786 0.02391053494618802
6 0.23662897456432458 0.2896296184874153 0.015554379445670109 0.032686221463952767
6 0.20058231265366583 0.2889596844508501 0.019150260339082247 0.00946704528527027
6 0.12952494995721878 0.2930521790741666 0.01649829528527027 0.019477746071058632
23 0.08183231265366583 0.29449055459089524 0.00890411910658786 0.023801373035529316
23 0.06130148883234826 0.29074912448327134 0.00890411910658786 0.023801373035529316
23 0.20001723242220745 0.2600170471472971 0.026926373035529316 0.009049668320799587
23 0.15296029590444282 0.25829403536047285 0.027035534946188065 0.011393418320799587
6 0.7431189547102205 0.8931782260165757 0.031014559553293887 0.013137854838564066
23 0.235935461744043 0.24111934388030948 0.026327059553293886 0.012919531017246655
6 0.19594616252983132 0.23985009636150884 0.018405397642635178 0.010211907981717339
6 0.5733070291552198 0.20583239144189136 0.009158830231458382 0.029270123035529318
23 0.7062546554960087 0.8917634292835637 0.01996789764263518 0.010284682588823557
6 0.546635367244561 0.20472580976269095 0.016408404052775792 0.03428510876750561
28 0.4362779100486319 0.18872628226010094 0.06537459698068133 0.06462973428423427
23 0.5707428012811263 0.16758752874544428 0.010503006410140792 0.024655397642635135
23 0.5487950266740205 0.16704387324492626 0.010847608767505613 0.015316784946188067
28 0.2177611964425621 0.1534930653442622 0.06343110731976358 0.07311432237357547
6 0.040199122621244525 0.15706548325077702 0.02625428494618808 0.011357031017246656
23 0.7839491226212445 0.12242477026838887 0.012846756410140792 0.02476455955329393
23 0.7619649607105857 0.1210998647678709 0.008232031017246655 0.026108735731976383
23 0.7173973234070328 0.12239269107038782 0.015226893713693812 0.025654971463952726
23 0.7431421861034799 0.12041066005314116 0.008013707195929243 0.021421235731976386
6 0.05525904238978616 0.12739509987616549 0.036628858767505657 0.016517565963434722
6 0.7871083558720215 0.0893939464470713 0.019278692927905537 0.028961907981717362
6 0.7564576693542568 0.08690680128563552 0.009721756410140791 0.024619010339082203
6 0.7416099586391619 0.8775896133201287 0.029306510339082336 0.00994008023145838
6 0.7046768455329393 0.08462086332012882 0.011738020678164495 0.017696922249741
6 0.7210103209258334 0.08229422994551731 0.011738020678164495 0.017696922249741
6 0.7350728209258335 0.08163925848156459 0.006523981803034928 0.02291096112487052
23 0.703292321335609 0.8785913411942223 0.012191784946188023 0.010702059553294063
23 0.40560149069437507 0.06801567597379465 0.026436221463952768 0.015263281017246656
6 0.05012843258882323 0.01723884987616549 0.02423802067816443 0.01827911910658786
23 0.7047627760503387 0.8597321792835636 0.022420809553294063 0.01273759449948173
6 0.7406638887467858 0.8572771133201288 0.02692637303552914 0.009049668320799498