6 0.35279751426802364 0.0020358812848329114 0.02018622146395277 0.004071762569665823
6 0.2160787642680236 0.0040249359495752104 0.02018622146395277 0.008049871899150421
1 0.09888911021524771 0.03944084318095668 0.06937289226595164 0.07888168636191337
28 0.1598073395370833 0.05308423291124117 0.05303941687305751 0.08346336935861445
6 0.14181501075336697 0.13786840987084528 0.06464900496239871 0.08146060015828453
6 0.07832609139911009 0.2614255818158845 0.04951200248119936 0.0412304052519918
28 0.1509245293646168 0.3108058046979958 0.04684507485477489 0.10122753087881238
28 0.14210599338497143 0.4163882149645525 0.04860662799792803 0.08879572703874636
6 0.06861068135047814 0.47001933181588446 0.03199701674922299 0.03369905007914227
6 0.12109782651191392 0.49891957013740196 0.06324917080199892 0.06815661810497317
6 0.018719930108751153 0.553550897334433 0.037439860217502306 0.08488947703874636
6 0.053796856495703274 0.5703148485089319 0.02300516046291672 0.05840353338609496
6 0.11584093817490368 0.5950360521907133 0.07078984305173996 0.07929870658477522
6 0.0685271364794926 0.6393232612827712 0.020297537427387446 0.05052283722616089
6 0.014501695462581343 0.6544458076009897 0.029003390925162686 0.09192072703874636
6 0.08121972746431796 0.7520816740566103 0.05640201137253951 0.10540656551854859
6 0.6663032028572121 0.7366178661264161 0.027619885855810898 0.05697742570596276
6 0.11544917825010623 0.7542064637109113 0.027384445409104785 0.06867344365265157
6 0.8248049075719418 0.7507305272509027 0.022949502481199247 0.04045751543940632
1 0.7698070384653539 0.7757365389293852 0.0967937249786095 0.1518329361308041
1 0.032812355253976286 0.8125849165347627 0.06562471050795257 0.20513979255729495
6 0.8205068976471444 0.9100145990376574 0.01958906203449331 0.05206260517284953
1 0.7658729015760858 0.9272081107161398 0.08739730024766904 0.10084709765100186
6 0.0930325610055452 0.9842349445105814 0.04171661910658786 0.024619566772189926