28 0.8392496175298547 0.5979239907598713 0.026273339923887563 0.0321230192372937
23 0.8786622860089238 0.5879661482015999 0.007364172433401706 0.027562004809323425
23 0.8951322030051181 0.5858307293271259 0.01712117441056833 0.037264387023308566
6 0.11317920745374246 0.5920733941948846 0.01201983893530465 0.026944445916316083
6 0.13049404144613125 0.5883481934692453 0.01217900642579064 0.030850695916316083
23 0.7020016269213947 0.5582489102673175 0.03132825444862419 0.022157742195451746
23 0.8787232944118808 0.5481769619039307 0.01946492441056833 0.037346232576804896
6 0.8600051279099781 0.548050476331901 0.018651840912470873 0.03653770072563951
23 0.8952250449061724 0.5452602930294568 0.011238588935304605 0.0269171640651507
6 0.6000398788985611 0.5524478327699885 0.10530160672980174 0.1144568588003402
23 0.7044236313700191 0.5371005965649867 0.031232753954332716 0.019813992195451748
23 0.666156968822449 0.518933439123258 0.03357650395433272 0.019895837748947896
23 0.7052194688224489 0.5175693465649867 0.03360833745242999 0.020677087748947897
6 0.18198755726346202 0.5116567186969887 0.016198002965749535 0.014608137023308565
23 0.6703324742596564 0.4930430617185963 0.031950336958138335 0.01827877404661713
23 0.705584224753948 0.489471628416152 0.03448508794672147 0.02304811960011328
1 0.8676531432330172 0.4752305352249085 0.06262467539915165 0.043534234390903495
23 0.6681943127006695 0.468933439123258 0.03279525395433254 0.019868555897782515
23 0.7050403966930583 0.46452619211848295 0.03451692144481875 0.02382936960011328
23 0.25143523562836295 0.45384172949676194 0.022812758897248563 0.04292410998146643
6 0.2304369861226545 0.45223458947822853 0.019592258402956995 0.04047123257680489
6 0.27425065311884894 0.44914430581296455 0.009612421939110227 0.025300100362819756
23 0.911015824069376 0.4066243789643062 0.018157092395345843 0.04354166887447395
23 0.709453324069376 0.4136630965649866 0.026449753460041237 0.017306551088459087
23 0.8385505750579592 0.404474091122691 0.021154758402957087 0.04052579627913566
6 0.21044016251038905 0.4069047313108605 0.021745007414373775 0.03586557813030104
6 0.3143464125103891 0.4032762451058586 0.00951692144481866 0.022956350362819577
23 0.29015949600848623 0.4033407324919868 0.01793425790866543 0.03807291887447395
23 0.33078449600848625 0.40192207623138454 0.021250258897248565 0.04286954627913566
6 0.2737532460084863 0.40391365136646085 0.021967841901054184 0.041334328130301044
6 0.23390949600848626 0.40530502577589766 0.02215884288963732 0.04602182813030105
23 0.708573914981847 0.3778074421184829 0.03145558844101313 0.02528274219545166
6 0.837335584943791 0.3577082185273527 0.026290585969555025 0.013400301088459087
23 0.7110277529285686 0.35587787841615204 0.030483337452429992 0.020567960344286273
23 0.8421013393924153 0.3364780592715256 0.03357650395433254 0.019895837748947987
23 0.3044567593543591 0.3396502547245054 0.023165585969555202 0.013291173683797375
6 0.842115926844845 0.316974091122691 0.034325920456235434 0.019141869600113458
6 0.7030361807991777 0.3031075424813026 0.030419670456235438 0.019005460344286275
23 0.8445060977953721 0.29660702742036016 0.03276342045623544 0.019087305897782514
23 0.6678945182516077 0.2848312576349123 0.038359504448624196 0.022403278855940557
23 0.29933551924019086 0.29302079138499426 0.008081755437207506 0.02602678666048881
23 0.26258493574209363 0.2950842883897694 0.01026633794672147 0.02220238221398514
23 0.8446480192401908 0.27397805927152563 0.029606586958138337 0.018196928493120802
6 0.2806173527382881 0.29289430581296455 0.018093425399151375 0.04197916887447395
23 0.31971168623638524 0.2907489632546931 0.00980342292769345 0.029987600362819757
23 0.34633785323257965 0.2882588803150686 0.021027424410568242 0.03740079627913566
23 0.3659009367306768 0.2867955840359329 0.021186591901054187 0.04130704627913566
23 0.38702652022877404 0.28527772405446633 0.020373508402956996 0.04049851442797028
23 0.6694397722059404 0.26605397578374684 0.03670150395433271 0.02000496515360961
23 0.842350690190718 0.2537746866761873 0.029638420456235437 0.0189781784931208
6 0.6711760271488563 0.24258919393258144 0.0393317554372075 0.02711806070710594
6 0.8448045281374394 0.23184512297385643 0.030547004448624192 0.022130460344286274
6 0.9690232781374395 0.22750730863855342 0.019687758897248386 0.0428149825768049
6 0.9338670281374395 0.22873499194099764 0.016817426882026254 0.04895585517214318
6 0.9502732781374394 0.22816207306652364 0.018938342395345843 0.04356895072563942
6 0.9159619451336338 0.22779997451780248 0.0198150928896375 0.0459399825768048
6 0.301931278631731 0.24846225953382883 0.018029758402956998 0.04041666887447395
6 0.2817142791260226 0.2468278376641299 0.02134575939154022 0.04521329627913566
23 0.536511867072744 0.21608623603536586 0.02850700197716627 0.010357146641955417
6 0.5064569525480076 0.20699397823081758 0.0206281763877346 0.046748514427970275
23 0.28389620304229923 0.21242555581296454 0.009580588441013038 0.024518850362819755
23 0.3035229535365908 0.20939975953382883 0.012737421939110228 0.02540922776748138
6 0.35446337102707676 0.203720189208076 0.08567485623551026 0.11143106252120454
23 0.5405600385175628 0.1933208586307042 0.016915585969555023 0.013072918874473993
6 0.925172460456673 0.15492546970847906 0.017025673916276674 0.03492063702330857
6 0.9432367109509645 0.15195423713167422 0.02043717539915164 0.04206101442797028
6 0.8693681294300337 0.1459522629923899 0.09827035672980174 0.11421132213985134
6 0.28424371292813094 0.16560511951529538 0.02187234140676262 0.038990578130301136
6 0.35517297825117017 0.09057534846390317 0.09932352076024671 0.1017658858421822
6 0.9284804856655441 0.035448783410809925 0.029415585969555024 0.013509428493120835
1 0.5355117356655439 0.04917155454702017 0.05748884783255335 0.07065972958157996
6 0.9753873191636412 0.033030622340884254 0.03572925296574958 0.015290183302444249
6 0.9706507396198767 0.015252845299042247 0.03523450444862419 0.022294151451278825
6 0.9308388231179737 0.015862969708479068 0.026577087452429992 0.02043155108845912
6 0.687135244068501 0.01674846806401656 0.07572951186299796 0.03349693612803312
1 0.4761368749070474 0.9702479463796522 0.12279817144481875 0.026912218781806628
23 0.8179742064279782 0.9668922455691948 0.03306716798477751 0.007395837748948253
23 0.15469295642797823 0.990054537208643 0.028379667984777555 0.007232146641955239
23 0.561070290420367 0.9727429746026205 0.012913835475263546 0.010592759618646853
23 0.5971669579108531 0.9675817594490109 0.019100168479069167 0.009248514427970278
23 0.6348897923975334 0.9608034805930703 0.018446252471457925 0.012346232576804539
23 0.8147046263899222 0.9514036548250218 0.03757825444862419 0.02237599700477517
23 0.5634604613708941 0.9523759109002896 0.017346667490486033 0.004506450725639155
6 0.5979946288613801 0.9472692594490109 0.02225700197716627 0.010138891832632169
23 0.6332782128537688 0.9429165761465665 0.021539418973360824 0.011674109981466785
6 0.8178760473404493 0.9310093092715256 0.036797004448624195 0.02234871515360979
6 0.5618488818271296 0.9344890064537859 0.014508168973360824 0.01142857332097762
6 0.35842013429858754 0.9298908196079626 0.09208402372599611 0.11555556733052796
1 0.19804104981190718 0.9409523490968754 0.02603325939154013 0.04537698738612832
6 0.818640051294782 0.9122593092715257 0.03604758794672165 0.023102683302444405
6 0.14370371829097633 0.9342683286784552 0.02429700444862428 0.021912205534962936
6 0.01205447026814267 0.9295039615254126 0.008209089429596242 0.02915178666048881
23 0.820408139735795 0.8880132774203602 0.029638420456235437 0.018978178493120623
23 0.14709797372818378 0.9084052331249589 0.025445668973360737 0.011810519237293704
23 0.6932553907243781 0.8877727191603249 0.032300505437207506 0.02687252404661713
9 0.9418533527011071 0.6645534408525385 0.08313737703293782 0.604389888837407
23 0.8196096436901279 0.869317841122691 0.03513900395433254 0.01995040145127902
6 0.6944968971501688 0.8573039691603249 0.021076503954332713 0.019459328130301046
6 0.6195923976444604 0.857579276872206 0.09978377718603734 0.13220735399101677
6 0.8205009816368491 0.847442841122691 0.03623858893530461 0.027790183302444406
28 0.07966773460259871 0.8592708178786822 0.06496576680591395 0.08184276624206888
28 0.2424860695835706 0.8457836928362731 0.06450285178688589 0.0896279843909035
23 0.696455986579765 0.8283704373091595 0.01854175296574958 0.014689982576804895
23 0.697251824032195 0.8088391873091595 0.019163835475263367 0.010811014427970278
6 0.8249775760093613 0.7950172455691946 0.03064250494291585 0.024474210344286363
23 0.16159816692183232 0.7822966009109739 0.028602502471457923 0.012700896641955417
6 0.8249258378723594 0.738849091122691 0.030483337452429992 0.020567960344286363
6 0.7023478423209837 0.7220658736068286 0.022575336958138337 0.01795139183263199
6 0.6096655938038584 0.7182811638955146 0.10077327422028777 0.11819941769334755
23 0.703875850229649 0.6845658736068286 0.02219333498097207 0.00857639183263199
6 0.8288758502296492 0.6802007774203602 0.030483337452429992 0.020567960344286363
23 0.6993621051725649 0.6613193465649866 0.020040585969555026 0.013182046279135662
23 0.8420589411421201 0.6438540496528787 0.008145422433401706 0.02758928666048881
6 0.8233407746402172 0.6437275640808491 0.017870590912470875 0.03651041887447413
6 0.6995040266173836 0.638690378416152 0.016915585969555204 0.013072918874474126