1 0.4 0.13125 0.2265625 0.2625
1 0.15546875 0.196875 0.2125 0.39296875
6 0.7046875 0.05546875 0.06171875 0.0390625
6 0.775 0.0578125 0.0671875 0.03671875
9 0.75859375 0.15546875 0.48203125 0.14140625
23 0.9625 0.27109375 0.075 0.0234375
9 0.64375 0.36953125 0.71171875 0.18203125
1 0.15546875 0.44375 0.1390625 0.11171875
1 0.90234375 0.5046875 0.1953125 0.09453125
1 0.653125 0.5078125 0.30234375 0.090625
1 0.16171875 0.58359375 0.1203125 0.1078125
9 0.646875 0.64296875 0.70546875 0.16640625
9 0.64921875 0.92109375 0.70078125 0.15703125