1 0.978125 0.3296875 0.04375 0.10546875
1 0.5890625 0.371875 0.16328125 0.18984375
1 0.51796875 0.51328125 0.07265625 0.0578125
23 0.1375 0.5453125 0.028125 0.01640625
6 0.140625 0.7234375 0.03515625 0.01640625
6 0.13984375 0.74140625 0.02890625 0.0125
23 0.33828125 0.77890625 0.03203125 0.0203125
23 0.3015625 0.803125 0.05390625 0.0234375
6 0.14296875 0.840625 0.028125 0.015625
23 0.1421875 0.9421875 0.0328125 0.01640625
23 0.14453125 0.96171875 0.0296875 0.0125
9 0.9703125 0.79296875 0.059375 0.4140625
9 0.4140625 0.80078125 0.12421875 0.3984375
9 0.603125 0.79921875 0.121875 0.40078125
9 0.81015625 0.79609375 0.12890625 0.4078125