23 0.9911931474424762 0.1504272936477373 0.017613705115047652 0.01504514586155703
6 0.7809465147325271 0.1755445595902538 0.01505737343837108 0.03749667797373264
6 0.7450135599120669 0.17820921415823812 0.011146578258831141 0.03651071008590825
6 0.762982309912067 0.17726751187424597 0.01504828307929138 0.03593417797373264
6 0.7950181050916066 0.17637007519408604 0.013494873438370903 0.03741479081860288
6 0.7278351502711464 0.1806724728646654 0.014257942720211858 0.03433073439616776
6 0.8294021954506864 0.1761310577812315 0.014294304156530302 0.04058073439616776
6 0.23409424063022613 0.20811131388566695 0.008739195745273954 0.02545037935321357
6 0.2684737858097659 0.2070910464728124 0.008761921642972936 0.02935662935321357
23 0.25050958098930576 0.2088139987568046 0.008734650565734015 0.02466912935321357
23 0.992827234020228 0.17456415649260754 0.014345531959543934 0.014100121551297518
6 0.4217805929913583 0.23031610527009674 0.023501132513557364 0.012165807326946342
6 0.9097169302271799 0.2797673128696142 0.03291703912941557 0.01968838025772479
6 0.8324231772021179 0.2924144770485369 0.04093861738824671 0.056035316033373486
6 0.6051112434588966 0.3097978081199158 0.04309601502711473 0.024126896766068207
23 0.1418390838179761 0.33563984961588716 0.021943177693097126 0.012865170171816587
6 0.18404476453613533 0.3365538964273839 0.038372153590796154 0.01763123530067894
23 0.5364066952542945 0.32121334294562487 0.02195226805217665 0.014427670171816587
6 0.8723532856133742 0.3051701045927282 0.03603749394987581 0.019070904567984305
6 0.9122061259724539 0.3046444821369195 0.030614195745273777 0.026596799525030156
6 0.6544163518701529 0.3220621127333286 0.04241475897699054 0.04127345318850324
23 0.18260498438371017 0.3577295335825137 0.019599427693097127 0.012742339439121864
6 0.8740430506404888 0.32696321743759843 0.03060056020665449 0.024253049525030157
6 0.9099805506404888 0.3250798128696141 0.03369828912941557 0.01972932383528967
6 0.5389095265381879 0.3484342622129303 0.020376132513557365 0.012002033016686831
23 0.1842811138722054 0.37717889642738395 0.0180142017953981 0.008754202283992107
6 0.8733754301289842 0.34653541101516333 0.018018746974937726 0.009535452283992107
6 0.9077686108471432 0.34785889360230876 0.019599427693097127 0.012742339439121864
6 0.6843720174630016 0.3666000067858633 0.047947141490547726 0.05249755823145748
1 0.38126065300162104 0.3848298648810352 0.24789312021691715 0.18793817051050077
23 0.18285042407885985 0.3999170335825136 0.012545451795398056 0.00846759724103796
6 0.7859845144379394 0.3698710917024294 0.009552262002052458 0.030960072930778536
6 0.9839806111417309 0.36099297942338604 0.03203877771653829 0.023676517412854547
23 0.9484981499765588 0.36369857756893526 0.03449317466803521 0.02211401741285455
6 0.8406901951560986 0.3701300412728881 0.011110216822513053 0.030260710085908294
6 0.8766231499765589 0.3674653867049038 0.019603972872636887 0.013523589439121863
6 0.8211589451560986 0.37115363071201 0.010301695745273776 0.025532266508343414
6 0.9086634903356385 0.3673492000247439 0.019572156615858205 0.008054839439121863
6 0.8055384903356385 0.37275375226330754 0.007939765027114732 0.02228443577564878
6 0.7711634903356386 0.3745552696761621 0.01903180113146803 0.049420145861557074
6 0.7360072403356386 0.3763977306665815 0.0197630541565303 0.040867339439121866
23 0.753989625874258 0.3777997783825894 0.019013620413308986 0.04629514586155699
6 0.9103123487468949 0.38211106286961416 0.013322156615858205 0.007727290818602839
23 0.1861026891059745 0.4216282592722541 0.020389768052176738 0.014345783016686653
6 0.5400134842855143 0.4038620686353654 0.03533351200205246 0.03231121099041943
6 0.9844348686552882 0.3828679794233861 0.03113026268942356 0.02359463025772479
23 0.9478396198241338 0.3848332711465001 0.03606931020665414 0.024539654567984303
6 0.8736345053627531 0.3910666610151633 0.01802783733401725 0.011097952283992107
23 0.18776518305585027 0.43873387211712445 0.021152837334017516 0.01126172659425162
23 0.8316015414671067 0.4198401142036666 0.015061918617910664 0.0382779279737326
23 0.8511509721852659 0.4219415247645447 0.01582953307929138 0.03597512155129756
23 0.8136600625443455 0.42546931648765884 0.010319876463433176 0.028657266508343326
23 0.18633903844204455 0.4622532592722541 0.020380677693097128 0.012783283016686653
23 0.18342311670087577 0.4983545335825136 0.017246587334017516 0.01105700870642714
23 0.2193833425985748 0.5003773790145294 0.016465337334017515 0.011016065128862352
23 0.18591231244614964 0.523231702849819 0.020380677693097128 0.012783283016686653
23 0.22420719798476912 0.5235692175491401 0.016469882513557365 0.01179731512886235
6 0.28518560460062736 0.5274068684990798 0.04176986436318471 0.06467000961093845
6 0.40940889978016715 0.5216780896662645 0.020576120413308984 0.04637703301668665
23 0.22118673711418468 0.5417017418593997 0.021134656615858293 0.00813672659425162
6 0.30374977312034235 0.6288089162150877 0.08514768052176755 0.13723440637700648
6 0.7000798724564123 0.6486755223896956 0.09685734016268785 0.13628606004047975
6 0.5401963332288009 0.7039439557904952 0.02273351805217665 0.014468613749381376
6 0.48959234523085343 0.7370740383322121 0.01337215359079611 0.01632104081860284
6 0.3479502667756305 0.8382757694490195 0.024305108411256347 0.016113000904510955
6 0.5448570830324092 0.8334267379026707 0.022710792154477844 0.010562363749381376
6 0.34573378180274517 0.8602736001817141 0.018790906615858204 0.008013895861557074
23 0.5457974143163025 0.8607295443251057 0.017242042154477666 0.010275758706427496
6 0.34194116129124036 0.8800095680695386 0.015670451795398145 0.008631371551297562
23 0.5428133148820365 0.8851120686353653 0.018818177693097127 0.012701395861557075
6 0.4905877395500716 0.908167788332212 0.01726022287263689 0.013400758706427141
6 0.29060592026823084 0.9217743441888203 0.020376132513557365 0.012002033016686653
9 0.4162866554375079 0.7635789846233104 0.07906234874689488 0.4336999706013579
9 0.8194252909761273 0.7447958485998344 0.1344992824901162 0.43113821460846397
9 0.9790175123655345 0.7362795844663402 0.04196497526893097 0.42659347749876275
9 0.21397017651474676 0.7788708712126132 0.10791405659241712 0.4258398829712583
9 0.6116355168738263 0.7595930902320914 0.10242258069471806 0.42164702792830405