23 0.721875 0.14296875 0.01328125 0.0234375
23 0.7515625 0.14375 0.003125 0.021875
6 0.3640625 0.146875 0.02890625 0.01328125
23 0.540625 0.14609375 0.02109375 0.0125
6 0.43203125 0.14765625 0.03203125 0.00703125
6 0.56875 0.14921875 0.0109375 0.00390625
6 0.49609375 0.14921875 0.0265625 0.015625
23 0.93671875 0.234375 0.0375 0.01484375
23 0.9796875 0.25 0.0359375 0.01640625
23 0.934375 0.2515625 0.03828125 0.0140625
6 0.021875 0.28125 0.02265625 0.0078125
28 0.95 0.28359375 0.04609375 0.03046875
23 0.9390625 0.3125 0.04296875 0.01171875
28 0.0046875 0.3203125 0.009375 0.03671875
23 0.93828125 0.32734375 0.034375 0.01640625
23 0.8921875 0.34453125 0.03671875 0.0171875
23 0.940625 0.34921875 0.03984375 0.01796875
6 0.85703125 0.35703125 0.01875 0.034375
23 0.075 0.36171875 0.0125 0.03046875
6 0.0796875 0.40625 0.01015625 0.02734375
23 0.8921875 0.40703125 0.03671875 0.0140625
6 0.89296875 0.425 0.0390625 0.01953125
23 0.0609375 0.5546875 0.021875 0.00625
23 0.0640625 0.5703125 0.02109375 0.0109375
23 0.28828125 0.5734375 0.0203125 0.04296875
23 0.3078125 0.575 0.01015625 0.028125
6 0.596875 0.58359375 0.01484375 0.0375
23 0.05625 0.58828125 0.0296875 0.0109375
6 0.38046875 0.58984375 0.0125 0.0296875
23 0.34765625 0.58984375 0.01953125 0.00703125
6 0.39921875 0.590625 0.01328125 0.02890625
6 0.41484375 0.5953125 0.00859375 0.02734375
23 0.48046875 0.603125 0.0140625 0.02578125
23 0.34453125 0.60703125 0.02890625 0.01171875
6 0.290625 0.61328125 0.02109375 0.0296875
23 0.00625 0.615625 0.00546875 0.028125
28 0.67421875 0.0625 0.03046875 0.03046875
6 0.34375 0.63203125 0.03671875 0.0171875
6 0.5890625 0.64296875 0.00703125 0.02421875
6 0.6 0.06484375 0.01015625 0.0265625
6 0.521875 0.646875 0.04296875 0.01328125
6 0.00234375 0.65 0.0046875 0.01953125
23 0.05546875 0.6546875 0.0234375 0.0140625
6 0.2890625 0.66015625 0.01171875 0.02265625
6 0.059375 0.66875 0.025 0.009375
23 0.63515625 0.06796875 0.00703125 0.02109375
23 0.61875 0.06875 0.01015625 0.01953125
6 0.06015625 0.68828125 0.02265625 0.01171875
23 0.05859375 0.7 0.0265625 0.01328125
6 0.59375 0.70546875 0.01171875 0.0296875
6 0.3546875 0.70859375 0.03671875 0.021875
6 0.53515625 0.72734375 0.03828125 0.0203125
6 0.284375 0.728125 0.0125 0.02890625
9 0.9890625 0.0765625 0.02109375 0.0765625
6 0.59375 0.75625 0.01328125 0.0296875
6 0.3453125 0.7828125 0.0359375 0.015625
6 0.28828125 0.78515625 0.00703125 0.03515625
6 0.5328125 0.78984375 0.03046875 0.0140625
6 0.0109375 0.7984375 0.01640625 0.01015625
6 0.596875 0.8078125 0.01484375 0.0296875
6 0.05546875 0.81484375 0.01640625 0.00703125
6 0.41328125 0.8328125 0.0234375 0.00390625
6 0.3765625 0.83359375 0.02578125 0.0171875
6 0.30546875 0.83515625 0.02890625 0.01484375
6 0.45859375 0.8375 0.03046875 0.01015625
6 0.01015625 0.86328125 0.01640625 0.009375
6 0.05078125 0.9828125 0.02890625 0.01640625
6 0.7109375 0.10546875 0.00625 0.02421875
1 0.64609375 0.12265625 0.0796875 0.04921875
23 0.53515625 0.1234375 0.02265625 0.00390625
6 0.57734375 0.13125 0.02265625 0.0078125
23 0.73515625 0.1390625 0.00625 0.0265625