6 0.13125 0.384375 0.00703125 0.02578125
6 0.184375 0.41171875 0.015625 0.009375
1 0.88359375 0.5515625 0.040625 0.084375
1 0.71015625 0.57109375 0.05546875 0.04765625
6 0.75234375 0.590625 0.0078125 0.02421875
6 0.6234375 0.61640625 0.01015625 0.0328125
6 0.84609375 0.6625 0.0125 0.02109375
28 0.8796875 0.6640625 0.0265625 0.03203125
6 0.92734375 0.66484375 0.00859375 0.02421875
6 0.62109375 0.665625 0.0109375 0.02109375
6 0.37109375 0.665625 0.00703125 0.0234375
6 0.81328125 0.66640625 0.00546875 0.02265625
6 0.4515625 0.6671875 0.00625 0.0328125
6 0.46953125 0.6703125 0.0078125 0.02265625
6 0.48828125 0.67109375 0.009375 0.0234375
6 0.6546875 0.67265625 0.00859375 0.02734375
6 0.51015625 0.6734375 0.01328125 0.0296875
6 0.303125 0.703125 0.01015625 0.03359375
6 0.321875 0.7109375 0.00625 0.03125
6 0.35234375 0.7109375 0.009375 0.0203125
6 0.8390625 0.871875 0.0953125 0.1109375
6 0.83984375 0.959375 0.0765625 0.08125
6 0.521875 0.971875 0.0875 0.05625
6 0.021875 0.00234375 0.021875 0.00390625
6 0.409375 0.00234375 0.015625 0.0046875
6 0.5953125 0.009375 0.01640625 0.0078125
6 0.446875 0.0109375 0.01640625 0.0078125
6 0.41171875 0.021875 0.015625 0.00625
6 0.0234375 0.02890625 0.0203125 0.0109375
6 0.59375 0.02890625 0.01953125 0.00625
6 0.45 0.03125 0.01640625 0.0078125
6 0.415625 0.046875 0.0234375 0.00703125
6 0.44765625 0.05 0.0171875 0.00859375
6 0.59609375 0.05390625 0.0171875 0.00859375
6 0.41171875 0.065625 0.015625 0.00703125
6 0.590625 0.07265625 0.01640625 0.00859375
6 0.13203125 0.07890625 0.10703125 0.1125
6 0.52265625 0.08046875 0.00703125 0.0234375
6 0.45234375 0.08125 0.0078125 0.02421875
6 0.46875 0.084375 0.01171875 0.0234375
6 0.4890625 0.08359375 0.00703125 0.02109375
6 0.50546875 0.08359375 0.00703125 0.01953125
6 0.4140625 0.084375 0.0203125 0.00703125
6 0.4234375 0.1125 0.02734375 0.01953125
6 0.5734375 0.1171875 0.0125 0.02890625
6 0.59765625 0.11953125 0.01484375 0.0359375
6 0.5234375 0.12734375 0.009375 0.02265625
6 0.50703125 0.12890625 0.00859375 0.02109375
6 0.4890625 0.1296875 0.0078125 0.01953125
6 0.4734375 0.12890625 0.009375 0.0234375
6 0.4546875 0.1296875 0.0109375 0.01875
6 0.42421875 0.13828125 0.0234375 0.0125
6 0.13984375 0.21953125 0.0796875 0.1125
6 0.00078125 0.33984375 0.0015625 0.0171875