23 0.55078125 0.00234375 0.0109375 0.0046875
23 0.03984375 0.00078125 0.0359375 0.0015625
23 0.040625 0.01171875 0.03359375 0.02109375
23 0.23125 0.06015625 0.03359375 0.0171875
6 0.19375 0.06015625 0.0296875 0.01796875
6 0.2046875 0.1875 0.01328125 0.0421875
23 0.2359375 0.1875 0.01640625 0.0421875
23 0.18984375 0.1890625 0.01484375 0.040625
23 0.2203125 0.1890625 0.0125 0.040625
6 0.1578125 0.284375 0.0171875 0.04375
6 0.1578125 0.31796875 0.01328125 0.0421875
6 0.26484375 0.35234375 0.01015625 0.04453125
6 0.18125 0.35703125 0.021875 0.01953125
6 0.1375 0.3671875 0.015625 0.04609375
6 0.1453125 0.4015625 0.02890625 0.01875
6 0.1875 0.4609375 0.02890625 0.01640625
1 0.05546875 0.4671875 0.1109375 0.303125
6 0.25625 0.46796875 0.03125 0.01796875
6 0.221875 0.478125 0.0328125 0.01171875
6 0.259375 0.48828125 0.03671875 0.01875
23 0.22421875 0.4953125 0.025 0.021875
23 0.184375 0.50078125 0.028125 0.01484375
23 0.26328125 0.50859375 0.02890625 0.0140625
6 0.29140625 0.51875 0.0171875 0.04296875
6 0.18203125 0.5203125 0.03046875 0.01953125
23 0.14453125 0.52734375 0.0296875 0.015625
23 0.26171875 0.53203125 0.03125 0.0140625
6 0.184375 0.5390625 0.03203125 0.01484375
6 0.22421875 0.5453125 0.02578125 0.01328125
6 0.14453125 0.54921875 0.03515625 0.01640625
6 0.26015625 0.55625 0.0296875 0.0140625
23 0.1453125 0.5703125 0.028125 0.0171875
23 0.8375 0.6609375 0.0328125 0.01484375
23 0.871875 0.6609375 0.03203125 0.01328125
6 0.90625 0.66328125 0.028125 0.015625
23 0.8046875 0.66484375 0.0375 0.01796875
6 0.8328125 0.68203125 0.0390625 0.01796875
23 0.80390625 0.68359375 0.03359375 0.01640625
23 0.90625 0.68359375 0.03671875 0.01953125
23 0.80234375 0.84140625 0.0140625 0.0390625
23 0.77109375 0.8453125 0.01796875 0.0390625
23 0.5453125 0.8609375 0.01171875 0.03828125
23 0.515625 0.86328125 0.0125 0.03828125
23 0.58515625 0.86484375 0.0171875 0.040625
23 0.5296875 0.8640625 0.01640625 0.0421875
1 0.71484375 0.87421875 0.0875 0.08828125
6 0.54296875 0.890625 0.03203125 0.01796875
28 0.79375 0.890625 0.02890625 0.04765625
23 0.76953125 0.8921875 0.0140625 0.0359375