6 0.8423129028112163 0.4431888302784094 0.007917800079142268 0.030837242198083814
6 0.3939519591585648 0.44394691033373546 0.00987510517284953 0.017678822930778538
1 0.49501435398571536 0.46645707541716935 0.13712322994174037 0.18191946460846414
6 0.6071590013201483 0.5114563941640764 0.02848871285298138 0.013973968792335612
6 0.8366646448936574 0.5297438059681499 0.009389371865896834 0.027794129353213747
6 0.3934685743605441 0.5143412974888653 0.012468907759274294 0.02639540366347326
6 0.8362183640148452 0.5719722495457148 0.008562657759274117 0.026190685775648603
23 0.5489313126820616 0.5764772065794054 0.022906302586424766 0.009781113749381376
6 0.46605061652212754 0.5744809373575285 0.014267088479802048 0.007768234396167806
6 0.43087163446881627 0.573419726367109 0.019781302586424587 0.009617339439121863
23 0.5027466344688163 0.5771865355030776 0.014335284639735945 0.010111984396167806
23 0.4311755113492781 0.5898669199446739 0.025318248746358664 0.0122476944820761
6 0.8365760651893442 0.6134603867008446 0.007645015439405966 0.021462242198083813
28 0.9529368510827215 0.6211234797580111 0.06341529381093594 0.08834984905006031
6 0.35119249465623065 0.5958469250330566 0.011551265439406145 0.021666960085908116
6 0.8331411766303998 0.6508375559681499 0.009071123119538171 0.016856629353213748
23 0.4015501958307296 0.6399554511523384 0.03237223079967002 0.013397436680159913
23 0.38864101887112545 0.6533628539113003 0.016656302586424764 0.009453565128862352
6 0.831246056018144 0.6890778623905851 0.007599551332783605 0.019899742198083815
23 0.404547163698276 0.6714101690401628 0.0159659807996702 0.012537621551297562
6 0.5232062354850306 0.6807585928300239 0.01909098079967002 0.012701395861557075
6 0.9722658611118511 0.7097698999298275 0.017497388558944494 0.03835981512886235
6 0.4025072905787379 0.687734531885033 0.01810514231986815 0.005629202283992107
6 0.400421953352577 0.7056213947299033 0.024355142319867972 0.005956750904511132
6 0.8282969007661523 0.7366522252354553 0.008608121865896833 0.027753185775648604
6 0.39911786612641614 0.7235492011523383 0.022929034639736123 0.010562363749381376
6 0.4536546019406512 0.7584874451594447 0.013485838479802049 0.007727290818602839
6 0.44929371087442443 0.7739077272716202 0.011946070533113407 0.00842665366347326
6 0.7109897288211131 0.7884050757558537 0.014281460345699059 0.035071040818602836
6 0.6921942647144904 0.7889849298942966 0.019841138558944493 0.03848264586155707
6 0.6346736182379873 0.9103785730423202 0.021380906505633134 0.03778328301668665
6 0.9666594041313645 0.9293420935073925 0.015775764185764984 0.03280917797373277
6 0.29242027058698516 0.9753806168015992 0.04114783722616089 0.020097816033373662
23 0.31770141541413566 0.9881509236484044 0.01740646034569897 0.023698152703191155
6 0.28879516541413564 0.9918045983148913 0.03795464106622681 0.016390803370217456
23 0.33482071925420165 0.9890123997904006 0.015934888558944316 0.02197520041919887
23 0.28675529229459745 0.9999974874205002 0.035610891066226814 0.000005025158999671931
23 0.5021846256268206 0.03179547037421523 0.01828699874635866 0.011879202283992151
6 0.4731730755476783 0.060790251581879694 0.027017141066226814 0.017017081637205767
6 0.513775343494367 0.06370056761525325 0.019022784639735946 0.01035764586155703
6 0.4668632395751587 0.08940989653892556 0.02049435642649087 0.007314533016686764
6 0.5065705972552907 0.09618551899473424 0.028375052586424764 0.010067718792335544
6 0.4637011356559505 0.11741206580623094 0.014835389812585652 0.02729948439616776
6 0.48789715360263913 0.1194625667107421 0.010011497492717503 0.022366322930778493
6 0.8547293009370721 0.17780949174379865 0.009480300079142268 0.030919129353213615
6 0.8490643226446846 0.21115758027840942 0.007849603919208192 0.028493492198083902
6 0.6641437533652124 0.22024489597309865 0.011801318025830908 0.030260710085908294
6 0.8479731840857401 0.2486575802784094 0.007758675705962758 0.025368492198083903
1 0.45436793659302255 0.24993796076327685 0.11659411810497318 0.06617495590203681
6 0.35414061605990915 0.2525096828349727 0.030696070533113406 0.009409299525030158
6 0.8484900096334185 0.2846769674335391 0.010147889812585475 0.027053822930778536
23 0.347345046780437 0.27093213421445367 0.021366534639736125 0.010480476594251619
23 0.33992735187414425 0.28384489201636975 0.022883570533113406 0.008999863749381377
6 0.8436601056350679 0.34310694312327966 0.010307014185764985 0.03252257293077854
23 0.3418248209953318 0.3261961663266293 0.01752848079967011 0.012619508706427317
23 0.4963531966221524 0.3397717446844747 0.00362510517284953 0.017351274310259512
6 0.568986714568841 0.3443607473980082 0.008403533386094963 0.02072193577564878
6 0.5174242145688411 0.3416584712787264 0.013113765439406145 0.02174884724103805
6 0.5548560184089071 0.34596751300184037 0.011596729546028861 0.023229460085908295
6 0.4798787504622184 0.34125567955561237 0.013895015439406144 0.021789790818602838
23 0.4525122684089071 0.3406039043408417 0.010656355172849529 0.017719766508343327
23 0.5361287504622185 0.3442036171402834 0.011733121865896834 0.027916960085908292
23 0.4251230543022844 0.34073337912607105 0.009897837226160888 0.01846007293077854
6 0.40547814403572763 0.3436160396869491 0.007781407759274117 0.026149742198083904
23 0.3427735555559256 0.34737180348175906 0.02063074874635875 0.012002033016686741
6 0.8433502170761236 0.3806478867008445 0.01177858597251955 0.029479460085908293
6 0.5877678068095669 0.3711655868371301 0.011664925705962758 0.025573210085908293
6 0.4005118477175091 0.4067335153766896 0.009298443652651579 0.024669129353213748