23 0.12734375 0.5205134253102515 0.03203125 0.015775764185764984
23 0.12890625 0.5017179612036288 0.03046875 0.021199050079142266
6 0.32734375 0.4115690196625483 0.03203125 0.018119514185764983
6 0.2921875 0.4110294620615587 0.03515625 0.021335442399010418
23 0.29609375 0.38825955179500193 0.03046875 0.017292800079142266
23 0.296875 0.3702680697416906 0.034375 0.018187710345698972
6 0.56171875 0.3570931536691461 0.0375 0.019059888558944315
6 0.51953125 0.3551956845479585 0.034375 0.022093960345698972
6 0.49296875 0.3544060743605441 0.0171875 0.04581260517284953
23 0.29765625 0.35149533768837926 0.02890625 0.01646608597251955
6 0.5265625 0.33624109606815644 0.03046875 0.018074050079142267
6 0.56484375 0.33356472545590077 0.03359375 0.022071228292387703
6 0.8953125 0.2458240669052037 0.03203125 0.018900764185764984
6 0.62734375 0.2411211611909935 0.01796875 0.04427283722616089
6 0.90703125 0.22673308610553358 0.0375 0.019841138558944316
23 0.909375 0.2063523899455996 0.0375 0.021403638558944317
6 0.63515625 0.19245634065788014 0.01171875 0.04487223079967011
23 0.603125 0.19338835484364508 0.015625 0.04186089106622681
23 0.61953125 0.19291098172410695 0.0140625 0.0402529269596041
1 0.1265625 0.19397365736356284 0.12265625 0.19731893236988046
6 0.64375 0.12189378807145537 0.01640625 0.04422737311953817
23 0.12421875 0.07138560352349685 0.01484375 0.04027565901291545
23 0.82578125 0.013272350538201878 0.0125 0.026544701076403755
23 0.86875 0.009946942152107022 0.0171875 0.019893884304214043
23 0.85390625 0.010726102105253415 0.0140625 0.02145220421050683
23 0.7265625 0.011992826950127673 0.0140625 0.023985653900255345
23 0.83828125 0.010361802125038986 0.01328125 0.020723604250077972
23 0.73984375 0.010415367956997771 0.01171875 0.020830735913995542
23 0.621875 0.010764450482003984 0.01171875 0.021528900964007967
23 0.6359375 0.010347500462218414 0.009375 0.020695000924436827
23 0.55078125 0.010621200894342143 0.0109375 0.021242401788684286
23 0.03984375 0.006713001253641232 0.0359375 0.013426002507282464
9 0.18828125 0.7015528251519669 0.121875 0.589483700316569
9 0.0265625 0.7031333601874145 0.053125 0.5937332796251711
23 0.72734375 0.859305208367142 0.0328125 0.025954746239076343
6 0.69140625 0.8580071328194636 0.03125 0.019659282132453625
23 0.68984375 0.8385213469260864 0.0328125 0.019704746239076344
6 0.7296875 0.8365807622072079 0.034375 0.021312710345699058
6 0.72734375 0.817898958367142 0.03125 0.019659282132453625
6 0.69453125 0.8157287046062182 0.03203125 0.022807014185764984
6 0.69375 0.7993451866595296 0.03203125 0.016557014185764985
6 0.7296875 0.798299512207208 0.0296875 0.01648881802583091