6 0.9471059051429203 0.9577760263137144 0.1002318041565303 0.042171275835555376
9 0.375167272629363 0.9601490646857982 0.7394261143631847 0.07970187062840353
6 0.9950462877103281 0.9003440796003463 0.009907424579343882 0.01597049211621524
6 0.6739224143163025 0.8734971709747217 0.04388635538619425 0.024455792553055744
9 0.3764610861556671 0.7796257632990274 0.7444363221105111 0.13527972340194516
23 0.2534639476901815 0.7238868692067012 0.01814601200205255 0.03088697729857639
6 0.2792406525106417 0.722505553952222 0.01973123789975162 0.03482959488975688
6 0.23235656215156206 0.7220340816876387 0.020471581283893325 0.02781652868534721
6 0.03763895979042989 0.694530596789618 0.06762838241536145 0.07734505642076392
6 0.5194838574292977 0.6512799449104163 0.04774260841125635 0.01595296153100705
6 0.2983719267111385 0.653300959062465 0.04775624394987581 0.018296711531007048
9 0.3776958123479538 0.5889462119122566 0.7490601895969538 0.12445132617548679
23 0.939973098550503 0.5375726290872562 0.04696590359079593 0.016716027735416715
23 0.9828555846724374 0.5357549027386103 0.034288830655125224 0.014154072188333445
23 0.9954497669276767 0.5096827120091658 0.009100466144646546 0.03152275693385427
23 0.8984123124461497 0.5119738702535409 0.014248852361131981 0.03235855832062491
6 0.9218452672666098 0.5106471063858325 0.020489762002052457 0.03094152868534721
6 0.9640373124461498 0.5104464314239575 0.017360216822513052 0.030087543502986237
23 0.9437202672666098 0.5101379601093047 0.024396012002052457 0.03103244766329851
6 0.9827736769075301 0.5076662703297908 0.016597147540672097 0.033194359707395905
6 0.8757424269075302 0.510157450325659 0.02598578307929138 0.03575631525447918
23 0.86456857757146 0.46978702346392287 0.03995283430895569 0.01967737357510426
6 0.8668259691602038 0.4548887220771521 0.041483518052177 0.014244991166284748
23 0.8137055143397436 0.4569064701772909 0.04540794877033605 0.017460910144236053
6 0.8667350655694076 0.4392637220771521 0.04147897287263689 0.013463741166284748
23 0.8175208607489475 0.4411905511993396 0.03913522287263689 0.013409189779513931
1 0.9431010810875016 0.3921328425181242 0.11379783782499686 0.20269120174736113
9 0.3694919060266831 0.3875473660725691 0.7350931383672898 0.14053026785486172
23 0.7142317134046672 0.2810726284216661 0.042273858411256346 0.01582567496187508
23 0.6727891019683487 0.27578636958795083 0.04775624394987581 0.01829671153100696
23 0.9976783604836612 0.2682037268268047 0.004643279032677583 0.030614220364722212
23 0.9852800116092691 0.2669503513518395 0.02129373789975162 0.03486596248093754
6 0.9649675116092691 0.26742313003718665 0.021266466822512698 0.03017846248093754
23 0.9640362706844554 0.241660063832777 0.038376698770336046 0.0172972559839236
9 0.3776897045258726 0.1849854105254858 0.7530618883672898 0.14094849515343816
23 0.9299698220123153 0.16119196704315894 0.0220477168225127 0.030196646276527784
23 0.9073090268327754 0.160938047115277 0.024400557181592574 0.03181369766329865
23 0.9094664244716434 0.12885224572850618 0.019726692720211502 0.034048344889756964
23 0.9313277889330237 0.12599934945197838 0.022847147540672096 0.03333983007211807
23 0.43325338241536143 0.06570742724298576 0.03379373789975162 0.035156903210381965