9 0.80234375 0.024212871106562246 0.3953125 0.04842574221312449
6 0.8343164335468296 0.10481664010517291 0.04540794877033605 0.01746091014423614
6 0.20000052088084713 0.129738132124479 0.08853123487468953 0.04502351890170146
6 0.2408755057555366 0.17176132475378453 0.07216134631100797 0.050891659194305605
9 0.7990771038000164 0.19313491090673543 0.4018457923999673 0.1273334047289934
1 0.2623010538619427 0.228301612272847 0.14031190349260028 0.08372364941065982
23 0.2688237646343312 0.2750311419081248 0.05165340359079611 0.016825130508958352
23 0.3297612646343312 0.2736128058520831 0.04540340359079611 0.016679660144236143
23 0.3290845537637468 0.29159973964767333 0.04305056323171659 0.015062608757465235
23 0.2892408037637468 0.2925271132227775 0.04461760841125635 0.015880226348645898
6 0.9626901519064223 0.2823032476283672 0.07461969618715543 0.07754507817225705
6 0.284666933252242 0.3121674659963192 0.04696135841125635 0.015934777735416718
23 0.329979433252242 0.31111280585208306 0.04775169877033596 0.017515461531007047
6 0.33006124648395857 0.3251753058520831 0.04537158733401751 0.011210910144236141
6 0.2847669272021178 0.3293549659963192 0.050077268052176736 0.014445012917777866
6 0.375673728333586 0.37568314570784694 0.04072044877033605 0.017351807370694416
6 0.419423728333586 0.3746648531547913 0.04541249394987581 0.01824216014423614
23 0.4662987283335859 0.3735738254193746 0.04540340359079629 0.016679660144236143
9 0.7996475238322623 0.38375991090673545 0.4007049523354754 0.11639590472899339
6 0.35861803854024044 0.398739439210833 0.044599427693097125 0.012755226348645898
6 0.24931121623333752 0.413003920593472 0.04696590359079611 0.016716027735416715
6 0.302449851771957 0.4141111724933332 0.04540794877033596 0.017460910144236053
6 0.24550950536275318 0.4310635895714234 0.04383635841125635 0.015862042553055566
23 0.20182313787631045 0.44301938212447906 0.038363063231716586 0.014953505983923776
6 0.24793961377400953 0.44585278818465257 0.04697953912941557 0.019059777735416717
6 0.24414699326250475 0.46547495716260395 0.04150169877033596 0.017369991166284748
6 0.20118733362158436 0.4680375659200693 0.04852385841125635 0.015971145326597203
6 0.5465361950579029 0.46625032826916624 0.05012271984757479 0.022257512917777868
6 0.2450191468533009 0.48108177336701363 0.03991647287263689 0.013427373575104085
23 0.19815778239192036 0.48451655110243036 0.04461760841125635 0.01588022634864572
6 0.24199414080317672 0.49834200854937477 0.04618919877033596 0.017479093939826384
23 0.20058334562363692 0.49852449971565954 0.04382272287263698 0.013518292553055566
6 0.19909356849627385 0.5110608673068402 0.04305056323171659 0.015062608757465411
6 0.24369299618937096 0.5217431409581943 0.046189198770336046 0.017479093939826384
6 0.20153731244614964 0.5281938159200693 0.0391534035907962 0.01653418977951393
6 0.199279920857406 0.5430921173068401 0.04305056323171659 0.015062608757465411
6 0.24303446603694584 0.5428550747537846 0.04461760841125635 0.015880226348645898
1 0.3993253726528041 0.5462495656357288 0.25769082191411946 0.25362053495361125
23 0.24392480034590122 0.5615868909581943 0.046171018052176736 0.014354093939826385
23 0.18925548106406048 0.5659847566495138 0.021271012002052548 0.03095971248093754
23 0.24480149911623722 0.5779749571626039 0.04462669877033605 0.0174427263486459
6 0.20033842680933436 0.5907301835112498 0.04539885841125635 0.015898410144236052
23 0.2456736527070334 0.5935817733670137 0.04383635841125635 0.015862042553055743
6 0.5472588786047325 0.5904690782691662 0.04460851805217665 0.014317726348645898
9 0.8078271773003136 0.5851405729508327 0.38434564539937277 0.13245666261277816
6 0.2027685352205907 0.6055193821244791 0.0438409035907962 0.016643292553055744
23 0.2013014839909267 0.6219619997156596 0.046175563231716586 0.015135343939826384
23 0.20374522794080252 0.6390949483288887 0.04229658430895542 0.01973192496187508
6 0.6249207911725191 0.6433563825057286 0.04619374394987581 0.018260343939826385
6 0.8601633995837755 0.6527268100330549 0.04617556323171641 0.015135343939826384
23 0.6304849899428551 0.6596353459365967 0.04306874394987581 0.01818760875746541
23 0.8156366947633152 0.6545445363817007 0.044622153590796285 0.01666147634864572
6 0.8586918031745716 0.6683881776242353 0.04070681323171641 0.015008057370694416
6 0.5040088483541114 0.6774248708222219 0.04539885841125653 0.015898410144236052
23 0.8165088483541115 0.6701513525861105 0.044608518052177006 0.014317726348645898
6 0.4485810049699698 0.6857471703091316 0.024391466822512697 0.030251197663298514
23 0.41029975496996973 0.6866381762930553 0.019722147540672096 0.033267094889756876
6 0.8587736164062882 0.6824506776242354 0.03992101805217665 0.014208623575104084
23 0.8158185019449077 0.6857945363817007 0.04382726805217665 0.014299542553055744
6 0.42989918266306687 0.6979023314032983 0.01971305718159222 0.031704594889756875
6 0.8604315651766242 0.6988205600330548 0.043055108411256524 0.015843858757465412
23 0.8166770199970843 0.6990576025861104 0.04460851805217665 0.014317726348645898
6 0.5878934898446592 0.725479204694062 0.04384090359079611 0.016643292553055567
23 0.4293224657423583 0.7330767651988885 0.018127831283893413 0.027761977298576566
23 0.449639510921898 0.7333852365135413 0.022838057181592396 0.031777330072118026
23 0.409014510921898 0.7343307938842358 0.01971760236113216 0.03248584488975688
6 0.5967008632830302 0.7619979329425689 0.04306874394987581 0.01818760875746541
9 0.8060720280507189 0.7875388743376035 0.3878559438985622 0.13256576538631978
6 0.5000667577986401 0.8056589735957636 0.036800563231716585 0.014917138392743112
6 0.5001667517485158 0.8228464735957635 0.042260222872636886 0.01348192496187508
6 0.5010252698006926 0.8361095398001732 0.042260222872636886 0.01348192496187508
6 0.5003394685710286 0.8525339735957633 0.03992101805217683 0.01420862357510444
6 0.5465195769822849 0.8663048796559369 0.03992556323171659 0.01498987357510444
6 0.5458337757526209 0.8827293134515273 0.04148806323171641 0.015026241166284749
6 0.5474780889843375 0.8967554458603468 0.04149715359079629 0.016588741166284747
6 0.5467741070365142 0.9100548796559369 0.04539885841125635 0.01589841014423641
23 0.5046866009863902 0.928224304617812 0.04149715359079629 0.016588741166284747
6 0.5460883058068503 0.9264793134515272 0.04149260841125635 0.01580749116628475
6 0.5469422786794872 0.9389611296559369 0.04305510841125635 0.01584385875746506
23 0.506321823859027 0.9406879370266316 0.05086306323171659 0.015244446713368021