6 0.07423693071815923 0.0025249347455208117 0.045348861436318465 0.005049869491041623
23 0.028147725897699045 0.0038562445621267345 0.04770170179539809 0.007712489124253469
6 0.5328579517953982 0.0018618528930813831 0.04305965359079629 0.0037237057861627663
1 0.3052011052879984 0.08694035837781246 0.413522665396457 0.17388071675562491
23 0.07768009328594586 0.056012304236562435 0.042269313231716545 0.015044424961875035
23 0.5433414547222644 0.05142476206475649 0.03996192466803503 0.021239873575104196
6 0.06840508723582164 0.07341800978364578 0.04932783430895542 0.019895579122187534
6 0.014507927594901267 0.07623519167937498 0.028215903590796183 0.01627961664125004
6 0.533357921544777 0.08134865140743011 0.043055108411256524 0.015843858757465322
6 0.5350067799560334 0.09615603381624956 0.046189198770336046 0.01747909393982643
23 0.07569541246959074 0.11778560562333326 0.043064198770336 0.017406358757465323
23 0.5343209787263694 0.11258046761183982 0.04460851805217665 0.014317726348645898
6 0.5718573401626879 0.11795764542350647 0.024405102361132157 0.0325949476632986
6 0.07658120159900636 0.135736171827743 0.03914885841125635 0.01575293977951393
23 0.6039249515990064 0.12346210980430505 0.040693177693097125 0.012664307370694461
23 0.5359789274967054 0.1289503500206593 0.04149260841125635 0.01580749116628475
23 0.5352749455488821 0.14224978381624956 0.04147897287263689 0.013463741166284748
6 0.07121244554888215 0.15305095839687494 0.05162613251355732 0.012137630508958353
23 0.5400442587805987 0.1562031810427079 0.05086306323171659 0.01524444671336811
6 0.46204652380771344 0.1798965606017357 0.04305965359079629 0.016625108757465323
6 0.3683601563212707 0.19301611607256913 0.024436918617910842 0.038063697663298604
6 0.3449226563212707 0.1935616299402775 0.0259630571815924 0.03185006525447918
23 0.46530333401436774 0.2024800754193746 0.018895445745273777 0.025436411094166722
23 0.4442323099120669 0.2068772879003121 0.018968168617910664 0.03793641109416672
23 0.3544703731437834 0.22303092439319414 0.04539431323171659 0.015117160144236141
23 0.4631686622731991 0.23847212680614546 0.026735216822512696 0.030305749050069507
23 0.4436374122731991 0.2389267216959024 0.01971760236113216 0.03248584488975696
23 0.3545840026322787 0.24256217439319414 0.04697499394987581 0.018278527735416716
23 0.4202999062230749 0.25665973556361077 0.02364203307929138 0.03570176386770836
23 0.5148675176593933 0.2607094962971871 0.02131191861791084 0.03799096248093754
23 0.4562964935570923 0.265979530966458 0.039148858411256524 0.01575293977951393
23 0.09086239109776431 0.30730204730270827 0.029083512002052548 0.031141550436840325
6 0.2166936380727022 0.3129682062126734 0.03917612948849518 0.02044043977951393
23 0.16280102361132162 0.31656663810840263 0.056386355386194256 0.02474673328250008
23 0.6475714542312849 0.37326143484243 0.02753010236113216 0.032667682845659664
23 0.004911776439992007 0.4413516986132292 0.00476476805217675 0.013390352773541636
6 0.7393367734149299 0.43285268075836747 0.01894998789975162 0.03481141109416654
6 0.19953393003078818 0.4524489335112499 0.024409647540671965 0.03337619766329851
23 0.13786063182618627 0.46169795336288183 0.02286078307929138 0.035683580072118026
6 0.18161063182618625 0.46067966080982625 0.018164192720211768 0.03401197729857639
23 0.25192313182618625 0.45904311920670116 0.0391534035907962 0.01653418977951393
23 0.11755267700572607 0.462951982048229 0.02131191861791084 0.03799096248093754
23 0.0066242673648057 0.4670965810220486 0.007994307181592353 0.031431837955902785
23 0.46366460772388524 0.4580215606017357 0.03915794877033605 0.01731543977951393
23 0.29257994808296495 0.4635663118360068 0.03991647287263689 0.013427373575104085
23 0.22072312880112416 0.46836422103031233 0.02129373789975162 0.03486596248093754
23 0.33274640583029136 0.5181076882609025 0.05166703912941557 0.019168880508958354
23 0.2686884510098312 0.5203800094993053 0.0454034035907962 0.016679660144236053
23 0.2703418546006274 0.5359686419081248 0.04541249394987581 0.018242160144236054
23 0.271250369627742 0.5578254581125345 0.0446221535907962 0.01666147634864572
23 0.26977877321853816 0.573486825703715 0.04148351805217683 0.014244991166284748
1 0.12294467983439646 0.5839366292746874 0.23944027078265123 0.20476480765503488
23 0.27460717378427224 0.5975964729301734 0.04696135841125635 0.015934777735416718
23 0.2723815984523073 0.6179635243169442 0.046171018052176736 0.014354093939826385
23 0.2732719327612627 0.636695340521354 0.04461760841125635 0.015880226348645898
6 0.2695702158405541 0.6719425094993052 0.04540794877033596 0.017460910144236053
23 0.1494122519449076 0.7013053140202082 0.020471581283893325 0.02781652868534721
6 0.7494167971244474 0.6881214090068744 0.020521578258831143 0.03641027868534721
6 0.16973384230398722 0.702395035334861 0.020471581283893325 0.02781652868534721
23 0.343957137483527 0.6991212989182289 0.02051248789975162 0.034847778685347205
6 0.12833213748352704 0.7041400265011457 0.01971760236113216 0.03248584488975688
23 0.025992932663066827 0.7073033537234721 0.019735783079291403 0.035610844889756875
6 0.10646168266306684 0.7054304227776735 0.020494307181592352 0.03172277868534721
23 0.21584122784260665 0.7036659413950346 0.024432373438370993 0.03728244766329869
6 0.19474293266306683 0.703375653875972 0.02753010236113216 0.03266768284565984
23 0.010372477842606639 0.7084482796352777 0.011896012002052545 0.030741506933854267
23 0.6573202007152436 0.7058920968865273 0.01972669272021186 0.034048344889756874
23 0.16832133322880088 0.7282126529260415 0.04461760841125635 0.01588022634864572
23 0.10900996574235822 0.7405321213909026 0.019703966822512742 0.030142094889756877
23 0.13010826092189803 0.7408224089099652 0.018931807181592354 0.03168641109416672
23 0.1684122368195971 0.7438376529260415 0.05086306323171659 0.015244446713368021
6 0.6866536975919856 0.778656796449687 0.046180108411256346 0.015916593939826383
6 0.6405599475919856 0.7797296403895133 0.04072044877033605 0.017351807370694416
23 0.44848607708048077 0.8037341041047219 0.02051248789975162 0.034847778685347205
6 0.47355425477357793 0.814870972645833 0.020489762002052457 0.03094152868534721
23 0.1597144685710286 0.860462108473125 0.020480671642972938 0.029379028685347208
6 0.4487769685710286 0.8537341041047218 0.017369307181592398 0.03165004350298624
23 0.1401923089301082 0.8624792033628819 0.013458512002052548 0.030777874525034575
6 0.2951570648820366 0.9065350618360067 0.04932328912941557 0.01911432912218771
6 0.29289058293421333 0.9198708632227774 0.04542158430895542 0.01980466014423641