28 0.23828125 0.3890625 0.04375 0.0796875
23 0.00390625 0.38828125 0.0078125 0.0640625
23 0.13828125 0.39140625 0.02265625 0.0609375
23 0.17109375 0.390625 0.02109375 0.06875
23 0.0296875 0.39140625 0.0265625 0.06953125
23 0.30859375 0.39296875 0.01953125 0.0640625
23 0.2796875 0.39765625 0.0234375 0.0734375
28 0.02265625 0.55234375 0.04453125 0.0828125
1 0.384375 0.58671875 0.06640625 0.14296875
1 0.225 0.5859375 0.08125 0.1546875
1 0.55859375 0.5953125 0.0625 0.14140625
1 0.09375 0.5984375 0.06796875 0.15625
6 0.85625 0.753125 0.071875 0.0765625
28 0.7109375 0.85546875 0.08828125 0.209375
1 0.99609375 0.88359375 0.0078125 0.1421875
28 0.83671875 0.94921875 0.04140625 0.08828125
23 0.2484375 0.9609375 0.0203125 0.06328125
23 0.1515625 0.96171875 0.0265625 0.0609375
23 0.2828125 0.96484375 0.02421875 0.06796875
23 0.4265625 0.96328125 0.021875 0.06484375
23 0.11484375 0.96328125 0.01484375 0.06484375
23 0.39453125 0.96640625 0.02265625 0.06640625
6 0.64609375 0.97578125 0.0203125 0.0484375
6 0.7828125 0.98046875 0.01875 0.0390625
1 0.89921875 0.965625 0.065625 0.06875