6 0.08001839909279611 0.9951475394189234 0.045348861436318444 0.007304660144236408
23 0.0339201039132563 0.99543913335875 0.04770170179539809 0.008921711531007048
6 0.5385848780155573 0.9797861514074302 0.04305965359079629 0.016625108757465056
1 0.3099917245229569 0.9046270697197916 0.413522665396457 0.18538229407166681
23 0.08282523652500949 0.9403873042365625 0.042269313231716565 0.01504442496187508
23 0.5484138750886911 0.9232997620647566 0.03996192466803503 0.02123987357510444
6 0.0733502425751337 0.9234180097836457 0.04932783430895542 0.01989557912218771
6 0.019434902216054074 0.9231101916793751 0.028215903590796176 0.016279616641249817
6 0.5380849082661783 0.8938486514074302 0.04305510841125635 0.01584385875746506
6 0.5395610498549219 0.8789685338162496 0.046189198770336046 0.017479093939826384
23 0.08012241734136458 0.8787231056233333 0.043064198770336 0.017406358757465414
23 0.5386843510845859 0.8625804676118399 0.04460851805217665 0.014317726348645721
6 0.5761479896482674 0.8554576454235064 0.024405102361132157 0.03259494766329851
6 0.08079912821194898 0.8607361718277431 0.03914885841125635 0.015752939779513753
23 0.608142878211949 0.848462109804305 0.040693177693097125 0.012664307370694416
23 0.54015140231425 0.8461378500206592 0.04149260841125635 0.01580749116628475
23 0.5392928842620732 0.8328747838162496 0.04147897287263689 0.013463741166284748
6 0.07523038426207318 0.8436759583968749 0.05162613251355732 0.012137630508958353
23 0.5438985710303565 0.8187031810427079 0.05086306323171641 0.015244446713368377
6 0.465646306003242 0.7986465606017357 0.04305965359079629 0.016625108757465236
6 0.3718326734896847 0.7898911160725691 0.024436918617910842 0.03806369766329869
6 0.3483951734896847 0.7904366299402774 0.0259630571815924 0.03185006525447918
23 0.46863949579658754 0.7759175754193747 0.018895445745273777 0.025436411094166545
23 0.4475230198988885 0.7725022879003122 0.01896816861791084 0.037936411094166546
23 0.3575974566671719 0.7605309243931941 0.04539431323171659 0.015117160144236053
23 0.4660866675377563 0.7400346268061455 0.026735216822512696 0.030305749050069507
23 0.4465554175377563 0.7404892216959024 0.01971760236113216 0.03248584488975688
23 0.3574838271786767 0.7409996743931941 0.04697499394987581 0.018278527735416716
23 0.4230179235878805 0.7238472355636107 0.02364203307929138 0.03570176386770836
23 0.5175128121515621 0.7153969962971871 0.02131191861791084 0.03799096248093754
23 0.458896336253863 0.7128545309664579 0.03914885841125635 0.01575293977951393
23 0.09308043871319102 0.6885520473027082 0.029083512002052548 0.031141550436840148
6 0.21881169173825316 0.6770307062126735 0.03917612948849527 0.020440439779513753
23 0.1648918061996337 0.6759416381084027 0.056386355386194256 0.02474673328249999
23 0.6488713755796703 0.5966989348424301 0.02753010236113216 0.03266768284565984
23 0.005593553370963336 0.5585391986132292 0.004764768052176752 0.013390352773541636
6 0.7399185563960254 0.5328526807583674 0.01894998789975162 0.03481141109416654
6 0.20003389978016717 0.5383864335112498 0.02440964754067192 0.03337619766329851
23 0.13826969798476907 0.5320104533628818 0.02286078307929138 0.035683580072118026
6 0.18201969798476908 0.5309921608098263 0.018164192720211768 0.03401197729857639
23 0.2523321979847691 0.5293556192067012 0.0391534035907962 0.01653418977951393
23 0.11795265280522926 0.531701982048229 0.02131191861791084 0.03799096248093754
23 0.007006062446149644 0.5327215810220486 0.007994307181592355 0.031431837955902785
23 0.46402822208707006 0.5205215606017357 0.03915794877033605 0.01731543977951393
23 0.29292538172799043 0.5229413118360068 0.03991647287263689 0.013427373575104085
23 0.2210322010098312 0.5214892210303124 0.02129373789975162 0.03486596248093754
23 0.332446423980664 0.4665451882609025 0.05166703912941557 0.019168880508958354
23 0.26837937880112417 0.46725500949930526 0.0454034035907962 0.016679660144236053
23 0.26985097521032797 0.4515936419081248 0.04541249394987581 0.018242160144236054
23 0.27050496018321335 0.42970045811253443 0.04462215359079611 0.01666147634864572
23 0.26885155659241716 0.414111825703715 0.04148351805217674 0.014244991166284748
1 0.12193564997655888 0.4104991292746874 0.23944027078265123 0.20476480765503488
23 0.2733981560266831 0.3897839729301734 0.04696135841125635 0.015934777735416718
23 0.2709362313586481 0.3695260243169442 0.046171018052176827 0.014354093939826385
23 0.27160839704969264 0.35075784052135395 0.04461760841125635 0.015880226348645898
6 0.2674976139704013 0.31569250949930533 0.04540794877033605 0.01746091014423614
23 0.14703057786604776 0.2919303140202082 0.020471581283893325 0.02781652868534721
6 0.7470260326865079 0.27718390900687434 0.020521578258831143 0.03641027868534721
6 0.16733398750696812 0.289895035334861 0.020471581283893325 0.02781652868534721
23 0.34154819232742833 0.2850587989182289 0.02051248789975162 0.034847778685347205
6 0.12592319232742832 0.2900775265011457 0.01971760236113216 0.03248584488975696
23 0.02357489714788851 0.29167835372347223 0.019735783079291403 0.035610844889756965
6 0.10404364714788852 0.2898054227776735 0.020494307181592352 0.03172277868534721
23 0.21341410196834873 0.28647844139503453 0.02443237343837108 0.03728244766329869
6 0.1923248971478885 0.2877506538759721 0.02753010236113216 0.032667682845659754
23 0.007945351968348707 0.2912607796352778 0.011896012002052545 0.03074150693385418
23 0.6547476290957117 0.2637045968865272 0.01972669272021186 0.034048344889756874
23 0.16562149658215444 0.26415015292604155 0.04461760841125635 0.015880226348645898
23 0.10618286406859712 0.25459462139090266 0.019703966822512742 0.030142094889756964
23 0.12727206888905732 0.25332240890996516 0.018931807181592354 0.03168641109416672
23 0.16553059299135825 0.24852515292604155 0.05086306323171654 0.01524444671336811
6 0.6832266322189697 0.18959429644968692 0.046180108411256526 0.015916593939826428
6 0.6371328822189698 0.19066714038951335 0.04072044877033605 0.01735180737069446
23 0.4448317527304745 0.17560910410472186 0.02051248789975162 0.034847778685347205
6 0.46976357503737737 0.16330847264583292 0.020489762002052457 0.03094152868534721
23 0.15547836123992673 0.13233710847312485 0.020480671642972938 0.029379028685347208
6 0.44454086123992675 0.12560910410472187 0.01736930718159222 0.03165004350298615
23 0.1359380208808471 0.13122920336288182 0.013458512002052548 0.030777874525034755
6 0.2903482649289188 0.07997256183600669 0.04932328912941557 0.019114329122187534
6 0.28792724687674204 0.06674586322277754 0.04542158430895542 0.019804660144236142