6 0.31171875 0.01796875 0.0734375 0.0359375
6 0.0234375 0.0140625 0.01796875 0.009375
6 0.503125 0.07734375 0.06875 0.0875
23 0.95859375 0.07890625 0.0078125 0.02109375
23 0.89296875 0.08203125 0.0078125 0.02421875
23 0.653125 0.0828125 0.0046875 0.021875
23 0.9890625 0.0828125 0.00625 0.025
23 0.975 0.08359375 0.00546875 0.02734375
23 0.8796875 0.084375 0.00546875 0.02109375
23 0.80546875 0.084375 0.00859375 0.02265625
23 0.03125 0.08671875 0.015625 0.01171875
23 0.66796875 0.0875 0.0078125 0.0296875
23 0.63515625 0.08671875 0.00546875 0.02265625
23 0.81875 0.0875 0.00625 0.02421875
23 0.28125 0.11015625 0.02265625 0.0125
23 0.3203125 0.11328125 0.015625 0.0078125
23 0.321875 0.13046875 0.01796875 0.0078125
23 0.27890625 0.13203125 0.015625 0.0046875
6 0.3203125 0.15078125 0.0265625 0.0109375
23 0.284375 0.15390625 0.0234375 0.01171875
6 0.2765625 0.175 0.01640625 0.0109375
23 0.32109375 0.178125 0.0203125 0.01171875
6 0.3203125 0.19921875 0.0171875 0.01015625
23 0.0546875 0.20078125 0.01015625 0.025
23 0.03671875 0.203125 0.00546875 0.01875
23 0.0015625 0.20546875 0.003125 0.02265625
23 0.01953125 0.20546875 0.0078125 0.028125
6 0.32109375 0.225 0.02109375 0.0125
6 0.5484375 0.63828125 0.09140625 0.0984375
6 0.9984375 0.68203125 0.003125 0.0515625
6 0.91015625 0.68515625 0.01796875 0.04453125
6 0.80546875 0.68671875 0.01875 0.03828125
6 0.971875 0.68671875 0.01640625 0.03828125
6 0.71015625 0.6875 0.01640625 0.0328125
6 0.73515625 0.6875 0.02265625 0.04296875
6 0.840625 0.68671875 0.02109375 0.04765625
6 0.64140625 0.68828125 0.0125 0.04453125
6 0.6734375 0.6890625 0.01015625 0.03828125
6 0.94140625 0.6921875 0.0109375 0.04765625
6 0.7671875 0.6921875 0.02109375 0.04453125
23 0.3 0.79453125 0.02578125 0.009375
23 0.28828125 0.90859375 0.02578125 0.01171875
23 0.32265625 0.9140625 0.02109375 0.01171875
23 0.28671875 0.934375 0.025 0.009375
23 0.3171875 0.9390625 0.021875 0.009375
23 0.32890625 0.95703125 0.0296875 0.01171875