1 0.434375 0.9578125 0.06875 0.084375
23 0.1359375 0.97421875 0.03515625 0.0515625
23 0.35234375 0.978125 0.01953125 0.04296875
23 0.21328125 0.98125 0.02421875 0.0375
23 0.3703125 0.97890625 0.025 0.0421875
23 0.18515625 0.978125 0.01953125 0.04296875
23 0.23203125 0.98125 0.02265625 0.0375
23 0.26640625 0.99375 0.03984375 0.01171875
1 0.92578125 0.08046875 0.1484375 0.1609375
6 0.40234375 0.12109375 0.04375 0.0328125
23 0.21484375 0.1375 0.0515625 0.0375
6 0.49453125 0.13828125 0.04296875 0.025
23 0.21328125 0.16171875 0.04609375 0.0203125
6 0.21640625 0.18984375 0.06171875 0.028125
23 0.21640625 0.2171875 0.053125 0.025
23 0.21640625 0.2421875 0.053125 0.02578125
6 0.21640625 0.26875 0.04609375 0.021875
23 0.40546875 0.278125 0.05234375 0.0265625
23 0.21640625 0.29140625 0.05 0.02890625
23 0.4953125 0.29921875 0.04921875 0.02265625
6 0.39921875 0.428125 0.04296875 0.0265625
23 0.11171875 0.5 0.04765625 0.021875
23 0.1640625 0.5015625 0.04140625 0.02265625
23 0.1078125 0.5703125 0.0234375 0.0421875