23 0.5286605024766902 0.9618876464042903 0.016262854838564066 0.03116010876750579
23 0.5075303651731373 0.9620888536002191 0.017934516749222952 0.033576633374611475
23 0.5488638405660314 0.9585978265119138 0.02027826674922295 0.03368579528527036
23 0.5690671786553725 0.9553080066195377 0.013991879445670107 0.0326134468568469
6 0.8076908769599616 0.9011319671252357 0.0040346825888232015 0.019676799214211727
6 0.9413210142635144 0.8956909882176849 0.007414393713693812 0.025291098428423454
6 0.8608522642635144 0.8994388804836365 0.008195643713693811 0.025327485731976296
6 0.8451181023528556 0.8978228765546952 0.007196069892376045 0.020603598428423454
6 0.9834357396564087 0.8921635738258267 0.009867305624352696 0.027744010339082338
6 0.8787118523528556 0.8962582225019192 0.008268418320799498 0.026889985731976297
6 0.7911754650493027 0.8995523504998474 0.005851893713693812 0.025218323821317768
6 0.9552015777457499 0.8911297667537322 0.006669531017246655 0.026035961124870256
6 0.8255140777457498 0.8971700591435183 0.007378006410140614 0.024509848428423454
6 0.7723526904421968 0.8988631457851175 0.010539393713693812 0.02543664764263518
23 0.49884241583509104 0.9100362020286425 0.019387854838564245 0.03130565798171716
23 0.5191185285315381 0.9083088821362665 0.01871576674922295 0.03361302067816467
6 0.9989379991190812 0.8474311166298978 0.0021240017618374906 0.03083262303552914
6 0.15096568796099752 0.8878745275025899 0.04149829528527027 0.02064213978475209
23 0.1626266259265042 0.8356570560386374 0.03975385876750566 0.016663115177646404
6 0.6381531648016338 0.8080284381749037 0.01797090405277597 0.03435788337461147
23 0.6733094148016336 0.8063910095150219 0.017861742142117266 0.032014133374611474
23 0.5842469148016337 0.8105391621200557 0.01633562944567011 0.03272260876750579
23 0.6568667774980808 0.8063738928896335 0.016299242142117264 0.03194135876750579
6 0.694294002890975 0.8030648023190927 0.02109590405277597 0.0345034325888232
6 0.5839172750168814 0.76984138751295 0.01889770326698752 0.0375192706781645
23 0.6042297750168814 0.7688953176205737 0.015554379445670109 0.032686221463952767
23 0.7018860250168814 0.7643469046764577 0.01815284057054072 0.03826413337461147
6 0.6659121377133286 0.7652394706398924 0.01949701674922295 0.03364940798171752
6 0.6839172750168814 0.765183812658175 0.016481178659881836 0.03584760876750561
6 0.6456360250168813 0.7669667905322685 0.014918678659881834 0.03577483416039975
6 0.6261047750168813 0.7678764731210918 0.01633562944567011 0.032722608767505615
1 0.9898856382323118 0.7484478070766037 0.020228723535376504 0.11035961124870504
6 0.7804284019813521 0.752859287017612 0.02561858416039975 0.014445643713693812
23 0.8193089654635874 0.7471336718399655 0.02469178494618802 0.011284256410140792
6 0.8850217026433059 0.6955304764308605 0.018968323821317412 0.005560795285270359
6 0.42242965735803556 0.6982853728306415 0.014809516749222951 0.03343108416039975
6 0.921973739037236 0.6483986112532142 0.01666096112487061 0.006232883374611475
6 0.982874851733683 0.6447791515760858 0.010956770678164673 0.017660534946188022
6 0.9974054242643063 0.6417440428085801 0.005189151471387277 0.01974957382131759
23 0.4028748285743193 0.6146381189017001 0.03893622146395277 0.01584547787409356
23 0.35986969127076635 0.6158581705971111 0.03588399607105863 0.017262428659881833
6 0.4011838959854961 0.595143256205253 0.041389133374611475 0.01829838978475227
6 0.3991290903611436 0.5678358935088059 0.04306079528527036 0.02071491439185813
1 0.6335575942900851 0.5412583151393744 0.299762521297337 0.27667177770747775
23 0.35614106968297915 0.5526133079006641 0.03268622146395268 0.015554379445670109
23 0.3990370450758733 0.549049506205253 0.040535108767505615 0.016699502481199245
23 0.3965648624870501 0.5295910308123588 0.04060788337461148 0.018262002481199247
23 0.3535233378799442 0.5300298325077699 0.035066358767505613 0.016444791356328814
23 0.3988529545053327 0.5114767315981472 0.03822774607105854 0.01737159057054054
23 0.35197795450533276 0.5136599698113229 0.03666524607105863 0.017298815963434678
23 0.39879729652361534 0.49347159429459425 0.035738446856846906 0.014137428659881834
23 0.3979967758454509 0.47628409429459423 0.03581122146395277 0.015699928659881835
23 0.973705251238345 0.44790415157608576 0.034248721463952594 0.015627154052775972
6 0.1995400051672865 0.46830258209348513 0.022059090570540542 0.03844606989237605
6 0.2198161178637336 0.4665752622011091 0.020423815963434677 0.036810795285270356
6 0.1752848678637336 0.46864933850362595 0.02116867865988179 0.0360659325888232
6 0.1557536178637336 0.46955902109244924 0.01960617865988179 0.03599315798171734
23 0.3951050622393811 0.4310079815981472 0.035066358767505613 0.016444791356328814
23 0.3512822876322752 0.43148317059711117 0.03602954528527036 0.020387428659881836
6 0.39070650661502854 0.4038097808123589 0.0415346825888232 0.021423389784752268
6 0.3445763693114756 0.4051753817219817 0.03286815798171734 0.01946062944567011
6 0.19893422952672335 0.37124564557572054 0.02262201674922304 0.033794957195929065
6 0.21615811683027628 0.37122637489755606 0.018642992142117176 0.032050520678164496
6 0.1707728422231704 0.37177433850362596 0.01722604135632886 0.035102746071058545
6 0.15120520491961748 0.3719027710924492 0.020278266749222996 0.03368579528527027
23 0.5137587088485589 0.33935767494033736 0.033576633374611475 0.01793451674922304
1 0.9688287272014445 0.3177436166298977 0.0623425455971109 0.06766484305173996
6 0.773097321545006 0.32649584016076505 0.04068065798171734 0.019824502481199425
23 0.5916653850272413 0.33103144458504447 0.017898129445670107 0.03279538337461148
23 0.6064727477236884 0.32955883581753886 0.01871576674922295 0.0336130206781645
23 0.5744778850272414 0.3318319652632089 0.017898129445670107 0.03279538337461148
23 0.5455352477236884 0.33239704549466725 0.02105951674922295 0.0337221825888232
23 0.6509676104201355 0.3267035095150219 0.01786174214211709 0.032014133374611474
23 0.4454988604201355 0.33627337034944216 0.0384096825888232 0.02127784057054054
6 0.6251499731165826 0.3271230405322686 0.01718965405277597 0.03432149607105863
23 0.6779111000810533 0.3168362038906694 0.017861742142117266 0.032014133374611474
23 0.5121405508668415 0.32142531224389026 0.03410317224974087 0.01250215405277597
6 0.8948246182780185 0.2840278961994023 0.04053510876750579 0.016699502481199426
23 0.5448246182780183 0.3003294081911143 0.03108733416039975 0.014700354838564245
23 0.5995121182780183 0.2977822969424094 0.03666524607105863 0.017298815963434678
6 0.5726585198495948 0.2927694652632089 0.018007291356328992 0.03513913337461148
23 0.6326328333318303 0.2860613928896334 0.01637201674922295 0.03350385876750561
23 0.6505651960282772 0.28444323490791606 0.018007291356328992 0.03513913337461148
6 0.8160082595105127 0.27282287655469517 0.03830052067816432 0.01893409057054054
6 0.6894821468140656 0.2794988697302696 0.021168678659881833 0.0360659325888232
23 0.543170072992748 0.28161579549466725 0.035702059553293884 0.013356178659881835
23 0.6002013229927481 0.2789595223353035 0.035066358767505613 0.016444791356328814
6 0.12876081658260724 0.2766459290741666 0.038336907981717336 0.01971534057054054
23 0.19814651736839556 0.2702824590579559 0.03510274607105859 0.017226041356328815
23 0.16091834511865455 0.2610551623249435 0.02116867865988179 0.0360659325888232
23 0.19883572208312525 0.25145968445085004 0.035066358767505613 0.016444791356328814
28 0.12332629983338425 0.2440153655919312 0.055725615177646445 0.04157322394515202
23 0.1744521521907491 0.23223880355743792 0.029633996071058544 0.01697133023145838
23 0.8732513711735024 0.1738545295740138 0.01562715405277615 0.03424872146395268
23 0.7957984592628436 0.1751131226257537 0.016190080231458383 0.029597608767505612
23 0.8551006846557379 0.17078518755573116 0.015445217535011223 0.030342471463952726
23 0.8355694346557379 0.17169487014455437 0.01559076674922295 0.03346747146395272
23 0.5941267973521849 0.1821572969424093 0.01946062944567011 0.03286815798171734
23 0.8160017973521849 0.1718233027333776 0.01700771753501158 0.03041524607105859
23 0.613621660048632 0.18046636435358612 0.020059942927905538 0.02899829528527027
23 0.5737051354415261 0.18075961683478547 0.017825354838564244 0.03123288337461152
23 0.6337158362273143 0.17483279446120997 0.020059942927905538 0.02899829528527027
23 0.9256486251024437 0.15575519293241463 0.013283404052776148 0.03413955955329393
23 0.35271839329940896 0.15973444913315843 0.028818512820281583 0.049674668320799586
23 0.3207235306029619 0.1620075785788285 0.028110037427387446 0.051200781017246656
6 0.8799529813887501 0.13282926923493157 0.017298815963434678 0.03666524607105859
6 0.5588228440851972 0.14700320099518527 0.022694791356328993 0.035357457195929066
6 0.8603853440851973 0.1329577018237548 0.01637201674922295 0.03350385876750561
6 0.37909895678164435 0.15459103081235887 0.016408404052775973 0.03428510876750561
6 0.4142188194780914 0.15217235215247707 0.017116879445670106 0.032758996071058546
6 0.6353125694780914 0.14187474524699825 0.02284034057054054 0.03848245719592906
6 0.5845313194780914 0.14423991997793864 0.01949701674922295 0.03364940798171734
6 0.6102761821745385 0.14225788896069197 0.021168678659881833 0.0360659325888232
6 0.3970313194780914 0.1529728728306415 0.01797090405277597 0.03435788337461147
6 0.7938699321745385 0.1337068726257537 0.018788541356328813 0.03517552067816441
6 0.8391460448709855 0.13081515901968385 0.02198631596343468 0.036883569892376136
6 0.8196147948709855 0.1317248416085071 0.018861315963434676 0.03673802067816445
23 0.2897453583532209 0.15248918341739276 0.01949701674922304 0.03364940798171734
23 0.20607883374611502 0.15482012489755612 0.016517565963434767 0.036628858767505615
6 0.27088619644256207 0.15101872870266303 0.0204602032669877 0.03759204528527027
6 0.24822994644256208 0.15207396050569794 0.0204602032669877 0.03759204528527027
6 0.1849486964425621 0.15502133209348518 0.01797090405277597 0.03435788337461152
6 0.22322994644256208 0.15323835421939166 0.018152840570540542 0.03826413337461147