9 0.261725292051966 0.58623756724571 0.4799806131555925 0.15796633365741464
6 0.28813789482743507 0.6776338935619125 0.11221083992388783 0.035124022865490725
9 0.2748751853593452 0.8705580035433791 0.48336028114037 0.16432546106207652
1 0.6346839254735135 0.8110515064537859 0.24025090418179412 0.3438492368379741
6 0.3307842871462311 0.9562301195152954 0.11487292490485981 0.043018368418987055
1 0.8789605074887359 0.796262287039007 0.22669774015134933 0.3558581635169963
1 0.5826188404181794 0.025682013162025907 0.2589876808363588 0.05136402632405181
9 0.1790017504942916 0.00234375 0.3580035009885832 0.0046875
23 0.7435563404181794 0.01912259485691059 0.030576179353484178 0.03824518971382118
9 0.18071544220506536 0.11495533348777871 0.35719702916320367 0.15055808302444257
6 0.9015147149424785 0.19775037596908132 0.02644709486680341 0.055533237386128274
6 0.9327965484405756 0.1974403519224642 0.026701762851581278 0.06178323738612823
9 0.2478259822426839 0.3027256627992062 0.4762016971479811 0.16095492440158754
23 0.3435615879839025 0.4057836862128511 0.05157442885919252 0.05953125662342203
6 0.2780639219762914 0.41120036171074703 0.07501192885919253 0.060349712158384784
1 0.8148847841433007 0.5293674529182562 0.13919910425834417 0.10393851025161904