1 0.8039874092245716 0.4103926837565357 0.09121581306795079 0.14933006175762475
1 0.9227374092245716 0.4069374116532119 0.09515845037150364 0.15022497202418136
1 0.6419775607961482 0.42134821879198314 0.13632925992479733 0.1631257887963713
6 0.6762711699779386 0.5561036520197935 0.04351671360606986 0.04651729882550111
6 0.7106763267168017 0.08542743916681204 0.028311244623316512 0.07182117570596291
1 0.8143428281645437 0.13780462991646975 0.09285108767505648 0.15093802586424748
6 0.4073115781645438 0.14964802969167817 0.02206124462331651 0.07163931927947216
1 0.932947278950332 0.13747435781314596 0.09697566149637389 0.15573918613080417
1 0.651802132755439 0.2104107187919832 0.13545596463952717 0.1443757887963712
1 0.4906099216305685 0.22056227177411936 0.15997227522627835 0.25197534012915473
1 0.2944433970234626 0.22783051715526584 0.15673811331561965 0.24954066191590937
6 0.7451882597199097 0.21549537239462233 0.02705695967712849 0.061642193652651577
6 0.8731313232021449 0.21567356565156248 0.02836474855225788 0.056218907759274205
6 0.9770846149727586 0.3288973281879748 0.01504711124870468 0.055051212852981465
6 0.8621317030620999 0.33458269002474184 0.02445849855225788 0.0561052474927175