6 0.5640625 0.35859375 0.015625 0.0296875
1 0.521875 0.390625 0.0484375 0.05078125
6 0.75546875 0.44296875 0.0109375 0.02109375
28 0.68671875 0.44609375 0.021875 0.03984375
6 0.6140625 0.44765625 0.009375 0.025
6 0.5578125 0.45078125 0.01015625 0.02265625
6 0.53203125 0.453125 0.01953125 0.01171875
6 0.73203125 0.49921875 0.01171875 0.028125
6 0.5765625 0.50234375 0.0078125 0.02109375
6 0.5234375 0.50234375 0.009375 0.021875
6 0.659375 0.50234375 0.009375 0.021875
6 0.55859375 0.5046875 0.009375 0.01953125
6 0.6078125 0.5046875 0.0078125 0.0171875
6 0.50546875 0.5078125 0.0046875 0.02265625
6 0.10546875 0.54375 0.08984375 0.12578125
1 0.38515625 0.55 0.05625 0.04921875
28 0.5921875 0.55234375 0.0171875 0.0234375
28 0.6359375 0.5546875 0.01953125 0.03359375
28 0.67890625 0.55546875 0.02265625 0.028125
28 0.721875 0.5578125 0.02578125 0.03125
6 0.50703125 0.55859375 0.00859375 0.0234375
6 0.5609375 0.56015625 0.01171875 0.03125
6 0.484375 0.5625 0.0046875 0.02578125
6 0.44609375 0.56875 0.00703125 0.0265625
23 0.4859375 0.5953125 0.00625 0.0296875
23 0.5046875 0.59609375 0.0078125 0.03046875
28 0.78828125 0.609375 0.02734375 0.0359375
6 0.20234375 0.61015625 0.0828125 0.09296875
6 0.84765625 0.61171875 0.00859375 0.03203125
23 0.82421875 0.61328125 0.00859375 0.0265625
23 0.4671875 0.615625 0.00859375 0.02421875
6 0.42265625 0.61875 0.01015625 0.02734375
23 0.52734375 0.62109375 0.009375 0.0296875
23 0.44921875 0.621875 0.00546875 0.03046875
23 0.5640625 0.621875 0.00859375 0.02265625
23 0.54453125 0.621875 0.00859375 0.02578125
23 0.5828125 0.621875 0.00703125 0.02265625
6 0.36953125 0.625 0.009375 0.0296875
23 0.56328125 0.66171875 0.00859375 0.02109375
23 0.5484375 0.66171875 0.00546875 0.02265625
23 0.58203125 0.66171875 0.01015625 0.02109375
23 0.7578125 0.6625 0.0015625 0.0234375
23 0.840625 0.6625 0.00546875 0.0234375
23 0.82734375 0.6640625 0.003125 0.02578125
23 0.81171875 0.66328125 0.00390625 0.025
23 0.8546875 0.6640625 0.00625 0.02421875
23 0.4671875 0.6640625 0.01015625 0.0265625
23 0.77578125 0.6640625 0.00625 0.0265625
6 0.48984375 0.66484375 0.00546875 0.028125
23 0.4484375 0.665625 0.00859375 0.025
23 0.78984375 0.6671875 0.00390625 0.02421875
6 0.50703125 0.6671875 0.00625 0.02734375
23 0.528125 0.6703125 0.009375 0.025
6 0.42578125 0.67421875 0.01328125 0.04609375
6 0.1046875 0.67890625 0.08359375 0.12265625
6 0.121875 0.81328125 0.0859375 0.10625
6 0.41875 0.9078125 0.0265625 0.01796875
6 0.584375 0.91015625 0.01875 0.0109375
6 0.53359375 0.91328125 0.0046875 0.02109375
6 0.4734375 0.91484375 0.00703125 0.0203125
6 0.45546875 0.915625 0.009375 0.0203125
6 0.50234375 0.91640625 0.00625 0.01640625
6 0.52109375 0.91875 0.01015625 0.0234375
6 0.48828125 0.91796875 0.00859375 0.01953125
6 0.57890625 0.93828125 0.0234375 0.01484375
6 0.42109375 0.94296875 0.02109375 0.01171875
6 0.1328125 0.9515625 0.08125 0.08671875
6 0.54140625 0.95546875 0.00859375 0.0171875
6 0.4890625 0.9578125 0.009375 0.0203125
6 0.521875 0.959375 0.00546875 0.02109375
6 0.45234375 0.96015625 0.00859375 0.01484375
6 0.50625 0.959375 0.00859375 0.01953125
6 0.47109375 0.96171875 0.00859375 0.0234375
6 0.4140625 0.9625 0.015625 0.00859375
6 0.5921875 0.96640625 0.0125 0.0078125
6 0.41484375 0.98359375 0.01015625 0.00703125
6 0.59140625 0.9875 0.0171875 0.00703125
6 0.44609375 0.9890625 0.01328125 0.00546875
6 0.021875 0.99765625 0.021875 0.00390625
6 0.409375 0.99765625 0.015625 0.00390625