10 0.6935944221339522 0.2872218065722771 0.22334763817089823 0.25570674936345317
10 0.3654148799794745 0.3004148866168205 0.19198855386194272 0.23659312269254426
10 0.05882957845522294 0.2930591093252731 0.11765915691044589 0.2138817813494538
6 0.84663865066393 0.0361160292807297 0.14422269867214013 0.0722320585614594
6 0.4778704699457707 0.0413137013049104 0.11925906010845858 0.0826274026098208
6 0.12480001210024841 0.033938647994909324 0.10039997579950319 0.06787729598981865
6 0.4797399586310892 0.5225069679344576 0.22227497579950323 0.07133174936345324
6 0.48241044067710825 0.6005956052673667 0.21598861436318478 0.06500902402927142
6 0.4882241034412867 0.6755228799331849 0.19091589149054772 0.052218122692544354
6 0.4941195794371816 0.7363876545990031 0.1909704336450254 0.061593122692544355
6 0.4983525614832007 0.8144581105983668 0.20648634933607007 0.04302493602799871
1 0.07963191608382805 0.7771795706556368 0.1592638321676561 0.4456408586887264
23 0.6622636506639299 0.03706145862509282 0.10047269867214012 0.07412291725018565
23 0.2966750121002484 0.03295685598345531 0.10664997579950324 0.06591371196691062