22 0.9950932896203948 0.3004683359325485 0.009813420759210345 0.600936671865097
22 0.7299773497288535 0.2160591626352742 0.5400453005422928 0.4321183252705484
22 0.35879321701890443 0.09992727466581822 0.6949135659621911 0.19985454933163643
28 0.7393229951282262 0.7522831852323683 0.11320904800821019 0.12318405601527208
28 0.24353883821778027 0.5705648492998197 0.13195904800821018 0.12340223201781733
10 0.6559297539088249 0.5845149772438223 0.1568863251355733 0.11119313335454457
10 0.17089219945770706 0.4354818719764556 0.1788522287263694 0.12707267202418074
23 0.6981525735834492 0.8465058999045498 0.1443136022629364 0.09854768268618094
23 0.622679874911309 0.9286286039147311 0.11924087939029952 0.0857567813494537
23 0.18513546487760515 0.6728000586410012 0.1348840601084586 0.08906359468490824
23 0.11754798907810197 0.7423318559834553 0.09425906010845857 0.08859088001272664
2 0.4912571580887962 0.9598433359325484 0.13164997579950324 0.07027723201781733
2 0.2711991881430255 0.9186569039624561 0.10999314441741408 0.1075226933481808
2 0.06857415789240452 0.8350829773233641 0.10383404800821017 0.12307496801399935
1 0.9168207603517325 0.8580230132081876 0.15777718032537572 0.26431813335454424
1 0.43647070590061465 0.7089353639401846 0.2577953610435351 0.26860673870145285
1 0.0363727954741274 0.5308136479949093 0.0727455909482548 0.2883727040101814