1 0.5042014713136955 0.6209275235356551 0.36461311542376224 0.15627291395857804
23 0.7534822526167068 0.8282799220729578 0.24033731252120455 0.08539557792045152
2 0.29120050742603015 0.8264569545436571 0.29077382213985137 0.09876833116686257
23 0.07001000978828287 0.6633182061685102 0.09505952885594056 0.03913641233702041
23 0.9822718413771451 0.29832323538291283 0.035456317245709815 0.08826365909060954
23 0.013343281303011257 0.20323409415580135 0.014900802902557653 0.06896818831160267
23 0.6150644940095502 0.08412872726853328 0.16370040145127884 0.03721144805083536
23 0.8262748125212045 0.09562315502682917 0.14193452885594054 0.039954618505530615
6 0.07827388837407093 0.5869466209411625 0.09894842068857253 0.06106595941492117
6 0.19529769726707835 0.5843046363624381 0.07761905771188111 0.0763091298696164
6 0.8342510698624167 0.5923345137931271 0.061775802902557686 0.06978639448011296
6 0.9516815842055688 0.5959698027533531 0.0966368315888623 0.07356595941492117