28 0.24375 0.2183346612914862 0.25 0.33351893713693725
28 0.21875 0.040984564929977416 0.2 0.08196912985995483
6 0.6328125 0.11458892307831052 0.103125 0.22917784615662104
1 0.840625 0.38272226137704873 0.31875 0.746096019849595
6 0.4125 0.4823500037240536 0.1375 0.12202916542531543
6 0.4390625 0.518612835403254 0.115625 0.12101032092583353
6 0.478125 0.6027309702256076 0.13125 0.11861306699689197
6 0.5296875 0.6722044081911143 0.121875 0.11192641935425698
6 0.5765625 0.7465836699779386 0.140625 0.12842471463952734
6 0.634375 0.818891009515022 0.15625 0.10415246071058562
6 0.65 0.9025382634439634 0.1375 0.13452916542531526