7 0.8247432719605474 0.2617062377646464 0.34600448535963507 0.20575401451278824
1 0.4271195532304593 0.7425892270496913 0.243934002705271 0.2927778101589517
1 0.42339894796309263 0.25697910926367634 0.2122112880330894 0.25106153611233467
6 0.43744107725973064 0.526691408538037 0.1384090666772723 0.08292660580511538
6 0.43864104527373 0.42356640853803695 0.2009817920114539 0.09135915389834963
23 0.9349684158975503 0.721731023792163 0.064718122692544 0.19280754809323425
23 0.8225411412317319 0.7194096103599847 0.06457267202418074 0.18030754809323427
23 0.7178172785646411 0.7261903784161521 0.08652039735836255 0.18732143992586625
23 0.9815001599300033 0.4811407401268991 0.026090880012726813 0.0946230192372937
23 0.7640763025939125 0.5090375947508881 0.17292951734563572 0.09662700725639403
23 0.16621841589755015 0.7485763653389441 0.09029992536599848 0.24368056733052795
23 0.16118984929981972 0.24114581125526016 0.13706583736472583 0.23594247840045365