24 0.9334991586172041 0.153864123370204 0.13300168276559177 0.2771818831160272
24 0.7843175125364124 0.12312086363097134 0.18136497492717538 0.22180463636243805
24 0.599851584323167 0.12302758603483124 0.15029683135366606 0.2275091655834313
24 0.4060106561099216 0.12277066720498905 0.16297868778015676 0.233977353895034
24 0.21851065610992162 0.11949784253094826 0.15047868778015677 0.2337591655834313
24 0.06875 0.11057503571381495 0.1375 0.2211500714276299
15 0.9463482187919834 0.6706275146072013 0.08839049406099804 0.6587449707855975
15 0.7780528598582099 0.6534751964259822 0.10179977619345201 0.6930496071480355
15 0.5893707930860203 0.6924637840889619 0.09943564264907252 0.6150724318220762
15 0.41464357772575644 0.6815069188298422 0.11248121192854459 0.6369861623403157
15 0.23366636236549249 0.670604600648623 0.10052678120801684 0.6587907987027538
15 0.05758987648475043 0.6689136412337021 0.11517975296950086 0.6621727175325958
10 0.8689914115867049 0.4904095495069421 0.053058118500684516 0.2133182061685101
10 0.6829629833734596 0.49028899837185164 0.05156982633910108 0.26951365909060954
10 0.5065823397999504 0.4809570884704632 0.042558539192082634 0.28185001785690744
10 0.32863919622644105 0.4715979050301245 0.04989967775102695 0.31945911201270877
10 0.14578123211981836 0.4699694009729346 0.05275189311129087 0.31013865909060956
2 0.8507509107952821 0.7949334082732401 0.058853477434458054 0.19780230032431162
2 0.6710634107952821 0.7917969512939509 0.0682284774344577 0.19796594155801372
2 0.4954101929277357 0.7574650413925624 0.0588534774344577 0.19780230032431162
2 0.30897258775488623 0.7714069902574721 0.06850126207419391 0.20734094155801355
2 0.13548962364826359 0.7699421274339844 0.0651034774344578 0.19791139448011297
23 0.8502100385336739 0.9668479496723933 0.04611413354437914 0.06630410065521346
23 0.6684144692542017 0.9840160844132735 0.04502299498543501 0.03196783117345312
23 0.4941418949601645 0.9574887662320544 0.04647784639736088 0.08502246753589127
23 0.30627818210718305 0.9683523538950339 0.04575042069139794 0.06329529220993209
23 0.13467596674691915 0.9574500357138149 0.05254598997087014 0.08509992857237023