10 0.9243352787711224 0.31468753576036335 0.13823415389834964 0.20381898495630518
10 0.6104364698781151 0.3008617503292044 0.22940479092165802 0.22208090314042073
10 0.2676487691524757 0.3080926109788372 0.2136706635169964 0.2185012620741939
6 0.9895337259533828 0.06007424359877983 0.02093254809323426 0.06304556927947218
6 0.6770337259533828 0.050981422274243605 0.13343254809323427 0.06631898495630521
6 0.31754959854872117 0.04364967775102695 0.13990080290255769 0.07275084138279593
6 0.19278265609096623 0.6156035826073072 0.22383929328391083 0.06270590314042082
6 0.7823560767795387 0.5733230866974355 0.14993056733052795 0.091773626022532
6 0.20589772578374682 0.687933223673534 0.19237103847458742 0.05554662100796719
6 0.22181041326254233 0.7697287929530063 0.2553075480932342 0.06986518527287444
6 0.5088689252434418 0.9251055808914476 0.23321429328391083 0.06297868778015711
1 0.8790772762392338 0.7899456677218971 0.2029960914619629 0.4201086645562057
23 0.8552678533580446 0.05303933042922926 0.13946429328391083 0.060250841382795926
23 0.5018154711440594 0.052139442332503325 0.13386905771188112 0.07881898495630521
23 0.13328372595338286 0.03515991316955057 0.13343254809323427 0.06631898495630521
23 0.2313392138028473 0.541649257059629 0.20240080290255769 0.07456940564770313