11 0 0.011139471875 0.0228322 0.00013283437500000002 0 0 0 0.011139471875
24 0.014620238639209564 0.915625 0.02924047727841913 0.16875
24 0.13171091234361096 0.8688409035907962 0.23583195454365713 0.2623181928184074
24 0.3172586745184756 0.803489656124879 0.21822744317957143 0.3293612888348282
24 0.5211939724071553 0.6687248124461496 0.20934336688067745 0.3574317466803503
10 0.0006703814944694021 0.3781431807181592 0.0013407629889388042 0.19378636143631844
10 0.0506589245151803 0.32063975292686625 0.07832737175194149 0.1910613372358217
10 0.13760554545634288 0.2633272226762452 0.07471144805083538 0.16291815651766237
10 0.22913057224170413 0.212291963502863 0.08134327759614006 0.1848295179539809
10 0.34371126948176056 0.18326805971567514 0.10952282467404081 0.18811814441741398
10 0.4212828904229231 0.12590098731057642 0.07552965421934558 0.20979315651766242