9 0.04217165 0 0.050624999999999996 0.33166875 0.57375 0.29052500000000003 0.56933709375 0 0.04217165 0
9 0.5169953625 1 0.515625 0.630925 0.20249999999999999 0.67955 0.20789012499999998 1 0.5169953625 1
1 0.734375 0.85625 0.25625 0.2875
17 0.6203125 0.1984375 0.053125 0.159375
23 0.796875 0.009375 0.06875 0.01875
7 0.975 0.4875 0.05 0.5
6 0.7015625 0.321875 0.040625 0.11875
6 0.996875 0.071875 0.00625 0.10625
28 0.66875 0.003125 0.0625 0.00625
6 0.91875 0.353125 0.025 0.11875
6 0.9171875 0.5640625 0.021875 0.153125