9 0.2453125 0.5046875 0.478125 0.771875
1 0.990625 0.653125 0.01875 0.69375
1 0.703125 0.06875 0.30625 0.1375
23 0.771875 0.2765625 0.10625 0.078125
23 0.6015625 0.36875 0.065625 0.05
23 0.6046875 0.4578125 0.059375 0.053125
23 0.84375 0.5296875 0.075 0.046875
23 0.8265625 0.6140625 0.065625 0.078125
23 0.621875 0.7765625 0.08125 0.215625
1 0.753125 0.99375 0.20625 0.0125
6 0.921875 0.028125 0.03125 0.05625
6 0.9625 0.16875 0.0375 0.125
6 0.834375 0.696875 0.06875 0.06875
6 0.8375 0.7875 0.0625 0.05
6 0.7890625 0.9171875 0.053125 0.059375