24 0.008097503249706166 0.93125 0.016195006499412332 0.1375
24 0.8050745000065905 0.964427156124879 0.3200591298696164 0.0711456877502421
24 0.41334274188891573 0.8476204094445287 0.34909561363426656 0.30475918111094275
24 0.10484759253424356 0.7162613251355732 0.2096951850684871 0.3950226502711464
24 0.9156337191607442 0.7210246732932929 0.15018655519228047 0.36958631303532474
24 0.6517735909126858 0.5288452218906784 0.30879789610167074 0.3267635296614458
24 0.25847142451518035 0.3218487706844554 0.3402115373353728 0.3363203368430382
24 0.03125 0.15643180718159236 0.0625 0.3128636143631847
24 0.8562112694817605 0.18624969749378975 0.28757746103647897 0.3641362646343312
24 0.495674964286185 0.07164073418731844 0.34615007142762994 0.1394998789975159
24 0.140625 0.003943132317165595 0.28125 0.00788626463433119