15 0.0125 0.065625 0.025 0.13125
15 0.08996990275896198 0.13746030526481037 0.17993980551792396 0.23757938947037927
15 0.2186393781100182 0.23254957205503332 0.2634294934412793 0.26498019237293696
15 0.36257972863041654 0.3429364566312712 0.23810194482076028 0.25785717313564316
15 0.5017506919956852 0.4550495323145016 0.2663907191310198 0.2619643197775986
15 0.6561305755327703 0.5447965346767543 0.24813204206179834 0.2706845553496283
9 0.37221583672558844 0.04766862976691442 0.13056832654882305 0.09533725953382884
2 0.03325515603832233 0.3267063437393977 0.06651031207664466 0.09658731252120453
2 0.17164046811496697 0.41510910091097386 0.11806832654882315 0.11017858656782167
2 0.2987208672558844 0.5198461862128511 0.10902087516934209 0.11610120435383635
2 0.446359427862191 0.6191864433844273 0.10162445499752551 0.09400794954451293
9 0.0803205065587207 0.6373511778601486 0.1606410131174414 0.26279764427970276
9 0.17706279398642158 0.758040645376011 0.2096493962002413 0.25062502649368773
9 0.31072074174785796 0.8563094758685649 0.25125704206179833 0.27079368275429017