17 0.7198436405769446 0.17699532792374698 0.46468728115388913 0.35399065584749395
6 0.07247255850805626 0.8303226996756884 0.11410539969500029 0.3393546006486233
6 0.3666432925530556 0.04096809902706532 0.09578658510611122 0.08193619805413065
6 0.18473867591180557 0.014588605519887082 0.13197735182361114 0.029177211039774165
6 0.8588425503399311 0.6337097889668164 0.11970078305375012 0.31133869480442444
6 0.6245039179311116 0.6393633198093674 0.2734050516711113 0.20469104869945837
23 0.22490134859256988 0.5291032987027539 0.08001872758291687 0.2169341298696164
23 0.384021775454306 0.5153838977298191 0.08605052203583341 0.20766822402541757
23 0.7064137602554175 0.934929189939751 0.08372299620027786 0.10766822402541791
23 0.5316319658025008 0.9473588263021891 0.09578658510611113 0.08913641233702023
23 0.35328876025541744 0.9410930097425279 0.10247299620027786 0.10799550649282175
1 0.035834929330278056 0.3307590762988939 0.06759668844833375 0.48848184740221223