10 0.724971817892817 0.983148851197767 0.058250420691398117 0.03370229760446612
10 0.5469377461060623 0.9815243962002412 0.06431856426490726 0.03695120759951749
10 0.36908553074579836 0.9863137155129753 0.057522994985435005 0.027372568974049473
10 0.17864238717228909 0.9874867118949305 0.06340928213245363 0.025026576210138884
10 0.3481412302709447 0.8123450282669884 0.10354620031656907 0.12711577792830403
10 0.15572640973783128 0.7944604081860289 0.12442098997087014 0.09388719810012063
1 0.31063390393184354 0.542039172319523 0.15442204169936505 0.2670723925821967
6 0.39063232633910117 0.2888123530067892 0.07478470282385156 0.10376680913596861
6 0.29486518527287436 0.26819223654387436 0.10418269780928666 0.14899077792830412
2 0.1758998880967259 0.3618050384437537 0.11225126207419392 0.21181832654882307
10 0.024775308788123902 0.42253009724103807 0.029546410662268114 0.1575601944820761
23 0.3274838054894186 0.15601314111185866 0.15703491316955062 0.14239994120271565
23 0.12544994404836296 0.18286781094499088 0.1000574874635877 0.11445200361804461
23 0.0144335391920826 0.28157754862051904 0.016864554235777384 0.15065509724103804