1 0.2375 0.653125 0.475 0.69375
1 0.921875 0.1 0.15625 0.2
1 0.978125 0.403125 0.04375 0.25625
1 0.93125 0.953125 0.1375 0.09375
7 0.634375 0.95625 0.13125 0.0875
2 0.65 0.10625 0.225 0.2125
23 0.4375 0.090625 0.075 0.18125
23 0.6453125 0.721875 0.053125 0.05625
6 0.0265625 0.1578125 0.040625 0.128125
6 0.6453125 0.484375 0.078125 0.06875
6 0.64375 0.60625 0.05 0.075
6 0.984375 0.659375 0.03125 0.05625
6 0.9375 0.784375 0.0875 0.05625
6 0.64375 0.8421875 0.1 0.059375
6 0.3015625 0.0890625 0.040625 0.115625