2 0.721875 0.940625 0.18125 0.11875
1 0.996875 0.375 0.00625 0.6
1 0.040625 0.5 0.08125 1
1 0.4109375 0.4890625 0.284375 0.640625
28 0.721875 0.015625 0.11875 0.03125
28 0.721875 0.4828125 0.14375 0.390625
6 0.2296875 0.4890625 0.046875 0.153125
6 0.2359375 0.709375 0.034375 0.21875
6 0.3625 0.996875 0.05 0.00625
6 0.4375 0.971875 0.05 0.05625
6 0.51875 0.99375 0.0625 0.0125
6 0.9875 0.975 0.025 0.05
23 0.271875 0.978125 0.06875 0.04375
23 0.8640625 0.0859375 0.028125 0.121875
23 0.8609375 0.3546875 0.034375 0.184375
23 0.8640625 0.6015625 0.015625 0.140625
23 0.865625 0.921875 0.03125 0.15625