2 0.0125 0.6503637128529814 0.025 0.06322742570596293
2 0.0765625 0.6444152412245113 0.053125 0.06717077962517112
2 0.015625 0.5504546410662268 0.03125 0.06340928213245363
2 0.071875 0.5661538489046434 0.04375 0.06064799498543501
2 0.5671875 0.6149409707040332 0.046875 0.07948892319868044
24 0.015625 0.3473296410662268 0.03125 0.2696592821324536
24 0.0734375 0.372449313011266 0.059375 0.2236026360516618
24 0.24375 0.5727174006331384 0.1125 0.20952341567683314
24 0.3984375 0.5678433471887837 0.096875 0.2153187746106063
24 0.246875 0.31343332884638364 0.11875 0.21595527210332371
24 0.4015625 0.3241842754020291 0.115625 0.20336434389007838
24 0.5484375 0.33783290142456107 0.109375 0.22193248746358768
24 0.721875 0.39444191725967864 0.06875 0.24262542069139795
24 0.965625 0.45934681789281695 0.06875 0.18950042069139794
28 0.8796875 0.6552837920285695 0.034375 0.09162521034569907
28 0.934375 0.6568750357603633 0.03125 0.07903428213245363
11 0.91875 0.8778093805748786 0.1625 0.24438123885024296
10 0.571875 0.8494523630239013 0.01875 0.10992056927947225
10 0.6109375 0.8505889656894684 0.021875 0.11001149749271733
28 0.00625 0.8408068564264907 0.0125 0.08161371285298138
28 0.0359375 0.8401081744523216 0.046875 0.08573892319868044
28 0.0796875 0.8476311694377567 0.046875 0.08573892319868044
28 0.140625 0.8540917695960413 0.05625 0.08913670783841639
28 0.1953125 0.852558013327835 0.053125 0.09529577962517095
28 0.2453125 0.8508878647397609 0.040625 0.10118206677218992
28 0.296875 0.8555131802583095 0.04375 0.082522994985435
28 0.3484375 0.8523259957768579 0.046875 0.07948892319868044
28 0.3953125 0.8583774189755384 0.053125 0.08279577962517096
28 0.4515625 0.8522016268139548 0.053125 0.08592077962517095
6 0.5296875 0.874787332145089 0.034375 0.05725021034569906
6 0.5234375 0.8074179757185981 0.034375 0.05412521034569906
6 0.653125 0.8924414965682808 0.04375 0.054397994985435
23 0.6390625 0.8310948196086766 0.015625 0.06295464106622681
23 0.6671875 0.8194131735278848 0.021875 0.07563649749271768
23 0.696875 0.8312144915537157 0.01875 0.07867056927947225
23 0.0359375 0.7635456744523216 0.034375 0.03850021034569906
23 0.0921875 0.7698698822907382 0.034375 0.029125210345699058
23 0.1390625 0.7727963054894186 0.028125 0.038318353919208195
23 0.190625 0.7680466210079671 0.03125 0.03840928213245363
23 0.2453125 0.7696378647397609 0.040625 0.05118206677218975
23 0.303125 0.7713200366848001 0.03125 0.03840928213245363
23 0.3453125 0.7709850675636125 0.040625 0.04180706677218975
23 0.4046875 0.7711502036152744 0.046875 0.04511392319868044
23 0.4546875 0.7772925550272001 0.034375 0.04787521034569906