1 0.0931646682415018 0.30998267377634536 0.1863293364830036 0.21753465244730927
1 0.5121329230508251 0.09071746330947139 0.40073415389834965 0.18143492661894278
1 0.9571725383049514 0.5430307061934225 0.04986113466105593 0.17754814732681173
23 0.15515872595338287 0.028883863196531922 0.15218254809323425 0.057767726393063844
23 0.8862995985487212 0.01089564248866294 0.16490080290255768 0.02179128497732588
23 0.9079860816736801 0.16542091666029646 0.17224207694917482 0.10982856826055967
23 0.5093402174310444 0.4178597320782587 0.2908829495445131 0.11361996814762029
23 0.5021030923886354 0.5804507373399306 0.3002579495445131 0.11416599971765144
6 0.5013690047245054 0.2889002741716335 0.315555567330528 0.10570105233436981
6 0.889484074417286 0.33802395875367125 0.19789684137714508 0.13003465244730927
2 0.07077376915247569 0.6452677263930638 0.14154753830495137 0.10946454721387226