10 0.942867023961799 0.3214831050398355 0.10117066351699648 0.21522784639736087
10 0.6332737691524757 0.3187312119285446 0.17035717313564333 0.22972826708875882
10 0.2816567054501448 0.3100642879384414 0.22359130054030496 0.23439904671392994
10 0.03422617786014865 0.2885911385589443 0.0684523557202973 0.20218227711788864
6 0.7706745985487211 0.056834268671604474 0.10865080290255769 0.07184155925034233
6 0.40181547114405947 0.04922973950865173 0.10886905771188111 0.07809155925034231
6 0.046875 0.032613923198680436 0.09375 0.06522784639736087
1 0.4902876609851076 0.778125 0.9805753219702152 0.44375
23 0.9331745985487212 0.061562535760363316 0.13365080290255768 0.07256898495630522
23 0.5771428533580446 0.04494671945039201 0.14571429328391083 0.06043269780928666
23 0.21442459854872115 0.04064904671392999 0.13365080290255768 0.07256898495630522