9 0.28125 0.934375 0.5625 0.13125
21 0.7191687499999999 0.36885 0.72585625 0.57228125 0.94205 0.5610999999999999 0.9353624999999999 0.35320625 0.7191687499999999 0.36885
9 0.775 0.9625 0.1625 0.075
9 0.815625 0.709375 0.21875 0.10625
2 0.009375 0.16875 0.01875 0.1875
2 0.33125 0.165625 0.1875 0.16875
2 0.715625 0.1640625 0.18125 0.178125
10 0.171875 0.58125 0.08125 0.225
23 0.0453125 0.596875 0.090625 0.31875
5 0.45625 0.5765625 0.3875 0.403125
23 0.1328125 0.1984375 0.090625 0.221875
23 0.53125 0.1984375 0.1 0.259375