23 0.36208057237576463 0.8686305721665718 0.060611498100138925 0.05554434585538672
23 0.3546979513661116 0.5514430721665717 0.07332970364722229 0.06542868182494192
23 0.49862978932201435 0.5651129358164557 0.07354790919430557 0.0748036818249421
23 0.6020847104841673 0.7176251235728968 0.03641158510611113 0.08890067391627668
23 0.5946994766329863 0.26618995756528563 0.030234320288472283 0.09177100593149898
23 0.35487717648048644 0.4250079061589605 0.06686149810013893 0.05579901384016441
23 0.492086235751042 0.418110601824067 0.06686149810013901 0.05579901384016441
23 0.26068815254479183 0.2681902203796858 0.036629790653194584 0.09827567391627659
1 0.052696427430416984 0.38615767589344296 0.09462804787138915 0.3098153517868859
28 0.3645847104841672 0.7079477401513493 0.13873911094166685 0.1929753616727176
28 0.49914154844006997 0.7212356018240669 0.11991637575930572 0.18908635771838506
28 0.35883471181534743 0.2597012411399325 0.13641419794763915 0.22722302768032893
28 0.49629834422416685 0.2637414368050389 0.11148693313000031 0.2293293557412186