9 0.47293430843869116 0.421458927005726 0.18336861687738235 0.8384817587805987
17 0.8874296363624381 0.5207701432390637 0.22514072727512371 0.3325953731437835
10 0.6655775503210163 0.5381929508134394 0.12903648376465035 0.23197722872636942
6 0.9657024610364789 0.7805814804748852 0.06859507792704207 0.10047269867214012
6 0.7261367694751699 0.7853952037403056 0.2138091298696164 0.07623628883482816
6 0.615309174511885 0.16450092075921013 0.07680005357072232 0.10356133723582164
1 0.8323330332781829 0.15638948067127703 0.2951524074657563 0.26106580678880886
23 0.05100476136079044 0.4158795300542293 0.08848184740221225 0.05675906010845857
23 0.043445631491174114 0.34084316861791086 0.07576365909060953 0.04418633723582168
23 0.035613766232054395 0.25018180718159233 0.06337275324641088 0.050363614363184706
23 0.0342500892845374 0.17205680718159236 0.06348184740221223 0.056613614363184704
23 0.03277731818121904 0.08768180718159235 0.06359094155801359 0.0628636143631847