2 0.3078125 0.16875 0.603125 0.3
2 1 0.03005 0.80769375 0.028743750000000002 0.78698125 0.03789375 0.7929 0.29398749999999996 1 0.29536815 1 0.03005
2 0.2984375 0.5265625 0.571875 0.278125
2 0.89375 0.54375 0.2125 0.2875
2 0.30625 0.878125 0.5875 0.24375
2 0.89375 0.878125 0.2125 0.24375
23 0.6890625 0.0578125 0.090625 0.065625
23 0.696875 0.1765625 0.06875 0.065625
23 0.684375 0.4 0.06875 0.075
23 0.6859375 0.521875 0.084375 0.06875
23 0.690625 0.76875 0.13125 0.0875
23 0.6875 0.89375 0.1 0.075
6 0.6828125 0.303125 0.053125 0.06875
6 0.6890625 0.64375 0.065625 0.05
6 0.675 0.9875 0.0875 0.025