1 0.253125 0.475 0.50625 0.95
1 0.984375 0.175 0.03125 0.3
1 0.975 0.7125 0.05 0.4
28 0.840625 0.446875 0.16875 0.18125
28 0.8515625 0.1578125 0.153125 0.178125
23 0.5984375 0.065625 0.046875 0.10625
23 0.6984375 0.090625 0.059375 0.13125
23 0.85625 0.025 0.1125 0.05
23 0.65 0.303125 0.1 0.06875
23 0.640625 0.3765625 0.09375 0.065625
23 0.64375 0.45 0.1 0.0625
23 0.6421875 0.528125 0.109375 0.05625
23 0.6390625 0.6109375 0.115625 0.071875
2 0.6328125 0.6921875 0.128125 0.071875
2 0.646875 0.2234375 0.14375 0.059375
23 0.8546875 0.578125 0.096875 0.06875
6 0.5921875 0.8484375 0.071875 0.134375
6 0.6921875 0.846875 0.059375 0.13125
10 0.8625 0.79375 0.0875 0.2