22 0.003125 0.30625 0.00625 0.6125
22 0.26875 0.21875 0.5375 0.4375
22 0.640625 0.1 0.69375 0.2
28 0.25625 0.7609375 0.1125 0.121875
28 0.753125 0.5734375 0.13125 0.121875
10 0.340625 0.5921875 0.15625 0.109375
10 0.8265625 0.4375 0.178125 0.125
23 0.296875 0.8546875 0.14375 0.096875
23 0.371875 0.9359375 0.11875 0.084375
23 0.8109375 0.675 0.134375 0.0875
23 0.878125 0.74375 0.09375 0.0875
2 0.503125 0.965625 0.13125 0.06875
2 0.7234375 0.921875 0.109375 0.10625
2 0.9265625 0.8359375 0.103125 0.121875
1 0.078125 0.86875 0.15625 0.2625
1 0.559375 0.7140625 0.25625 0.265625
1 0.9625 0.53125 0.075 0.2875