10 0.6849999602594682 0.31554402744709314 0.23071431977759857 0.2595809031404207
10 0.3565475780454831 0.31537156505633007 0.19880955534962838 0.2399216210079671
10 0.056101177860148656 0.2954776360516619 0.11220235572029731 0.21595527210332371
6 0.8454563437393977 0.06526654578949316 0.14658731252120455 0.08543269780928667
6 0.476597216334736 0.05766201662654043 0.12180556733052797 0.09095527210332377
6 0.12379959854872118 0.03801212852981449 0.10240080290255764 0.07165970282385159
6 0.46436996861217067 0.5421734089464085 0.2242758029025577 0.07520590314042082
6 0.46476678349562794 0.6203893371596538 0.21780754809323427 0.06877404671392995
6 0.46839772578374683 0.6955711935861446 0.19237103847458742 0.05554662100796719
6 0.4725197413928434 0.7566905500126353 0.19269842068857254 0.0649216210079672
6 0.4744790562763007 0.8349519423325035 0.20766865626060227 0.046626262074193646
1 0.07153766098510767 0.778125 0.14307532197021533 0.44375
23 0.6610813437393978 0.0599017812080168 0.10283731252120454 0.08415970282385159
23 0.29567459854872113 0.043013180258309414 0.10865080290255769 0.07184155925034233