24 0.134375 0.134375 0.18125 0.26875
24 0.315625 0.128125 0.16875 0.25625
24 0.496875 0.128125 0.15625 0.25625
24 0.671875 0.11875 0.16875 0.2375
24 0.859375 0.115625 0.15625 0.23125
24 0.98125 0.1375 0.0375 0.275
15 0.125 0.659375 0.1125 0.68125
15 0.303125 0.65625 0.09375 0.6875
15 0.465625 0.671875 0.08125 0.65625
15 0.659375 0.66875 0.09375 0.6625
15 0.85 0.65625 0.0875 0.6875
15 0.99375 0.6625 0.0125 0.675
10 0.234375 0.4859375 0.03125 0.296875
10 0.40625 0.5 0.05 0.275
10 0.590625 0.4578125 0.04375 0.290625
10 0.7609375 0.475 0.046875 0.275
10 0.94375 0.490625 0.0375 0.28125
2 0.2328125 0.7578125 0.053125 0.140625
2 0.4125 0.78125 0.0375 0.1125
2 0.5953125 0.790625 0.053125 0.16875
2 0.7640625 0.7796875 0.065625 0.196875
2 0.9421875 0.784375 0.059375 0.20625
23 0.23125 0.965625 0.05 0.06875
23 0.40625 0.978125 0.0375 0.04375
23 0.584375 0.975 0.05625 0.05
23 0.7625 0.95625 0.0375 0.0875
23 0.95 0.971875 0.0375 0.05625