11 0.73125 0.890625 0.5375 0.21875
24 0.4875 0.5765625 0.225 0.203125
24 0.840625 0.5796875 0.24375 0.196875
10 0.565625 0.359375 0.16875 0.09375
10 0.8203125 0.3671875 0.203125 0.084375
1 0.1921875 0.45 0.221875 0.225
6 0.196875 0.2515625 0.13125 0.065625
6 0.2046875 0.6265625 0.146875 0.090625
6 0.31875 0.803125 0.075 0.13125
23 0.4 0.8125 0.075 0.125
23 0.36875 0.3953125 0.05 0.103125
2 0.39375 0.965625 0.05 0.06875
9 0.6375 0.084375 0.7 0.16875
9 0.990625 0.20625 0.01875 0.4125
9 0.1640625 0.7859375 0.203125 0.284375