6 0.056252612841527896 0.134375 0.11250522568305579 0.26875
6 0.3221413309251394 0.610252112826783 0.2000805737069448 0.4095773717519416
6 0.04477613107763927 0.4462749821430926 0.07238675911805569 0.15745003571381488
23 0.6859751740119445 0.06313165097622997 0.084450348023889 0.12626330195245994
23 0.5104660277354167 0.042838516235349684 0.09593205547083343 0.08567703247069937
23 0.3324864981001389 0.05067038149446941 0.10247299620027786 0.10134076298893882
23 0.6917615402719448 0.5068860105566021 0.06403005167111128 0.2010363944801128
23 0.951788544071667 0.396054056012945 0.09019381458888916 0.25147277110331834
23 0.12567160011118134 0.8997351728903272 0.13735714247680564 0.1304705243497292
23 0.5938397186522923 0.8665531112052254 0.150729964665139 0.16818871266133187
28 0.8880235169049311 0.7457461388046606 0.1478257830537501 0.31182961850553054