1 0.8120401002912985 0.8887520711779885 0.332274257059629 0.22249585764402297
1 0.17431540907942247 0.953125 0.34863081815884495 0.09375
1 0.2946806995251463 0.19503656326932317 0.21968332884638359 0.2555337114824372
6 0.9044194123781277 0.20736669178513586 0.07484219028743908 0.21217634783255318
6 0.811640878992033 0.22392283900966675 0.09735368778015677 0.23494268577927463
6 0.3859970551602142 0.49754875102576424 0.09404683135366607 0.2285653517868859
6 0.284752803906573 0.4824728962731288 0.07135347743445779 0.1995490138401644
6 0.13627716613905144 0.20891869665368965 0.07162626207419391 0.2089240138401644
6 0.042022363948338116 0.23303267589344295 0.08404472789667623 0.2285653517868859
6 0.00916909685957928 0.5037616699619439 0.01833819371915856 0.12002333992388792
23 0.9450992705204782 0.5297165356633563 0.09197952916295264 0.3720606838021084
23 0.6017537504622184 0.3405187955120071 0.25353680628084146 0.4535547174139364
23 0.14653740155757505 0.3939303666156335 0.06082985141192578 0.0524193458553869
23 0.11817305766749668 0.5085366946765233 0.0499665592503423 0.1081600098858317
23 0.05553666534762863 0.5106775148287476 0.03755748746358769 0.11077567391627667