5 0.015299830596522259 0.4818321968568468 0.03016332395722287 0.8886643937136937
17 0.8796168606507516 0.565826554586386 0.2361930718159236 0.3234161910658786
28 0.22941791451269422 0.7698545434232436 0.16369992739850953 0.21381855913900924
28 0.26811784191120375 0.9698459272121397 0.16289997579950316 0.060308145575720576
28 0.0151201069383184 0.9875 0.018895445745273888 0.025
10 0.6928360407797356 0.9383905277074778 0.22578177088084708 0.12321894458504445
1 0.6141463967551051 0.5800173713783903 0.17916130093507654 0.1864213052100677
6 0.9345053903121974 0.8714258912279853 0.05396131303532492 0.146224336641599
6 0.6239748729473916 0.3899017936281312 0.1565954336450254 0.0666524607105857
6 0.4252293425003789 0.5962116439185815 0.06949540944452863 0.13132708271265764
6 0.4681723840656815 0.9850428957806084 0.06279089149054791 0.029914208438783164
23 0.662284956667172 0.7993881095915659 0.1722386143631848 0.07050520678164425
23 0.46700881810349043 0.7965412837033339 0.15043633723582167 0.08198636228216234
23 0.19062708352338847 0.5462329528527029 0.07594539734428025 0.16599318114108108
23 0.10567238406568147 0.9768921397847523 0.03779089149054773 0.04621572043049547