9 0.13389061063628316 0.11513407629889387 0.1822187787274337 0.23026815259778774
2 0.2278703108621621 0.3487885073068959 0.051607273606936135 0.08206820616851011
2 0.2258080109468667 0.4377964602289953 0.05658319994353027 0.06030230032431163
2 0.2978187898154747 0.35381119805413064 0.05400423151356133 0.06962275324641087
2 0.37089226876878734 0.3587793417234647 0.05015118942018652 0.0570682061685102
2 0.43880781086216214 0.3451065795486 0.04702618942018653 0.057013659090609535
2 0.29272249516185117 0.44131119805413066 0.05400423151356133 0.06962275324641087
2 0.36487051094686673 0.435369115262415 0.047208199943530274 0.06013865909060954
2 0.43334749516185117 0.4388565795486 0.04702618942018653 0.057013659090609535
2 0.5431312898154748 0.34952925243892724 0.05712923151356133 0.06967730032431163
2 0.609211316123834 0.340571263803013 0.05069722099021767 0.06644320616851021
2 0.6796148213855059 0.33778145455024766 0.05364021046687384 0.06337275324641087
2 0.7513078108621621 0.33965187175853206 0.04775423151356133 0.06951365909060954
2 0.8453308266471776 0.3333279594215116 0.04720819994353036 0.06013865909060954
2 0.9182222950771465 0.3414211030908457 0.043719178896842695 0.05383411201270878
2 0.9733648213855058 0.3326540292275838 0.01614021046687384 0.06271818831160267
2 0.5347279846385075 0.440208799516828 0.04978716837349921 0.05081820616851011
2 0.6054955109468667 0.43116899026406263 0.04095819994353036 0.0600295649348082
2 0.6761720319935541 0.4236916810112973 0.04408319994353036 0.060084112012708954
2 0.744376000423523 0.4318666452974824 0.05694722099021767 0.06655230032431163
2 0.8321490162085385 0.42565182711626337 0.044629231513561504 0.06945911201270878
2 0.9121095319935542 0.419573376629796 0.05418624203690499 0.07274775324641088
2 0.9644154846385075 0.4327085763054844 0.02239021046687384 0.06282728246740402
24 0.20120431114451076 0.645827148540598 0.06622975768074628 0.22592730032431163
24 0.2720628427145419 0.6352248392878327 0.05649073663405879 0.21951365909060955
24 0.3501878427145419 0.6338611623403156 0.0752407366340588 0.21984094155801354
24 0.41286985323788555 0.629645220782302 0.06310475768074628 0.22587275324641087
24 0.5158128427145419 0.6309701672115796 0.06971877872743378 0.2322318474022122
24 0.5859433321911982 0.6328678579588143 0.07320779977412109 0.2385363944801128
24 0.6603818900695886 0.6143985016281484 0.06880872611071513 0.2166068474022122
24 0.7263863216678546 0.6335382394532838 0.0805498629141832 0.2573954886359143
24 0.82509683745287 0.6271325064994123 0.06437883134415223 0.24774775324641088
24 0.8925573532378855 0.6212722443245478 0.07320779977412109 0.23853639448011296
24 0.9463348006211671 0.6359426704612858 0.046902905007558005 0.26929547077900684
28 0.24356944752445586 0.15964418669004493 0.04757222099021767 0.06638865909060954
28 0.2978019212160966 0.166502112826783 0.04462923151356133 0.06945911201270882
28 0.3431144212160966 0.16571118019722317 0.04775423151356133 0.06951365909060954
28 0.3999104527861277 0.15535433279501093 0.04811825256024873 0.07576365909060953
28 0.4480749370011122 0.15919635308755037 0.057311242036904984 0.07280230032431154
28 0.5031264580477994 0.15199177922428847 0.05491428413027997 0.08524775324641087
28 0.5499104527861277 0.1527360730557783 0.04811825256024882 0.07576365909060953
28 0.6011089317394402 0.15808604627041706 0.05124325256024882 0.0758182061685102
28 0.6542339317394402 0.15715874594610552 0.05749325256024882 0.07592730032431154
28 0.7108479527861278 0.14992689854389324 0.05822129465362345 0.08842730032431154
28 0.7625014580477995 0.14746437175853205 0.04793624203690498 0.07263865909060954
28 0.8204959685711433 0.14333025081736947 0.05142526308359265 0.07894320616851021
28 0.8689334685711433 0.14248477110990893 0.04830026308359266 0.07888865909060953
28 0.9281264580477995 0.14457337662979602 0.054914284130279614 0.08524775324641087
28 0.9719674633094714 0.1422472175391865 0.042232273606936134 0.08190456493480816
23 0.2348777160108945 0.22847600730689593 0.03746917889684287 0.05372501785690744
23 0.2871836686558479 0.24161120698258437 0.04244510523343692 0.03195911201270887
23 0.34205317917919154 0.23753163311932246 0.03968412628012441 0.0381545649348082
23 0.3920531791791915 0.2366588798729116 0.040412168373499216 0.0506545649348082
23 0.4438886949642071 0.2310713530875504 0.04299113680346807 0.04133411201270887
23 0.499592663394176 0.2394645056853381 0.04335515785015538 0.047584112012708776
23 0.5532636949642071 0.22916220536102658 0.036741136803468064 0.041225017856907444
23 0.6079511949642071 0.22820763149776466 0.03361613680346807 0.04117047077900686
23 0.6594226897025353 0.2288701047124035 0.03692314732681172 0.04435001785690744
23 0.7057516581325041 0.2374268985438933 0.04353716837349921 0.05070911201270878
23 0.7614402160108945 0.21928482468063137 0.04059417889684287 0.0537795649348082
23 0.8124566844408634 0.22775979789527012 0.043355157850155736 0.047584112012708776
23 0.8661277160108944 0.21745749757095859 0.036741136803468064 0.041225017856907444
23 0.9171441844408633 0.22593247078559736 0.04095819994353036 0.0600295649348082
23 0.9709062212725662 0.21406767046128583 0.033434126280124585 0.038045470779006774