9 0.6715763545927282 0.903386108095172 0.23186523292582972 0.19322778380965602
28 0.24510005879728433 0.1663907191310198 0.07759381275401314 0.1723530348257091
28 0.5983888331075438 0.18177221619034373 0.08351626413349429 0.16643058344622813
1 0.09885142130347029 0.38591092378986114 0.12341972636710903 0.45211577792830415
1 0.4621769369073025 0.41905313093509333 0.14843301447217847 0.39421474672063966
1 0.807980759838081 0.4277751922187685 0.1393855630926975 0.3999734237898611
10 0.046875 0.018081614653892554 0.09375 0.03616322930778511
10 0.377469902758962 0.032316691541399954 0.12006019448207601 0.03122342378986114
10 0.7332285798281835 0.06036196291098338 0.12104284034363318 0.04997342378986114
2 0.26289847467368765 0.6937654466297826 0.10440861827193722 0.14882700361804452
2 0.6266334260531687 0.7190951537750148 0.07991322930778502 0.09768058344622813
23 0.2899611001817141 0.35675676956056107 0.08565861827193721 0.14784435775648763
23 0.28999432044438767 0.5056037053362099 0.0873096494796016 0.11988313206674714
23 0.6461292130265843 0.37698954093014453 0.08451219810012063 0.12596935775648763
23 0.6414682892367232 0.4958214280852743 0.08829229534115868 0.13863313206674716