2 0.3087942587805987 0.1592294507857883 0.6048703489432865 0.3184589015715766
2 0.78973340625 0 0.787201709375 0.001239509375 0.79461036875 0.2570575890625 1 0.24886097812500002 1 0 0.78973340625 0
2 0.30150095100983115 0.5126625500427813 0.5734930839161719 0.3047605062007438
2 0.8949135659621911 0.5021229247354496 0.2101728680756178 0.2973973465663967
2 0.3113587818027452 0.8638611770072518 0.5889180960164204 0.27111325227180244
2 0.8959498668972674 0.8364979247354496 0.2081002662054651 0.2536473465663967
23 0.6893988432859459 0.03032093093619338 0.09100679508134384 0.06064186187238676
23 0.6979022105759969 0.1441050252307876 0.06913179508134384 0.06882708271265772
23 0.6867021319243822 0.36812472208763447 0.06918633723582168 0.07820208271265763
23 0.6889736799325924 0.4899269474805286 0.08477497579950324 0.07267982878371626
23 0.6950974566671719 0.736583623659211 0.13175906010845856 0.09361306699689198
23 0.6926996853935414 0.8617291728734227 0.10043633723582168 0.07965757485477454
6 0.6845760296614458 0.27132249669474034 0.05352497579950324 0.07122433664159918
6 0.6928077279408026 0.6116563982663169 0.06591589149054791 0.05305653349844608
6 0.6807451069383184 0.9560613697302696 0.08764544574527396 0.029075377997927986