10 0.7680094634506457 0.2666232609697348 0.18977075739839755 0.5302274898232346
10 0.34445596927701494 0.879200662597043 0.1803986734939967 0.2088438127540133
2 0.2559168000564697 0.05364289914091737 0.08816639988706054 0.10728579828183474
23 0.28060192676011714 0.4510557304394389 0.08182393657758916 0.2815642605154496
23 0.5105176689381965 0.5153351571699761 0.15488346302712266 0.14519739258219672
23 0.5357569475244558 0.1354838828597166 0.160951452503779 0.14239994120271565
23 0.4360439158132504 0.014518444143391762 0.07791216837349921 0.029036888286783524
1 0.01875 0.5 0.0375 1
9 0.7100501481738578 0.8070778426069406 0.4990870312876824 0.3314712437799635
6 0.14980695306847638 0.450121751470338 0.08200594710093281 0.28468926051544957
6 0.5220753371705213 0.3168976571699761 0.1304294945971538 0.15326219810012062