24 0.27367505357072247 0.103125 0.4473501071414449 0.20625
24 0.748729600648623 0.10625 0.4224592012972462 0.2125
10 0.014050232139797234 0.446875 0.016536483764650316 0.23125
10 0.43123773213979727 0.446875 0.087975107141445 0.20625
10 0.9076365909060952 0.4375 0.09230014285525989 0.275
15 0.22330032142433462 0.61875 0.31330948700776584 0.7625
15 0.7043866801906326 0.609375 0.31363676947517016 0.78125
2 0.4432151753193686 0.775 0.1378660129856435 0.2
2 0.9166254017804183 0.7734375 0.1474046542193456 0.209375
23 0.43916642369451553 0.990625 0.10657728246740401 0.01875
23 0.9169095941492108 0.96875 0.12609094155801373 0.0625