1 0.10443192818407646 0.7675456442587814 0.2088638563681529 0.3024087114824372
1 0.917257097587554 0.756186472245309 0.15734084308955404 0.19386669961943906
1 0.5396432412194013 0.1641659762740038 0.6332135175611974 0.3283319525480076
6 0.031104554254726118 0.08935166007611217 0.062209108509452236 0.08379667984777565
6 0.42515141081927077 0.7621790760465423 0.12262040944452864 0.13309102570316256
6 0.6391230072284746 0.7690816975679107 0.10070904800821019 0.12594968775644091
6 0.794774085290914 0.5971536649446659 0.25961134933607005 0.05119372136826907
6 0.7816842537124332 0.43053916791041547 0.16896816861791067 0.04437603558899426
6 0.08924222365820386 0.5024936472245309 0.14716589149054776 0.055984697642272784
6 0.0712285427436529 0.3766951511788636 0.122184072208707 0.05809102570316256
6 0.7787389773706369 0.9367891679104154 0.2066136143631848 0.07090404349765969
23 0.2410753509072039 0.9868156146012861 0.20628636143631846 0.014654043497659686
23 0.08315689188333122 0.4403119822055029 0.16631378376666245 0.056876035588994255
23 0.7703195068356912 0.5044223368837762 0.259756795081344 0.0761937213682689
23 0.7710830969983791 0.37317233688377616 0.18468407220870695 0.06063770555093821