10 0.7660121766149363 0.8505872760979954 0.10832591361309589 0.2792158800127268
10 0.15252953075337922 0.8247101933481812 0.1201708163720578 0.2668613306810901
28 0.9301057383528967 0.7932122227879944 0.1397885232942066 0.22347495735199913
28 0.32852546472000566 0.7861578653723619 0.14847287878738671 0.21097495735199914
23 0.9395360492978876 0.9610862347230883 0.12092790140422487 0.07782753055382337
23 0.7449339574839164 0.5973713694302683 0.11314180913596843 0.07314769334818116
23 0.7332794052453528 0.4941736440960865 0.11346935775648763 0.07939769334818117
23 0.34731748755992714 0.9638817813494537 0.12268058344622812 0.0722364373010926
23 0.1509382960185272 0.5857749626829992 0.11232293758467109 0.057522693348181164
23 0.14874063093509332 0.4842488253500902 0.1068918091359686 0.07307496801399935
2 0.9212507960185272 0.5947383601209035 0.14800813206674696 0.08292268268618094
2 0.3275007960185272 0.5878294533736346 0.13550813206674714 0.08277723201781732
1 0.5354438500661132 0.7417191640674514 0.24249727498762805 0.4556703866963622
1 0.04375431704942636 0.7156977253341819 0.037721243779963574 0.48139545066836364