10 0.278125 0.1578125 0.09375 0.278125
10 0.890625 0.1765625 0.10625 0.265625
28 0.10625 0.2171875 0.1375 0.221875
28 0.7125 0.2171875 0.1375 0.209375
23 0.109375 0.04375 0.11875 0.0875
23 0.2859375 0.4109375 0.109375 0.071875
23 0.2921875 0.5140625 0.109375 0.078125
23 0.703125 0.0375 0.11875 0.075
23 0.8796875 0.415625 0.109375 0.05625
23 0.8765625 0.5171875 0.103125 0.071875
2 0.109375 0.415625 0.14375 0.08125
2 0.703125 0.415625 0.13125 0.08125
1 0.003125 0.265625 0.00625 0.43125
1 0.503125 0.2640625 0.21875 0.453125
1 0.99375 0.284375 0.0125 0.48125