15 0.8627307849506973 0.9438305737069449 0.1936130669968918 0.11233885258611025
15 0.9474739660917784 0.882359317626112 0.03577064185166705 0.23183188145888883
2 0.5354019975233099 0.9906302256830557 0.08895549214211726 0.018739548633888603
2 0.6786126501283437 0.9120779595342366 0.08234592721213971 0.09244337955902751
2 0.8447899218399655 0.803323821425834 0.06672092721213971 0.09207970364722229
9 0.10687481472508964 0.9566864110941667 0.21374962945017928 0.08662717781166655
9 0.256592100914132 0.9024002610179167 0.19354460049533806 0.1951994779641666
9 0.4209157741973303 0.8028432042159033 0.2015411910658786 0.23881184612402784
9 0.5745202713018461 0.6953606253780562 0.2223973465663967 0.2174459924005557
9 0.7292506207637269 0.5972894141313896 0.2364983879227255 0.2521119331300003
9 0.9006248147250897 0.47770687879652857 0.1684761339937843 0.26613675911805573
9 0.9707618403656528 0.38235931762611197 0.03693503556536086 0.2568318814588889