3 0.88125 0.840625 0.2375 0.31875
28 0.0359375 0.1609375 0.034375 0.071875
28 0.0375 0.253125 0.0375 0.06875
28 0.0328125 0.3609375 0.028125 0.071875
28 0.040625 0.459375 0.03125 0.08125
28 0.034375 0.5578125 0.03125 0.078125
28 0.0359375 0.65625 0.034375 0.075
28 0.0296875 0.75625 0.034375 0.0875
28 0.2734375 0.1484375 0.034375 0.096875
28 0.328125 0.1484375 0.03125 0.096875
28 0.275 0.2578125 0.0375 0.078125
28 0.334375 0.25 0.03125 0.075
28 0.2734375 0.353125 0.034375 0.08125
28 0.328125 0.359375 0.03125 0.08125
28 0.271875 0.4484375 0.03125 0.084375
28 0.3296875 0.4453125 0.034375 0.078125
28 0.2703125 0.546875 0.040625 0.08125
28 0.3296875 0.5515625 0.034375 0.103125
28 0.2671875 0.65 0.034375 0.0875
28 0.328125 0.646875 0.03125 0.09375
28 0.2703125 0.7546875 0.040625 0.096875
28 0.3265625 0.7484375 0.040625 0.096875
28 0.2171875 0.7546875 0.034375 0.084375
28 0.6140625 0.1546875 0.040625 0.084375
28 0.66875 0.1578125 0.0375 0.090625
28 0.665625 0.2515625 0.03125 0.078125
28 0.6640625 0.346875 0.028125 0.08125
28 0.775 0.25625 0.0375 0.075
28 0.8265625 0.15625 0.028125 0.0875
28 0.778125 0.346875 0.03125 0.08125
28 0.8328125 0.2484375 0.028125 0.096875
28 0.83125 0.35 0.0375 0.0875
28 0.834375 0.440625 0.03125 0.08125
28 0.8375 0.54375 0.0375 0.1
28 0.915625 0.2671875 0.04375 0.121875
6 0.6734375 0.4875 0.034375 0.0875
6 0.503125 0.209375 0.04375 0.04375
6 0.7328125 0.4890625 0.028125 0.103125
21 0.553125 0.4328125 0.15625 0.303125
23 0.7078125 0.159375 0.015625 0.06875
23 0.7078125 0.2453125 0.015625 0.053125
23 0.70625 0.35 0.025 0.05
23 0.9546875 0.246875 0.021875 0.05625
23 0.3671875 0.1515625 0.021875 0.065625
23 0.3671875 0.25625 0.021875 0.0625
23 0.371875 0.353125 0.01875 0.05625
23 0.3671875 0.4546875 0.021875 0.059375
23 0.3734375 0.55 0.021875 0.0625
23 0.371875 0.64375 0.01875 0.05
23 0.375 0.740625 0.025 0.06875
6 0.2203125 0.8328125 0.040625 0.040625
23 0.275 0.83125 0.0375 0.0375
23 0.0765625 0.1484375 0.028125 0.059375
23 0.0796875 0.2578125 0.021875 0.053125
23 0.075 0.3609375 0.025 0.059375
23 0.0765625 0.453125 0.028125 0.05625
23 0.0765625 0.5515625 0.028125 0.065625
23 0.0796875 0.6421875 0.021875 0.059375
23 0.0703125 0.7484375 0.028125 0.059375
23 0.871875 0.159375 0.01875 0.08125
23 0.871875 0.2546875 0.01875 0.071875
23 0.871875 0.3390625 0.01875 0.065625
23 0.875 0.44375 0.025 0.075