24 0.996875 0.08125 0.00625 0.1625
24 0.7012969063770066 0.084375 0.4025938127540131 0.16875
24 0.2299132293077851 0.09375 0.3973264586155702 0.1875
10 0.9708524898232348 0.440625 0.058295020353530444 0.24375
10 0.5475942107632769 0.4609375 0.10552846223361492 0.284375
10 0.06716972636710904 0.446875 0.09961929895920327 0.23125
15 0.7891686363621602 0.628125 0.3139782858417618 0.74375
15 0.31400486205190076 0.625 0.2893058344622809 0.75
2 0.9805151741285453 0.78125 0.03896965174290941 0.1875
2 0.5418443362713032 0.7984375 0.1221626843053107 0.184375
2 0.09374102894435692 0.775 0.11542136137453221 0.175
23 0.997587566710742 0.990625 0.004824866578515952 0.01875
23 0.5573475848009652 0.975 0.0901203889641522 0.05
23 0.10438635911122467 0.978125 0.09604284034363304 0.04375