2 0.2967593651226386 0.8258771128267831 0.5935187302452772 0.31052758603483144
2 0.7764673765625 0.6921723796875 0.764587978125 0.9483694406250001 0.785087509375 0.9571579031249999 0.9774241625 0.952494934375 0.9835995109375 0.687176784375 0.7764673765625 0.6921723796875
2 0.28829616774368044 0.46822825406048507 0.5765923354873609 0.2881071152558244
2 0.8831306633752775 0.44064953572040555 0.21919163677722225 0.29120920129724615
2 0.3034133278879166 0.12176590584419864 0.5931733442241669 0.24353181168839727
2 0.8909133278879166 0.11500206818451433 0.21817334422416684 0.23000413636902867
23 0.6671328425181242 0.9301598693229 0.09215243882958343 0.06720686525912001
23 0.6777092794478465 0.8112735016281484 0.07027743882958326 0.06682503571381489
23 0.6704098449866661 0.588054189939751 0.07049564437666671 0.07620003571381488
23 0.6748090170987495 0.4661519164008007 0.08597517401194459 0.07022277110331832
23 0.6852425965052775 0.21919509578394974 0.13328658510611113 0.08979097727182853
23 0.6850270037997221 0.09424964286185042 0.10174564437666671 0.07674550649282177
6 0.6665925543334715 0.6849564634787015 0.054725174011944586 0.06967730032431163
6 0.680770689210833 0.34422236932290007 0.06678876291777769 0.0511454886359143
6 0.6747090592705556 0.006990745132031325 0.08808188145888884 0.01398149026406265