2 0.190625 0.065625 0.23125 0.13125
2 0.60625 0.059375 0.1875 0.11875
2 0.96875 0.046875 0.0625 0.09375
2 0.1984375 0.3953125 0.171875 0.265625
2 0.621875 0.403125 0.20625 0.33125
2 0.965625 0.378125 0.06875 0.31875
23 0.03125 0.046875 0.0625 0.09375
23 0.434375 0.053125 0.10625 0.10625
23 0.859375 0.05625 0.09375 0.1125
23 0.0375 0.41875 0.075 0.3125
23 0.4359375 0.3984375 0.096875 0.296875
23 0.859375 0.3921875 0.09375 0.284375
23 0.390625 0.7640625 0.26875 0.103125
24 0.0625 0.975 0.125 0.05
24 0.540625 0.96875 0.43125 0.0625