11 0.2600637013049104 0.6564582980084163 0.5201274026098208 0.5120834039831674
28 0.8287046133036376 0.1897221103599847 0.11395450668363552 0.12892858656782166
28 0.6833557506365469 0.19792153467675427 0.09186133068109026 0.10941469473518964
28 0.5490171133036378 0.1994890130772079 0.09803860534690845 0.10338294954451306
28 0.3943659759707286 0.20176581960796264 0.08248633068109026 0.10908731252120454
6 0.802634103994273 0.02687494701262433 0.032159066677272106 0.05374989402524866
23 0.7246000106620002 0.022043603273226582 0.03829997867599957 0.044087206546453164
23 0.6433136479949093 0.026587259533828834 0.03837270401018138 0.05317451906765767
23 0.5449125106620002 0.025153734306085362 0.03517497867599957 0.050307468612170725
23 0.4558500106620002 0.026626954269018472 0.02579997867599957 0.053253908538036944
23 0.3776159226607275 0.03742061052962072 0.032268154678544915 0.07484122105924144