11 0.7053354592250717 0.8736049673274995 0.5438649749271753 0.2312604513661114
24 0.4707237446562306 0.5652158115516663 0.23091033386094856 0.20836193313000032
24 0.8237578164429852 0.5601217359448605 0.24947847743445806 0.20254834422416684
10 0.5551682554767833 0.34620993199263844 0.17147784639736088 0.09767769984750015
10 0.8096284349436699 0.34809451463020763 0.20558006175762494 0.08910278685347243
1 0.17909383729266787 0.4455267862847915 0.22842183135366606 0.23016419794763915
6 0.18955527883374837 0.24698018351124987 0.1331594924781526 0.0686798776591667
6 0.18645639324430485 0.6217983455553471 0.14951191818411552 0.09404355357097245
6 0.2953814491959419 0.7957060113991663 0.0788189849563052 0.13299564437666672
23 0.3763586645562058 0.8031898966577774 0.0786371285298145 0.12674564437666688
23 0.3572475810244617 0.3867297484813886 0.053000631037097 0.10428876291777786
2 0.36565318210718306 0.9564603670224997 0.052000420691397944 0.06991376291777769
9 0.6350449382423753 0.08102918161138876 0.7049101235152495 0.16205836322277753
9 0.984623737925806 0.19483057636930515 0.030752524148388007 0.3896611527386103
9 0.14119405436879137 0.7821189029260415 0.21139946740532797 0.28910278685347246