9 0.3284236454072718 0.8604364698781151 0.23186523292582972 0.19837304573098144
28 0.7548999412027158 0.12704355028585093 0.07759381275401331 0.17115080290255763
28 0.40161116689245624 0.13624994701262433 0.08351626413349429 0.16511905771188107
1 0.9011485786965299 0.3489135718853973 0.12341972636710921 0.4503670769491748
1 0.5378230630926975 0.3756894145284867 0.14843301447217847 0.39197422359113016
1 0.19201924016191896 0.37837299274360586 0.1393855630926975 0.3978968413771451
10 0.622530097241038 0.0026785335804459507 0.1200601944820761 0.0053570671608919014
10 0.2667714201718165 0.018273795646163514 0.121042840343633 0.03654759129232703
2 0.7371015253263123 0.6536258976534457 0.10440861827193722 0.14713294954451292
2 0.3733665739468313 0.6725892402965352 0.0799132293077851 0.09636905771188112
23 0.7100388998182859 0.3164532798674308 0.08565861827193721 0.14647818511654281
23 0.7100056795556123 0.4651635983790852 0.0873096494796016 0.11846231252120454
23 0.3538707869734156 0.33045630399886605 0.08451219810012063 0.12460318511654282
23 0.35853171076327683 0.4492608677011969 0.08829229534115868 0.13721231252120453