2 0.0125 0.35 0.025 0.0625
2 0.0765625 0.3578125 0.053125 0.065625
2 0.015625 0.45 0.03125 0.0625
2 0.071875 0.4359375 0.04375 0.059375
2 0.5671875 0.4015625 0.046875 0.078125
24 0.015625 0.653125 0.03125 0.26875
24 0.0734375 0.6296875 0.059375 0.221875
24 0.24375 0.434375 0.1125 0.20625
24 0.3984375 0.44375 0.096875 0.2125
24 0.246875 0.69375 0.11875 0.2125
24 0.4015625 0.6875 0.115625 0.2
24 0.5484375 0.678125 0.109375 0.21875
24 0.721875 0.6265625 0.06875 0.240625
24 0.965625 0.56875 0.06875 0.1875
28 0.8796875 0.3703125 0.034375 0.090625
28 0.934375 0.3703125 0.03125 0.078125
11 0.91875 0.134375 0.1625 0.26875
10 0.571875 0.1671875 0.01875 0.109375
10 0.6109375 0.1671875 0.021875 0.109375
28 0.00625 0.159375 0.0125 0.08125
28 0.0359375 0.1609375 0.046875 0.084375
28 0.0796875 0.1546875 0.046875 0.084375
28 0.140625 0.15 0.05625 0.0875
28 0.1953125 0.153125 0.053125 0.09375
28 0.2453125 0.15625 0.040625 0.1
28 0.296875 0.153125 0.04375 0.08125
28 0.3484375 0.1578125 0.046875 0.078125
28 0.3953125 0.153125 0.053125 0.08125
28 0.4515625 0.1609375 0.053125 0.084375
6 0.5296875 0.140625 0.034375 0.05625
6 0.5234375 0.2078125 0.034375 0.053125
6 0.653125 0.1265625 0.04375 0.053125
23 0.6390625 0.1875 0.015625 0.0625
23 0.6671875 0.2 0.021875 0.075
23 0.696875 0.1890625 0.01875 0.078125
23 0.0359375 0.2375 0.034375 0.0375
23 0.0921875 0.2328125 0.034375 0.028125
23 0.1390625 0.23125 0.028125 0.0375
23 0.190625 0.2375 0.03125 0.0375
23 0.2453125 0.2375 0.040625 0.05
23 0.303125 0.2375 0.03125 0.0375
23 0.3453125 0.2390625 0.040625 0.040625
23 0.4046875 0.240625 0.046875 0.04375
23 0.4546875 0.2359375 0.034375 0.046875