10 0.7716009024001461 0.2712068726257537 0.18368171877335637 0.5292980099247975
10 0.35495682630702613 0.8815152497951122 0.17806514970954979 0.20785965756743252
2 0.25660956492997744 0.054280777502589986 0.08678087014004517 0.10856155500517997
23 0.28605289247534865 0.4528509024001461 0.0785788800648426 0.2811815334984461
23 0.5168619367271616 0.5184972113342675 0.15327916542531544 0.1443408130679506
23 0.537671166253885 0.13866416212005578 0.1593836162111037 0.14150691149637407
23 0.4363356062863063 0.015684850290450254 0.07732878742738744 0.03136970058090051
1 0.01875 0.5 0.0375 1
9 0.7199311629486254 0.8115065409465533 0.49551382299274815 0.32866457898860413
6 0.15516676551087794 0.45115146939703815 0.07872442927905432 0.2843065334984459
6 0.5261043118296055 0.32005971133426747 0.12871581306795044 0.1525514193542569