15 0.0125 0.934375 0.025 0.13125
15 0.090625 0.859375 0.18125 0.23125
15 0.23125 0.759375 0.25 0.25625
15 0.38125 0.64375 0.225 0.25
15 0.5265625 0.5265625 0.253125 0.253125
15 0.6859375 0.43125 0.234375 0.2625
9 0.375 0.946875 0.125 0.10625
2 0.040625 0.671875 0.08125 0.09375
2 0.19375 0.578125 0.1125 0.10625
2 0.3265625 0.46875 0.103125 0.1125
2 0.4796875 0.3640625 0.096875 0.090625
9 0.003125 0.45625 0.00625 0.2625
9 0.09375 0.359375 0.1875 0.25625
9 0.2171875 0.234375 0.196875 0.24375
9 0.35625 0.13125 0.2375 0.2625