9 0.561447153843379 0.5750319839274579 0.2077571894087395 0.839463584022908
17 0.13818512820281578 0.4830295813176371 0.24667821670644177 0.3339408373647258
10 0.3654368329175455 0.46162510662000217 0.13577064185166687 0.23270450668363551
6 0.05110454342324346 0.22452728532781846 0.08590757485477488 0.1009454293443631
6 0.29768844499482 0.21540463462763815 0.21599318114108118 0.07747266136218052
6 0.42657996401584536 0.8345535292807297 0.07980312406898663 0.10399770401018138
1 0.20982911165848056 0.8464557346435466 0.3027055847795723 0.262756728039453
23 0.9692038800648426 0.5732480238701878 0.06159223987031481 0.057268154678545
23 0.977346019849595 0.6481752985360061 0.04530796030080993 0.04462270401018138
23 0.9856337088485588 0.7387275732018243 0.02873258230288229 0.050727253341817755
23 0.9873802994190995 0.8168525732018243 0.025239401161800856 0.05697725334181776
23 0.9892724392038517 0.9012275732018242 0.021455121592296678 0.06322725334181775