1 0.5271274575652856 0.6037019423325033 0.16248936562705046 0.15767141066226814
28 0.3224399575652856 0.5977461443649321 0.12709569368794008 0.13167120031656906
2 0.7326479457022874 0.5534986685133199 0.11103034190105418 0.04380748746358769
6 0.5529949377936221 0.5108157603583343 0.054780341901054186 0.04217077962517113
23 0.7408796679847776 0.027799986539150855 0.05675933596955503 0.014136707838416519
23 0.45688666996194394 0.02890051913382289 0.10127333992388791 0.03415970282385159
23 0.4607703567298017 0.12421301913382288 0.10292868182494211 0.07478470282385156
23 0.4603087361970166 0.3426902344940868 0.0961693458553869 0.06210284639736088
23 0.7408371304929791 0.6395725608331879 0.12129667984777548 0.06595527210332382
23 0.27949377079742777 0.5012970416993651 0.05726867193911023 0.02663670783841656
23 0.4173121057783996 0.5131103830821611 0.07040534190105419 0.04262542069139794