2 0 0.29536815 0.38165625 0.29791249999999997 0.38461249999999997 0.0326625 0 0.03005 0 0.29536815
2 1 0.02090625 0.7189375 0.02090625 0.60355 0.0326625 0.60355 0.291375 0.65384375 0.3031375 1 0.29970309375 1 0.02090625
2 0.19375 0.54375 0.3875 0.2875
2 0.2 0.878125 0.4 0.24375
2 0.803125 0.875 0.39375 0.25
2 0.8 0.5375 0.4 0.275
23 0.50625 0.48125 0.1 0.0625
23 0.521875 0.1265625 0.14375 0.065625
23 0.5 0.828125 0.1125 0.06875
6 0.4953125 0.2234375 0.065625 0.046875
6 0.4953125 0.5796875 0.078125 0.059375
6 0.4828125 0.93125 0.078125 0.075