1 0.1625 0.125 0.325 0.25
1 0.8116817938314899 0.04323873329091104 0.3766364123370202 0.08647746658182208
1 0.6857359391289721 0.8090422625716407 0.2168092191541536 0.2493476613621805
6 0.07614275081736947 0.8286329826543642 0.07240465421934554 0.21017497867599957
6 0.1686848068237239 0.807247783975183 0.09466148376465036 0.23230451734563573
6 0.590945185068487 0.5117683679185492 0.09142738960884884 0.226018154678545
6 0.6923167702958347 0.5215240812380953 0.06906146590774291 0.19763861600890884
6 0.8439029951353266 0.7868934478835509 0.069225107141445 0.20701361600890866
6 0.9428314188364327 0.7576230238701878 0.09142738960884884 0.22601815467854483
6 0.9757020146137918 0.4854207598663698 0.03332278896022558 0.11911362667090888
23 0.037788551949164646 0.5089022853278184 0.07557710389832929 0.36969542934436317
23 0.3771166899397511 0.6798478479471843 0.24837068506189652 0.44654992536599847
23 0.8314962727314669 0.6027002612190053 0.0602477532464107 0.05069089067472703
23 0.8585145146137918 0.4867843598822782 0.048729600648623264 0.1067954400063634
23 0.9210963352306429 0.48136960654046035 0.036284147726523844 0.10977498933799978