2 0.1822082046875 0.2895067421875 0.195489209375 0.028798962500000004 0.1332591296875 0.014705271875 0.00012162968749999999 0.02090625 0.0017436218749999999 0.29970309375 0.1822082046875 0.2895067421875
2 0.6963488009350763 0.15645539950466197 0.6049067103796052 0.31291079900932395
2 0.09884060108458592 0.8706335235736485 0.1889544574527388 0.25873295285270287
2 0.6895019625209043 0.8493747220876344 0.620131734580102 0.26631874441391973
2 0.7043067466803503 0.5078764268023642 0.5913865066392994 0.2964043507002259
2 0.12187708352338851 0.5319691298599548 0.23909990319801272 0.28606174028009035
23 0.3082579275949013 0.062225902400146096 0.10343407220870696 0.05792812406898658
23 0.3039987162333376 0.40470450082856957 0.0784886143631847 0.0661387303552928
23 0.29820427594901266 0.7519433738640988 0.10054542154477701 0.09840757485477489
6 0.29634880093507643 0.16437059925699296 0.07845225292686617 0.05988873035529289
6 0.3032533067888089 0.2765795008285695 0.09095225292686618 0.060470927212139716
6 0.29841231244614963 0.5190580992569929 0.07843407220870695 0.05676373035529281
6 0.29272591470908593 0.6162241976854164 0.07847043364502548 0.06301373035529281
6 0.2973690046753821 0.8770161484712047 0.08477497579950324 0.07267982878371626
6 0.29008374550199995 0.968005021506734 0.10646816861791084 0.042448673283198346