11 0.9597108734375001 0.971310934375 0.936420921875 0.9829434718750001 0.959253121875 0.982544934375 0.9597108734375001 0.971310934375
24 0.9746869822055029 0.07602929708119596 0.050626035588994256 0.15205859416239192
24 0.8477769723196712 0.12481344480771976 0.24194605536065766 0.24962688961543952
24 0.6606642914833123 0.1867644253292545 0.22587006920082225 0.3318342012972463
24 0.4535627628144002 0.3262202118538483 0.21764107513232123 0.35979556006354424
10 0.9715355355146322 0.6044744821496831 0.01414470752810466 0.19385909415580133
10 0.9160548566554396 0.6632142824739946 0.08276737353571591 0.1919341298696164
10 0.8277616777962471 0.7225268271162634 0.07849636760421674 0.1637545827917158
10 0.7350356669218323 0.775671192375383 0.08563770555093822 0.18573867694751697
10 0.6197634939941389 0.8073496607187579 0.11389003954332697 0.18935460064862325
10 0.5408453151349464 0.8664985641273246 0.08040637749004845 0.21062958279171545