11 0.7382636590906095 0.32579341056655003 0.5234726818187809 0.4998589280712694
28 0.18238676947517002 0.779286415977092 0.11468188311602719 0.1263090560152719
28 0.3276447223972693 0.7744705519573657 0.09247960064862308 0.10730451734563573
28 0.46207426947516994 0.7760319572724574 0.09862050649282175 0.10112724267981754
28 0.6168163165530707 0.7773570052514582 0.08310460064862327 0.10719542934436319
6 0.2135936793765584 0.9555216519732739 0.032613676947516976 0.0784886266709087
23 0.2918550470713101 0.9624250852960017 0.03870003571381497 0.06918635200509086
23 0.37305049999340945 0.9583546559516385 0.0388091298696164 0.07543635200509087
23 0.47154254707131005 0.9603342319382756 0.03557503571381489 0.06914998933799979
23 0.56060504707131 0.9592978959261853 0.026200035713814886 0.06904090133672725
23 0.6385664058376082 0.949013829248913 0.032777318181219074 0.08786362667090905