1 0.5166187676393926 0.7973088534610744 0.9546089891943076 0.34288229307785123
28 0.5301256577089811 0.16812596449692235 0.3600105787839034 0.1902177227490644
23 0.17053928413027986 0.08240970827688596 0.19107856826055972 0.1648194165537719
23 0.07159761007158581 0.475832159656367 0.09587248407381013 0.148335680687266
23 0.3056085890248984 0.4572990863869041 0.15430661035393448 0.1887836182719372
23 0.8679588576525112 0.20997711329915547 0.16589655773721573 0.17381371551297517
23 0.5885920631400622 0.009906187245986799 0.5021841262801244 0.019812374491973598
6 0.008221294653623548 0.0875 0.016442589307247096 0.175
6 0.978125 0.0030675305302959254 0.04375 0.006135061060591851
28 0.9837056840173404 0.4615661895092943 0.03258863196531934 0.21544793758467104
28 0.7156962205666947 0.4749890388980389 0.3462056840173403 0.22064885119776695