11 0.5665161120790285 0.9838550296574953 0.5260182925530558 0.032289940685009455
24 0.18242943996694516 0.8576506739162767 0.19419163677722245 0.28469865216744666
24 0.032283969602222934 0.85 0.03198257750666692 0.3
1 0.9325644589655558 0.8423174229648744 0.13487108206888826 0.31536515407025123
1 0.542239544640348 0.8291409437251211 0.15916202013597242 0.2656143656270505
23 0.341733011205348 0.9333642342198502 0.08633884992375007 0.08781301779449713
23 0.33228396960222295 0.8627333992388783 0.08895470364722229 0.06606535178688588
23 0.3351530900431951 0.7847994002274614 0.0797251740119445 0.07193334980971962
23 0.32871994566652835 0.7096083992388783 0.07630923328250008 0.05930601581733086
23 0.7367506512136117 0.7356004852456145 0.07303876291777786 0.052928681824942106
6 0.7440566177786118 0.8482914862341977 0.07674564437666671 0.07805601581733086