22 0.99375 0.21638156169169256 0.0125 0.43276312338338513
22 0.8525453866963624 0.21242253896352112 0.2550907733927247 0.42484507792704224
9 0.9810340133672713 0.5829267646170871 0.03793197326545759 0.20076365909060953
9 0.854147533418178 0.6102177418889158 0.2340135626989074 0.24153648376465037
1 0.596040848026726 0.19240213961214425 0.16708169605345197 0.3848042792242885
1 0.4410249893379998 0.030993081170157845 0.10704997867599957 0.06198616234031569
1 0.4391545013526355 0.1345509090939048 0.11420904535327185 0.14883869480442447
1 0.43497717337681624 0.31278500324970615 0.11442722135581711 0.16758869480442443
1 0.43388848273390596 0.4878395503276069 0.1202408693507266 0.13019778896022594
1 0.256577264003818 0.026434040585078922 0.12565452800763593 0.052868081170157843
1 0.2548885893539082 0.14714418669004492 0.12053177068745358 0.15519778896022585
1 0.2631930800445434 0.32359759253424353 0.10806813335454449 0.15810460064862308
1 0.25912484006999675 0.5112066866900449 0.12042268268618095 0.14582278896022594
23 0.6025112133990879 0.4739565081209701 0.045277232017817325 0.13201365909060953
23 0.6090713907542687 0.634812187504119 0.048511320019090046 0.1414432061685101
23 0.4402304840865415 0.6299452297107558 0.08510225334181776 0.06397277110331849
23 0.2621418467536324 0.6361794131510946 0.07892497867599957 0.07011367694751698
9 0.10069089067472689 0.058993170454695244 0.11388178134945379 0.11798634090939049