22 0.990625 0.05706110876959325 0.01875 0.1141222175391865
22 0.8381908906747271 0.053156633119322484 0.25138178134945405 0.10631326623864497
22 0.998695322724361 0.9076540292275836 0.0026093545512779317 0.15021818831160302
22 0.8608360747930851 0.916413194811015 0.25159995735199914 0.14186376623205418
1 0.6034224694461766 0.8208860551988707 0.16642716804581603 0.3403364480508351
1 0.5966590133672712 0.2453634983784422 0.1308180267345424 0.4907269967568844
1 0.4380090773392725 0.04042262824805852 0.11351815467854501 0.08084525649611704
1 0.2629727146721816 0.038824946429277564 0.11344542934436319 0.07764989285855513
1 0.4413533480267261 0.18921113555495447 0.12340223201781733 0.13337733603812651
1 0.4290544373806342 0.3410190974055075 0.1143544960216353 0.1613386948044245
1 0.43764982940799657 0.5424725032497062 0.1143908586887262 0.1644636948044244
1 0.25463733473899663 0.5284760073068959 0.10490677068745358 0.15492505357072234
1 0.2527464760502704 0.36597600730689595 0.10490677068745358 0.1549250535707225
1 0.252290848026726 0.1925112337679456 0.12696358402290803 0.1709318831160272
1 0.4517156134627213 0.9454338620160041 0.10734088001272664 0.09560460064862326
1 0.2674133387969031 0.9549021396121443 0.1259454293443631 0.08343188311602745
23 0.4314736494270866 0.6832338709444579 0.07907042934436319 0.08261367694751698
23 0.2625963800922685 0.6752419131510946 0.09175224267981755 0.09845686525911965
9 0.10421588001272668 0.09353181168839728 0.15843176002545337 0.18706362337679455
9 0.10774524809035949 0.6638794935071782 0.12028161075745039 0.6707136948044244
23 0.7984429734245413 0.6580745892911279 0.06940452800763594 0.057450035713814886
23 0.9049078653723619 0.2717631680256538 0.07274770401018138 0.07625458279171564
2 0.7924078653723619 0.2737268628300783 0.07274770401018138 0.07625458279171564
2 0.9093441107574503 0.6530131680256538 0.07245680267345449 0.051254582791715644