9 0.521875 0.11875 0.36875 0.2375
23 0.1921875 0.5203125 0.109375 0.053125
23 0.7390625 0.35625 0.153125 0.0625
23 0.9484375 0.2265625 0.084375 0.053125
23 0.9546875 0.296875 0.084375 0.04375
23 0.959375 0.409375 0.08125 0.08125
23 0.96875 0.509375 0.0625 0.08125
1 0.640625 0.6203125 0.40625 0.240625
1 0.109375 0.75 0.21875 0.2
6 0.05 0.446875 0.1 0.06875
6 0.04375 0.521875 0.0875 0.04375
6 0.0375 0.6 0.075 0.0625
6 0.1984375 0.4546875 0.096875 0.059375
6 0.1953125 0.5859375 0.078125 0.046875
6 0.38125 0.5703125 0.0625 0.103125
6 0.490625 0.440625 0.10625 0.05625
6 0.7078125 0.4390625 0.103125 0.053125
23 0.384375 0.70625 0.04375 0.0875