11 0.71291884375 0 0.55074375 0.0796625 0.7277250000000001 0.7329625 1 0.58739015625 1 0 0.71291884375 0
2 0.584375 0.00625 0.16875 0.0125
9 0.678125 0.915625 0.20625 0.16875
1 1 0.6598456875 0.98631875 0.6668499999999999 1 0.71439376875 1 0.6598456875
6 0.5671875 0.4453125 0.084375 0.165625
6 0.478125 0.50625 0.09375 0.125
2 0.65625 0.7359375 0.0875 0.134375
23 0.5734375 0.7953125 0.096875 0.153125
23 0.9625 0.86875 0.075 0.1375
23 0.8875 0.915625 0.0875 0.13125
23 0.803125 0.93125 0.08125 0.1375