20 0.22893105942108755 0.5387790473026832 0.4527260659621911 0.20525440539463347
19 0.41370499345889644 0.3366154686107753 0.10198065651766246 0.0730567866804539
29 0.49651749345889656 0.3356518579328667 0.02600850897699054 0.03936249200349984
29 0.48683796642972926 0.2834171959341394 0.022197707747326413 0.05572328866963625
29 0.4712038760706497 0.2820365092695939 0.013522144515609824 0.04156079133513622
6 0.30321694535249044 0.28086600262572914 0.011082945745273954 0.02512726933481808
29 0.38131921945479136 0.27605068594845694 0.015039192720211769 0.033766472668681755
29 0.417243083916172 0.2732887652769117 0.020507942720211857 0.0338301073360908
7 0.3445186562230748 0.26241544728677485 0.041079517953980904 0.0785977146721816
23 0.3045567315550398 0.24256657129218376 0.01661532825883123 0.036128404002227124
29 0.38570673760516405 0.22443364194782056 0.016488063231716588 0.014253404002227122
29 0.40600560206654457 0.2218535346117298 0.013458512002052636 0.030623291335136305
29 0.4864107195529872 0.20997969593413943 0.03721871974937905 0.08636476133831791
29 0.4410891291939077 0.2089444546069573 0.0206988402608836 0.0666426073360908
29 0.43451642144658126 0.15354842994113907 0.02978294877033605 0.016751695337363426
29 0.4570999485739442 0.14078480060473014 0.013490328258831142 0.036092041335136306
29 0.4343755208808471 0.12932967994113906 0.029801129488495094 0.019876695337363425
6 0.29434996369925476 0.09970690929345638 0.01650169877033596 0.016597154002227166
1 0.37088064744247606 0.09573811931095558 0.08238629488495217 0.19147623862191115
29 0.4809369034926004 0.07487798993477572 0.024346015027114733 0.022156810669954386
6 0.42463690651766245 0.06693876794241174 0.015039192720211859 0.03376647266868171
6 0.278529520979043 0.06629497262891082 0.040788626463433175 0.02859771467218155
6 0.4558232740041051 0.05563764127150285 0.022261340260883777 0.06666078866963623
23 0.09630282825883121 0.035507965994988865 0.04494940651766242 0.07101593198997773
6 0.2852880602066544 0.021047201981228135 0.017451120413308895 0.04209440396245627
19 0.12978749394987582 0.0164966093252731 0.022074987899751618 0.0329932186505462
6 0.3094386325135573 0.009201182646410021 0.022002265027114644 0.018402365292820043