20 0.5590987858097659 0.5356967639242762 0.8818024283804682 0.21029063478672186
9 0.04730783381797608 0.3424414913271821 0.09122496369925477 0.10417951734563582
6 0.46254142749670546 0.13603366593732108 0.050195442720211855 0.03417555267345422
19 0.0163931353422277 0.13184943666454557 0.03145907825883121 0.03630112667090888
19 0.016156786006157636 0.09122443666454555 0.03144544272021178 0.0339573766709089
6 0.4958397408266178 0.084861517266094 0.024623270979043 0.06981306066995438
6 0.43020565046753817 0.08406263327500267 0.019204517953980905 0.07834317600254534
1 0.46145565046753817 0.08369900660409378 0.04491759026088378 0.06692441800604516
6 0.8182141896951496 0.03752398794559341 0.03330337939029917 0.07504797589118682
6 0.6859874969749379 0.004521268121433899 0.03915794877033605 0.009042536242867797
1 0.4782068132317166 0.012217094645137355 0.3220386264634332 0.02443418929027471