20 0.28436252088175623 0.5944463142579063 0.27409724282842385 0.16407572334543535
25 0.16280995781239754 0.4682273710642578 0.06423860399101677 0.09701426285158128
25 0.35883178594269866 0.45587324558855685 0.06647322658635506 0.09398476334587294
25 0.16323159846390317 0.36653753707186904 0.06609128067003907 0.08304726334587294
9 0.01755454383206498 0.3446731714448187 0.03510908766412996 0.10497134288963732
25 0.3631596765942043 0.35434257908665395 0.06814485399101677 0.09717343034206731
20 0.26351434065935486 0.3401116413302129 0.13674111968493144 0.36365527619745414
25 0.16583329800841623 0.26963070357377183 0.06374753067003906 0.08295176285158128
25 0.36328121688289017 0.2612464950942652 0.06959822658635506 0.09411209733826169
19 0.03851188457623784 0.15178267589344296 0.026728680307219366 0.07286183844101309
19 0.006406862364923762 0.13238141847906915 0.012813724729847525 0.0366060034600411
19 0.00650297114405946 0.09250583498097195 0.01300594228811892 0.035011669961943916
20 0.30357637858578806 0.08904123125410073 0.26628474282842385 0.16375738836446335
25 0.4942857133395112 0.027181854295524905 0.06377232332097763 0.016641013345872858