6 0.78371266862002 0.9704051417420949 0.04036459437236992 0.059189716515810176
6 0.6467483819595311 0.9770197001843878 0.09194445253973793 0.045960599631224494
29 0.46431782787584713 0.9691678179593239 0.05351686960011328 0.035116797571859946
6 0.3832588008340051 0.959408909820965 0.02560268992586625 0.0811821803580699
1 0.4655554348620887 0.9113325859060126 0.044424611795565026 0.06529003087881229
29 0.5124849985644195 0.911134009104693 0.026865089563046497 0.0764859436526514
29 0.5814904589087059 0.8834241977427798 0.025384435116542824 0.07878422954602868
6 0.29111099556919473 0.8679366239109608 0.05195436960011346 0.03507133346523687
6 0.35832577742036015 0.8691103304957363 0.05031002404661713 0.032682119358614516
1 0.9119790562763008 0.833133378067596 0.13129965153609718 0.33373324386480796
6 0.6318823285088193 0.8512625671013941 0.023958344372369923 0.08264501543940632
6 0.46946417406231555 0.8441905500126353 0.055215778855940555 0.03906851167848231
6 0.34827122034145125 0.8211130996960663 0.05834077885594056 0.039159439891727744
6 0.07749997350631217 0.696875 0.15499994701262435 0.60625
6 0.7910242047323546 0.7729964777636622 0.04356400544229579 0.13004285266556687
19 0.46451626843468546 0.7619319794795218 0.09194445253973793 0.06277043613080409
6 0.5732563513743101 0.7385065028364869 0.05990327885594056 0.03920490399835046
6 0.400391770248784 0.7170537370013692 0.03263393992586625 0.08523881802583091
6 0.6359572480162654 0.7121773350480828 0.02247768992586625 0.0849433013327836
6 0.46708076244423574 0.6884944794795219 0.05351686960011328 0.035116797571859946
14 0.7961531927514551 0.6261214777636622 0.042165196549288096 0.1346848885589443
6 0.6263590479235982 0.60632214014179 0.05195436960011346 0.035071333465237234
6 0.37091757977476364 0.5981075087089816 0.05656002404661713 0.03286397578510521
6 0.5600892071794255 0.600483665610326 0.05976686960011328 0.03529865399835046
6 0.3070460527329216 0.5907747303374518 0.055215778855940555 0.039068511678482486
6 0.4981075623515684 0.5838213513454187 0.05389138103285873 0.09054008346523723
23 0.859573341207509 0.5568008279219467 0.023740089563046497 0.07639501543940615
23 0.8895981471052916 0.5256106638944663 0.029908244009550344 0.07423312186589684
23 0.9366368382122842 0.5222870870931469 0.025384435116542647 0.07878422954602886
23 0.9687499337657804 0.5208753512789117 0.022095744009550344 0.0740058013327836
23 0.810510847830931 0.5061044944567097 0.058422624409436706 0.041503189891727923
23 0.19849448666833808 0.42964335055399594 0.02724703547936249 0.08742344365265158
6 0.8010490901112007 0.14999924696399214 0.025438998818873414 0.08034672954602887
6 0.7303918497298476 0.13543063011266013 0.09178076143274545 0.058082936130804175
6 0.9808556411996598 0.1294236371722891 0.03242311960011328 0.03450303213245363
6 0.8535664549019906 0.1241558124825406 0.04648561960011364 0.034912209092057764
1 0.9179116970974424 0.09552835880075919 0.08605160580511537 0.1398641335443794
23 0.8536408659719165 0.07723534837591792 0.05335317849312062 0.030429297571859814
23 0.9818477115254126 0.07861965511897777 0.03398561960011328 0.0345484962390763
23 0.9817038677860148 0.03794919101235509 0.03659226442797028 0.019795674452321665
23 0.8574851177860149 0.034334794535851934 0.04752976442797028 0.02011392319868044
1 0.7783234074417286 0.06174908920471789 0.07304068511654283 0.08017088479802066
10 0.6784697403813531 0.03225415432755495 0.09693948738612831 0.027014792557294887