20 0.6989769564707802 0.8903649879058225 0.2621192466803503 0.20616128270208947
25 0.5110502304748852 0.9534933385980487 0.06374940349260036 0.08120509400859036
29 0.9943013991466465 0.9525264438654153 0.011397201706706994 0.0720659040022273
6 0.9600599022160541 0.9123287052037332 0.04314601200205246 0.03096873667249973
6 0.9563712999531176 0.8154900678708241 0.04864657825883114 0.036501121339908946
25 0.8309076916400573 0.7372570745544597 0.06536190046753809 0.0898170253421359
25 0.6307986073311019 0.7208342852482768 0.0653300842107594 0.08434827534213589
6 0.960486107331102 0.7169980238701877 0.04625737646343318 0.028661349339590636
25 0.828781589377121 0.6404002558880052 0.06145565046753809 0.08977157200827221
6 0.9701242068635636 0.6278173452021424 0.0191363402608836 0.06662442600254544
6 0.9933389573790918 0.6204951938654153 0.01332208524181624 0.06972215400222712
25 0.6325742098886258 0.6231507632479585 0.06539371672431678 0.09528577534213589
20 0.7332691014773693 0.6071343172342772 0.12786748740877235 0.3600573473504083
25 0.829771396755105 0.5419445745544597 0.06537553600615773 0.09216077534213589
25 0.6343452672666098 0.5246859912476403 0.06384485226293642 0.09761134400859035
6 0.9834822040348932 0.5065599632002333 0.02875677995603354 0.10892101400381797
6 0.9436293636758137 0.5054610872056422 0.03420734923787414 0.10585964867122719
20 0.6976527465821544 0.25986896590550435 0.2573277284317818 0.32250389803468027
25 0.47236587939029934 0.07888423726927567 0.05199883723582168 0.07559998400699967
20 0.5309959908266177 0.08750022013249022 0.05495618647369582 0.17500044026498043
25 0.9322812348746895 0.03771207193867328 0.057531219749379046 0.07542414387734656
20 0.837000551131468 0.04391489328057061 0.11931360226293605 0.08782978656114122