6 0.5773240351008443 0.9073471663073605 0.024193957349061535 0.06768032366340578
6 0.6081920891845284 0.8945895610739235 0.01601686960011328 0.034458299985882235
6 0.7251638235754317 0.9488381743410427 0.022638891832631992 0.023149073663405774
6 0.7489733458079503 0.9357088427851291 0.01876984736759475 0.04631355787839055
6 0.7543676847380246 0.8884243191076058 0.04160714664195542 0.030491136803468065
6 0.7375695651379113 0.8557406217243242 0.016979168874474128 0.01736180524755433
1 0.6611980380960693 0.8656686295462448 0.08807046279135697 0.20004477360693612
23 0.7232019863746378 0.7133179032943554 0.01766121515360979 0.03689305524755433
7 0.6826489082443368 0.6953260374669875 0.043353185116542826 0.08049113680346806
6 0.723427675667532 0.6749456480326834 0.011810519237293704 0.025637036831702886
19 0.6112798505324557 0.6243302689805488 0.1040724303072194 0.07779034200867016
19 0.9046330687661083 0.93212256924878 0.02307540145127902 0.03564907366340577
23 0.9375720543381381 0.9114159561228353 0.04704118030721958 0.07446864995764776
29 0.5422347285700896 0.7543887662791258 0.03971975362819702 0.08807612364928837
29 0.5284673505324557 0.6291535478491568 0.027145342558271324 0.04056408681758548
29 0.5396702345605394 0.6809512662791257 0.02381201143274545 0.05674282366340595
29 0.5553497982628702 0.6816037136624072 0.01472718811176783 0.04217979472421067
29 0.6095834304768554 0.6878390321347284 0.021485619600113283 0.034776818401734036
29 0.6454390849233591 0.6834021611162759 0.01601686960011346 0.03445829998588259
29 0.6425521871002774 0.7352376769012915 0.01689732332097762 0.01501805524755433
29 0.6223215326537737 0.7387644953030256 0.014345242195451746 0.03124229472421085
29 0.5876017922724205 0.7533121136906421 0.022631457349061357 0.06758931840173403
29 0.5966345410912941 0.8326355926439547 0.030369546279135663 0.02126034997176518
29 0.5735690633238126 0.8222364189381965 0.014536215153609788 0.03671104472421085
29 0.5957888037051658 0.8084168426439546 0.030260418874474126 0.01813534997176518
29 0.5516419888217087 0.8892720004941103 0.02498264183263199 0.02328558155591374
20 0.7804799348424657 0.41350064284159876 0.43904013031506856 0.2263005206231643