20 0.2748758711597579 0.9020187685359347 0.2680307813030113 0.19596246292813077
25 0.4610291367688545 0.9690009863112943 0.06609128067003915 0.06199802737741145
6 0.017540861510095023 0.9252838428896373 0.035081723020190046 0.032219592395345845
6 0.022209767021891057 0.8285361768820263 0.04441953404378211 0.0379111768820259
25 0.14735605028585091 0.7539420365775774 0.06795388103285882 0.09170468034206714
25 0.34801081471382117 0.7433414120904596 0.06776290807470078 0.08623593034206731
6 0.02093063151739944 0.729907675893443 0.04186126303479888 0.030003176387734597
25 0.15230149983036395 0.6571307035737719 0.06404763103285882 0.09154551285158127
6 0.011277195746679966 0.6404313404181794 0.021068957349061373 0.06717025395433271
25 0.34907729610949967 0.6455896615961679 0.06814485399101677 0.09717343034206713
20 0.2488144012816428 0.6266393903416297 0.13830361968493143 0.3637189431936484
25 0.1541765130772079 0.5586295365775774 0.06803572658635507 0.09404843034206714
25 0.3501710593563436 0.5470566611018765 0.06666419954451311 0.09945351334587293
6 0.008700985666659267 0.5187645874524299 0.017401971333318535 0.10973975593149898
6 0.04134169637965215 0.5188255958553869 0.03727679990733277 0.10683759041817939
20 0.2945485750502582 0.2803519807598091 0.26662702712666003 0.329940803877783
25 0.5251785600741338 0.10589444471370432 0.054181557711881115 0.07710101087441493
20 0.4663665552648103 0.10975693235641464 0.06020835761921397 0.18266526136870653
25 0.06646824818590147 0.045738264334456026 0.060032253628197065 0.08826134536109528
20 0.16158977522774348 0.05509070110231391 0.12213294954451306 0.10171369171077375