6 0.0078125 0.40234375 0.01484375 0.03984375
9 0.996875 0.45859375 0.00625 0.11796875
6 0.90859375 0.50546875 0.05703125 0.0375
23 0.91015625 0.553125 0.05390625 0.0359375
6 0.990625 0.63671875 0.01796875 0.0734375
23 0.81484375 0.6390625 0.02265625 0.08203125
10 0.90390625 0.65859375 0.13515625 0.14921875
6 0.653125 0.83671875 0.08671875 0.05546875
23 0.0578125 0.85078125 0.05859375 0.03984375
19 0.5890625 0.8734375 0.02265625 0.0796875
6 0.53125 0.87578125 0.02734375 0.0796875
6 0.4515625 0.87890625 0.02109375 0.078125
14 0.84140625 0.88125 0.0859375 0.05546875
6 0.64453125 0.9078125 0.06328125 0.03359375
29 0.671875 0.96796875 0.05234375 0.0375
29 0.51875 0.96875 0.05546875 0.0359375
6 0.8171875 0.97421875 0.0375 0.05078125
1 0.940625 0.9640625 0.11875 0.07109375
6 0.08515625 0.94453125 0.16953125 0.1109375
9 0.4828125 0.2046875 0.965625 0.27578125