6 0.005954862195387123 0.5985157544486243 0.011909724390774246 0.041562758897248565
23 0.49124920398147276 0.6056397767289268 0.0638068724558087 0.04235859634967838
6 0.6194151475590377 0.6100792204168668 0.028517825644311934 0.08301808844101295
23 0.5782545590244269 0.6037045450177155 0.030080325644311935 0.0830817554372075
29 0.9046576860027914 0.45572327874327423 0.0910908259829963 0.31008726581733087
23 0.28692903267800246 0.21681606277503157 0.025515656377006656 0.08523450444862428
23 0.1955227826780025 0.21309154349765969 0.03308249491161734 0.08086533942959626
23 0.25497966983313225 0.21394838935304655 0.02518810775648763 0.07898450444862429
23 0.2276768634106971 0.2120529669196447 0.027078156377006658 0.08529817144481866
6 0.5854008322030326 0.19844404205196597 0.02851782564431211 0.08301808844101304
23 0.14966805009085704 0.17677470011373075 0.026750607756487587 0.07904817144481865
6 0.6344524858665058 0.1886989689339921 0.03768478573022023 0.09430575692008221
14 0.6364487550883826 0.10579096843970051 0.0913110747398008 0.06140968528498312
6 0.1591796875 0.06196278361182793 0.318359375 0.12389373372555867
9 0.8549907151742909 0.10373501440881812 0.2290810696514182 0.1465407134596036
9 0.35679642723957844 0.8105607455885568 0.7135928544791569 0.3062459076790162