9 0.40716736883776405 0.07374383650102777 0.7684368187469071 0.14435074414286306
1 0.8718529935568803 0.8372160874896111 0.18914654567984285 0.32556782502077797
9 0.3073981022447496 0.600216153193211 0.6147962044894992 0.7038491250557716
23 0.8384760860482199 0.5383646823935957 0.0256384871097012 0.08757825444862419
14 0.7901614167809144 0.5340472555115696 0.04437852103089916 0.13277800790866542
23 0.9411064410911741 0.5370661206443283 0.03176565637700648 0.08548917243340189
6 0.7082872970386394 0.49782857121516955 0.07746101594251656 0.21364334733826168
6 0.7562312313439501 0.3150134126219322 0.14820952792830405 0.10582553015178683
6 0.9861245284941311 0.14117795908534142 0.018166823835289846 0.0342622534600411
23 0.987963667458283 0.0911461255872442 0.020469630257724702 0.03357650395433269
23 0.9916961770692214 0.049803542583438595 0.016607645861557073 0.019386669961943916