6 0.7153141457500153 0.6625277411771135 0.07277351594251655 0.21345234634967838
9 0.887251100747541 0.5787151097699134 0.17415123021229634 0.12481295209089716
9 0.31111014006690557 0.5207514876798913 0.6222202801338111 0.7083456240671884
6 0.7953988726829513 0.4191716720134724 0.05587154172311415 0.039696511368706486
6 0.9778362364323326 0.40390079357202174 0.010098696291098363 0.07369216798477751
1 0.901638906604149 0.37887427726039935 0.13516397331489144 0.1544076101898429
23 0.7956755116471033 0.36907617151918076 0.05735215456798422 0.038197678364900865
19 0.8007591593176826 0.3019523385153752 0.060231493102595124 0.03363751235728962
23 0.8974438087972842 0.19002002429464987 0.02551565637700648 0.08523450444862428
23 0.929597889529979 0.1889814477166349 0.02707815637700648 0.08529817144481866
1 0.9121790954320158 0.07318269277371903 0.174819615558404 0.07806528608328586