25 0.39375255543444637 0.5375792398295921 0.06647322658635506 0.09509196309770988
25 0.39808044608595206 0.6390962371987563 0.06814485399101677 0.0983079683593818
25 0.39820198637463794 0.7322469977220999 0.06959822658635506 0.09527397362105354
25 0.19773072730414526 0.5286423975385733 0.06423860399101677 0.0980804552052021
25 0.1981523679556509 0.630386908061917 0.06609128067003907 0.08415446309770988
25 0.20075406750016395 0.727307410692753 0.06374753067003906 0.0840179552052021
25 0.5292064828312588 0.9641655846808597 0.06377232332097763 0.017748213097709707
19 0.07343265406798558 0.8474518526731881 0.026728680307219376 0.07328558155591339
19 0.03890388664479041 0.8674682210608047 0.017661215153609678 0.036893055247554686
19 0.039514011054227235 0.9073574736916408 0.01682540145127882 0.03528505261671846
20 0.31928329037350395 0.4002227239739894 0.27409724282842385 0.16877790500755802
20 0.2984351101511026 0.6550768239457546 0.13674111968493144 0.365828668302912
20 0.3384971480775358 0.9056004687123176 0.26628474282842385 0.16832287869919896
9 0.045573004978959455 0.6549304237057582 0.04891370435383648 0.10576415258848364