9 0.8948015793114275 0.08547139720141897 0.19789684137714508 0.12438754922121245
23 0.42493786934565936 0.9547272332404455 0.03037203547936258 0.08751437186589683
23 0.2598585063689679 0.9342830379384413 0.05351686960011337 0.03511679757185959
23 0.26023301780171326 0.8787688238318185 0.05351686960011346 0.03511679757185959
1 0.3550842155321278 0.8275676881758682 0.10769842731199449 0.11161711309040818
6 0.8155083387604384 0.7067861752437444 0.338358216504372 0.5864276495125111
6 0.28119533694633975 0.7487774469513568 0.0599851244094368 0.04154865399835046
23 0.3588044709744235 0.698638706122557 0.02724703547936249 0.0874234436526514
9 0.12561755889300744 0.5051194090129154 0.25123511778601487 0.9897611819741691
23 0.7774131495523623 0.356553123844454 0.02264138103285873 0.08963080133278342
23 0.6363466946503716 0.2531289439818559 0.0533531784931208 0.03042929757185977
23 0.6366120786784553 0.20073972987523328 0.06141121515360979 0.037687868104973266
17 0.3669022686043215 0.10843124326957543 0.16150796279135698 0.19981344655564545
6 0.5541666556276301 0.09823920401098582 0.14747768992586624 0.088580429862598
23 0.725034716334736 0.06489080957954672 0.028055567330527963 0.08822742570596291
19 0.7642162674231952 0.04022343019180241 0.03250496515360979 0.036846782132453626
6 0.6051140859348495 0.027773591316288936 0.053053078130301044 0.021835547571859813
17 0.5255902770418419 0.020767421878532196 0.08163194591631609 0.013301633544379415