19 0.836128340489719 0.9966099864534577 0.023320938111767477 0.006780027093084584
6 0.6564408404897188 0.9929491341722801 0.023320938111767654 0.014101731655439664
6 0.9548337004711854 0.9909896863107474 0.02452877404661713 0.01802062737850534
6 0.6813788423038174 0.9650333172608369 0.022440484390903494 0.061765170950527096
17 0.6326511656247951 0.9489653068807137 0.0720585384745874 0.052865014828747545
6 0.9398560304155851 0.9341002881348143 0.04528770734906118 0.06815709239534584
29 0.9570187377646464 0.868298874598661 0.028888891832631814 0.02302100593149916
6 0.9101437377646464 0.8663888647128293 0.04941964664195524 0.030098676882025898
29 0.9673758844066018 0.8405558765758274 0.009947918874474127 0.01678825197716627
29 0.9463193399415648 0.816227038629106 0.01434524219545139 0.03100991946765248
6 0.9119443399415648 0.8148263647128292 0.04559524219545139 0.032283259391540045
29 0.9659522828626557 0.7693029590853414 0.01434524219545139 0.031009919467652303
29 0.949283138034799 0.753758872127203 0.01191964664195524 0.028570668973360646
6 0.9021179613557766 0.7377545287432742 0.047266869600113635 0.035471926387734595
29 0.9514284805930704 0.7147282056253003 0.02088541887447377 0.017233920950527094
29 0.950738999830364 0.6896645386291059 0.02088541887447377 0.017233920950527094
29 0.8867310635326948 0.6854916917851359 0.0454042692372937 0.026814509391540044
29 0.9517211464723193 0.6615395386291059 0.01697916887447377 0.01707475346004106
29 0.9534026975607786 0.6357901221272031 0.0454042692372937 0.02681450939154022
1 0.5263962534585611 0.5863141151699398 0.3471478847458739 0.5134337361970165
23 0.8699106404818696 0.5846640208346088 0.049501492195451746 0.032442426882026254
29 0.9568203634400276 0.5827287891233974 0.020987111795565026 0.06482650395433272
29 0.9200842552726595 0.5593257812147321 0.0438417692372937 0.026750842395345843
29 0.9320956711519086 0.5066146166899956 0.0454042692372937 0.026814509391540044
29 0.8805331711519087 0.5045136058155807 0.0438417692372937 0.026750842395345843
29 0.9758283129845406 0.48649045908534133 0.01883433475372307 0.07019975346004123
29 0.9248114500078494 0.4687644482109265 0.04395089664195524 0.029875842395345843
25 0.8573709788637899 0.42846310037837326 0.05709822658635488 0.09360276136870649
14 0.9121130425661207 0.4291289452451769 0.04551339664195524 0.029939509391540043
6 0.9719617577197303 0.39557895760246664 0.022440484390903494 0.061765170950527096
14 0.9348536273198438 0.36042536619570403 0.02400298439090349 0.06182883794672147
6 0.5004439109851077 0.2989122742574688 0.07343006551642936 0.047459931824941924
25 0.7072866772271764 0.2455339007589341 0.06248513103285873 0.0914818458553869
23 0.6112202090783418 0.24083713049297906 0.02117808475372307 0.07029525395433271
23 0.6637276501853344 0.23828247486549117 0.0228224303072194 0.0727026709505271
6 0.6363839001853344 0.23716830243208928 0.022631457349061357 0.06723392095052709
25 0.5469220961016504 0.2225699501509118 0.06286707694917482 0.1024193458553869
25 0.45940473793428244 0.19709776486592867 0.06795388103285874 0.09170468034206722
28 0.39895831125526016 0.18055225201434738 0.05330110399101677 0.09656859387822055
25 0.9202975979157489 0.19475394524517695 0.06256697658635488 0.09382559585538686
6 0.5737053401112007 0.15011928859192486 0.04969246515360979 0.037911176882026124
25 0.6824454230508252 0.12794981132933786 0.06014138103285873 0.09138634536109529
23 0.5750148689671413 0.11261928859192485 0.04961061960011328 0.03556742688202612
23 0.41681298856725457 0.07253150498009693 0.02400298439090349 0.06182883794672147
23 0.3863988022695855 0.0697274985543063 0.026264888837407165 0.059580588441013084
28 0.4888070396557137 0.049647103306941734 0.05051092068857255 0.061348676882026144
6 0.5454117037208643 0.04178286516993983 0.023239092558271324 0.039953837946721485
28 0.6699578359348495 0.037469391367393946 0.07258432813030105 0.023241181824942014
25 0.5932043629766914 0.03981845855386877 0.06590774219545174 0.03311093034206726
28 0.754305554083684 0.041688659161891094 0.07654514183263199 0.02496284931542798