23 0.72578125 0.6546875 0.0265625 0.025
23 0.7640625 0.6546875 0.0265625 0.025
23 0.56171875 0.66328125 0.0265625 0.025
23 0.5625 0.69609375 0.028125 0.025
23 0.56171875 0.73046875 0.0265625 0.0234375
23 0.56171875 0.76328125 0.0265625 0.025
23 0.7671875 0.446875 0.01484375 0.03828125
23 0.78828125 0.44765625 0.01640625 0.03984375
23 0.67890625 0.446875 0.01484375 0.03828125
23 0.7 0.44765625 0.01640625 0.03984375
23 0.63515625 0.446875 0.01484375 0.03828125
23 0.65625 0.4453125 0.01640625 0.03984375
23 0.58828125 0.44453125 0.01484375 0.03828125
23 0.609375 0.4453125 0.01640625 0.03984375
23 0.72265625 0.446875 0.01484375 0.03828125
23 0.74375 0.44765625 0.01640625 0.03984375
23 0.21328125 0.3578125 0.028125 0.0234375
23 0.24296875 0.31640625 0.01640625 0.04140625
6 0.43515625 0.9765625 0.05 0.046875
6 0.83125 0.953125 0.03203125 0.0703125
6 0.5203125 0.76484375 0.0265625 0.021875
6 0.5203125 0.7296875 0.0265625 0.021875
6 0.5203125 0.69453125 0.0265625 0.021875
6 0.5203125 0.66171875 0.0265625 0.021875
6 0.4359375 0.65625 0.0515625 0.0515625
6 0.79296875 0.86953125 0.01484375 0.03828125
6 0.17265625 0.27890625 0.03359375 0.0765625
6 0.2984375 0.28125 0.03359375 0.0765625
6 0.43671875 0.38359375 0.053125 0.0515625
6 0.8515625 0.4546875 0.03203125 0.0703125
6 0.58828125 0.38671875 0.01484375 0.03984375
6 0.61171875 0.38671875 0.01484375 0.03984375
6 0.67890625 0.38671875 0.01484375 0.03984375
6 0.69921875 0.38671875 0.01484375 0.03984375
6 0.72265625 0.38671875 0.01484375 0.03984375
6 0.74609375 0.38671875 0.01484375 0.03984375
6 0.7671875 0.38671875 0.01484375 0.03984375
6 0.790625 0.38671875 0.01484375 0.03984375
6 0.63515625 0.38515625 0.01484375 0.03671875
6 0.65546875 0.38671875 0.01484375 0.03984375
6 0.02578125 0.975 0.01015625 0.0265625
6 0.04609375 0.94609375 0.01015625 0.0265625
6 0.04609375 0.91328125 0.01015625 0.0265625
6 0.06953125 0.88125 0.01015625 0.0265625
6 0.08984375 0.91328125 0.01015625 0.0265625
6 0.11328125 0.94609375 0.01015625 0.0265625
6 0.13125 0.94609375 0.01015625 0.0265625
6 0.19609375 0.93984375 0.01015625 0.0265625
6 0.1515625 0.91328125 0.01015625 0.0265625
6 0.1515625 0.88125 0.01015625 0.0265625
6 0.1515625 0.55859375 0.01015625 0.0265625
6 0.13125 0.81640625 0.01015625 0.0265625
6 0.08984375 0.81640625 0.01015625 0.0265625
6 0.04609375 0.84296875 0.01015625 0.0265625
6 0.00625 0.975 0.01171875 0.01484375
6 0.02578125 0.94375 0.01640625 0.01640625
6 0.04609375 0.97578125 0.01640625 0.01640625
6 0.07265625 0.9109375 0.01640625 0.01640625
6 0.11796875 0.9921875 0.0140625 0.015625
6 0.1515625 0.94375 0.01640625 0.01640625
6 0.175 0.97578125 0.01640625 0.01640625
6 0.19609375 0.97578125 0.01640625 0.01640625
6 0.221875 0.97578125 0.01640625 0.01640625
6 0.371875 0.92890625 0.01640625 0.01640625
6 0.30703125 0.896875 0.01640625 0.01640625
6 0.28046875 0.49453125 0.01640625 0.01640625
6 0.19609375 0.87890625 0.01640625 0.01640625
6 0.17265625 0.88203125 0.01640625 0.01640625
6 0.04609375 0.87890625 0.01640625 0.01640625
6 0.24296875 0.846875 0.01640625 0.01640625
6 0.32734375 0.8 0.01640625 0.01640625
6 0.26875 0.73515625 0.01640625 0.01640625
6 0.19609375 0.753125 0.01640625 0.01640625
6 0.175 0.78203125 0.01640625 0.01640625
6 0.1546875 0.753125 0.01640625 0.01640625
6 0.06640625 0.7796875 0.01640625 0.01640625
6 0.06640625 0.75 0.01640625 0.01640625
6 0.02578125 0.753125 0.01640625 0.01640625
6 0.04609375 0.71796875 0.01640625 0.01640625
6 0.00625 0.49375 0.01171875 0.01484375
6 0.1109375 0.68828125 0.01640625 0.01640625
6 0.184375 0.6734375 0.01640625 0.01640625
6 0.325 0.65625 0.01640625 0.01640625
6 0.28046875 0.62421875 0.01640625 0.01640625
6 0.37734375 0.57734375 0.01640625 0.01640625
6 0.1546875 0.81640625 0.01015625 0.0265625
6 0.19609375 0.7203125 0.01015625 0.0265625
6 0.13125 0.72578125 0.01015625 0.0265625
6 0.08984375 0.7203125 0.01015625 0.0265625
6 0.06953125 0.7203125 0.01015625 0.0265625
6 0.04609375 0.6234375 0.01015625 0.0265625
6 0.04609375 0.55859375 0.01015625 0.0265625
6 0.06953125 0.4328125 0.01015625 0.0265625
6 0.00546875 0.403125 0.01015625 0.0265625
6 0.175 0.46484375 0.01015625 0.0265625
6 0.21640625 0.496875 0.01015625 0.0265625
6 0.23984375 0.4328125 0.01015625 0.0265625
6 0.325 0.4296875 0.01015625 0.0265625
6 0.21953125 0.58828125 0.01015625 0.0265625
6 0.903125 0.559375 0.01796875 0.01640625
6 0.940625 0.59140625 0.01015625 0.028125
6 0.87578125 0.6046875 0.01015625 0.025
6 0.85859375 0.6046875 0.01015625 0.025
6 0.81171875 0.61640625 0.01015625 0.025
6 0.80859375 0.57890625 0.01640625 0.01484375
6 0.77421875 0.58515625 0.01796875 0.01484375
6 0.703125 0.55390625 0.01015625 0.0234375
6 0.66171875 0.55859375 0.01640625 0.01484375
6 0.9109375 0.75625 0.01015625 0.0234375
6 0.9171875 0.828125 0.01640625 0.01484375
6 0.88515625 0.828125 0.01640625 0.01484375
6 0.87578125 0.7875 0.01015625 0.0265625
6 0.83203125 0.828125 0.01640625 0.01484375
6 0.78203125 0.80234375 0.01640625 0.01484375
6 0.74765625 0.80234375 0.01796875 0.01484375
6 0.6953125 0.8296875 0.01796875 0.01796875
6 0.66796875 0.8390625 0.01015625 0.025