6 0.9984375 0.01171875 0.003125 0.0234375
6 0.690625 0.01015625 0.01484375 0.0203125
6 0.51015625 0.03984375 0.0234375 0.0203125
6 0.528125 0.0953125 0.03515625 0.03203125
6 0.4265625 0.021875 0.0671875 0.04375
6 0.353125 0.04375 0.01484375 0.03515625
6 0.3921875 0.13671875 0.03984375 0.10234375
6 0.5984375 0.234375 0.0703125 0.05859375
6 0.23671875 0.28359375 0.06875 0.05703125
6 0.2203125 0.1921875 0.0234375 0.0203125
6 0.353125 0.20234375 0.0203125 0.053125
6 0.14140625 0.34921875 0.03671875 0.0296875
6 0.1484375 0.39765625 0.01640625 0.03828125
6 0.1015625 0.4578125 0.06875 0.05859375
6 0.2828125 0.5296875 0.03828125 0.10390625
6 0.23515625 0.465625 0.025 0.021875
6 0.20546875 0.63515625 0.03515625 0.03203125
6 0.1578125 0.7046875 0.01640625 0.03671875
6 0.09765625 0.696875 0.071875 0.05703125
6 0.51171875 0.23359375 0.0265625 0.021875
6 0.7796875 0.509375 0.021875 0.05703125
6 0.84140625 0.4125 0.0234375 0.021875
6 0.9265625 0.45625 0.0234375 0.05546875
6 0.95234375 0.453125 0.021875 0.05546875
6 0.92265625 0.5390625 0.021875 0.05703125
6 0.94921875 0.54140625 0.021875 0.05546875
6 0.86953125 0.621875 0.01484375 0.03515625
6 0.7421875 0.72890625 0.0296875 0.0671875
6 0.24609375 0.73515625 0.0234375 0.021875
6 0.28984375 0.80546875 0.03984375 0.10390625
6 0.653125 0.8265625 0.0453125 0.0453125
6 0.63515625 0.8859375 0.04375 0.046875
6 0.65234375 0.97578125 0.04375 0.0453125
6 0.7421875 0.89609375 0.0296875 0.0671875
6 0.86171875 0.9625 0.021875 0.05390625
6 0.88359375 0.83828125 0.025 0.021875
6 0.8828125 0.8703125 0.0234375 0.021875
10 0.11796875 0.28359375 0.0421875 0.03359375
1 0.28515625 0.1234375 0.0484375 0.0703125
1 0.47265625 0.184375 0.0484375 0.0703125
1 0.1875 0.43828125 0.046875 0.0671875
1 0.19609375 0.70859375 0.046875 0.06875
1 0.77421875 0.996875 0.12890625 0.00625
17 0.1953125 0.1234375 0.0671875 0.1
17 0.49375 0.31015625 0.0671875 0.10390625
17 0.20703125 0.53671875 0.0671875 0.1
17 0.2171875 0.8125 0.06484375 0.1
17 0.66953125 0.9296875 0.03671875 0.0296875
17 0.71015625 0.890625 0.01875 0.0515625
23 0.94609375 0.021875 0.0671875 0.04375
23 0.47265625 0.09609375 0.03671875 0.03359375
23 0.35625 0.115625 0.0203125 0.05546875
23 0.32421875 0.15 0.01484375 0.03671875
23 0.57578125 0.1609375 0.03671875 0.03359375
23 0.5234375 0.17265625 0.0265625 0.0234375
23 0.5234375 0.203125 0.0265625 0.025
23 0.41796875 0.33515625 0.01484375 0.03671875
23 0.3796875 0.3390625 0.01484375 0.03828125
23 0.22109375 0.2265625 0.0265625 0.025
23 0.2609375 0.225 0.0234375 0.021875
23 0.1734375 0.1921875 0.03671875 0.03203125
23 0.165625 0.26484375 0.01484375 0.03671875
23 0.196875 0.35078125 0.03671875 0.03203125
23 0.24375 0.41015625 0.025 0.021875
23 0.20390625 0.38359375 0.0265625 0.021875
23 0.23515625 0.4390625 0.025 0.021875
23 0.31875 0.471875 0.021875 0.053125
23 0.35078125 0.490625 0.01484375 0.03671875
23 0.4234375 0.55390625 0.0265625 0.021875
23 0.86328125 0.4953125 0.0671875 0.1
23 0.8046875 0.5203125 0.01484375 0.03828125
23 0.884375 0.57421875 0.0265625 0.021875
23 0.89296875 0.62265625 0.01484375 0.03671875
23 0.25390625 0.68046875 0.0265625 0.0234375
23 0.24453125 0.709375 0.0265625 0.0234375
23 0.153125 0.64375 0.03671875 0.03203125
23 0.371875 0.72578125 0.01640625 0.03828125
23 0.4125 0.72421875 0.01640625 0.04140625
23 0.33046875 0.7515625 0.021875 0.05390625
23 0.921875 0.89140625 0.025 0.0234375
23 0.92265625 0.9234375 0.0265625 0.0234375
23 0.88671875 0.96875 0.01484375 0.03671875
23 0.77421875 0.94921875 0.01796875 0.03984375
26 0.796875 0.84765625 0.05703125 0.0703125
28 0.834375 0.01484375 0.03828125 0.0296875
28 0.39765625 0.43671875 0.0671875 0.06484375
28 0.39453125 0.6296875 0.0671875 0.05703125