6 0.6310069525397379 0.02352663217708075 0.01618056070710594 0.039145799985882565
6 0.610694452539738 0.024709700578814785 0.01618056070710594 0.039145799985882565
6 0.7545535799443996 0.01951755824897298 0.01618056070710594 0.03903511649794596
6 0.7342410799443997 0.020645284906738712 0.01618056070710594 0.039145799985882565
6 0.7131473299443997 0.021873855939308674 0.01618056070710594 0.039145799985882565
6 0.6928348299443996 0.02305692434104271 0.01618056070710594 0.039145799985882565
6 0.6724132025397379 0.02111499274277675 0.01618056070710594 0.039145799985882565
6 0.6514285799443996 0.02546856377534671 0.01618056070710594 0.039145799985882565
6 0.5904910799443996 0.029017768980548826 0.01618056070710594 0.039145799985882565
6 0.6278472693221117 0.31414392690129145 0.019441969962933216 0.04323406050922625
6 0.6058904237686155 0.3130742505646974 0.01618056070710594 0.03914579998588259
6 0.5894296100662846 0.3124673058122518 0.014508933302444228 0.03592979472421067
6 0.21335074890369166 0.39308432913683927 0.024255955534962848 0.02480257892507769
6 0.2167039273968125 0.4218540712443315 0.02576389183263199 0.023331084186749607
6 0.231850266959859 0.49690727915095667 0.02420139183263199 0.02324007892507769
6 0.23512159989948356 0.5233332712584489 0.02576389183263199 0.023331084186749607
26 0.49371037149902997 0.37362388466674235 0.1490699609772584 0.16071623407381014
17 0.653120087833766 0.3205003427145419 0.02216766587924912 0.054308068401734036
23 0.5916493636944816 0.39845030844308765 0.016125997004775173 0.03758329998588259
23 0.47025796941477893 0.21763919517596858 0.01618056070710594 0.03914579998588259
23 0.4531250331171098 0.22020275305435894 0.016289688111767654 0.04227079998588259