6 0.6281870644201211 0.4135446874246352 0.07397570253973793 0.06434249203690498
6 0.32645343882955785 0.4710434581889739 0.042127991014325336 0.11238587891096045
6 0.2757267525318887 0.475563629193309 0.04358136360966362 0.1093518841726322
6 0.04695940098794267 0.5601261579207426 0.043635927311994484 0.11091438417263219
6 0.14235872494189256 0.6915666027437755 0.03465774219545166 0.032425363125944705
6 0.27663203202080144 0.6359928949783245 0.016071433302444225 0.03602079998588259
6 0.16038452784445023 0.7594065501270568 0.045277783665263985 0.0462981473268119
6 0.2573537862819707 0.8461337344267459 0.016071433302444225 0.03602079998588259
6 0.162157848170203 0.8101878001270568 0.04538691106992569 0.0494231473268119
6 0.0359649143196046 0.9850652447383282 0.004161710344286251 0.029869510523343478
6 0.34480420098009346 0.9741229555581381 0.014608137023308565 0.016444047355046364
6 0.43374764989163433 0.9431089030120067 0.034377489200226916 0.0690531078642728
6 0.47283743174279974 0.9416150214702104 0.033541675497895974 0.06744510523343691
6 0.6081400146824243 0.9603510689664315 0.06759672776748146 0.01563197625188977
10 0.7672272609694092 0.5393119849208562 0.10478175843752062 0.09810284200867017
10 0.7630258558899333 0.41899948492085615 0.10478175843752062 0.09810284200867017
10 0.1476860872856118 0.5526938185429083 0.04040179990733277 0.10760737364928837
1 0.3252927652305785 0.7740697476515128 0.11344991950744614 0.14538736568619354
1 0.06950655670039076 0.8022758605656961 0.09114338828925292 0.265715276237772
17 0.5440849160488851 0.6728657504941102 0.28185521224320276 0.41326365237672213
23 0.18563252058805607 0.5857114448936199 0.017852188111767652 0.04236180524755433
23 0.23163947975121596 0.69262930282848 0.016125997004775083 0.03758329998588259
23 0.09677091723001148 0.6190692474397512 0.016180560707105985 0.03914579998588259
23 0.07564988537884605 0.6195165684723213 0.016125997004775107 0.03758329998588259
23 0.13652538719294458 0.6590271185287909 0.027380955534962847 0.024984589448421347
23 0.12877491849595585 0.8630166685146735 0.027435519237293704 0.026547089448421345
23 0.1839262099657681 0.8731127343561589 0.01779762440943684 0.040799305247554686
23 0.2042387099657681 0.8719296659544249 0.017797624409436885 0.040799305247554686
23 0.5244718536124987 0.9182538452042035 0.039508933302444406 0.03738587891096046
23 0.5799678854636641 0.9158044084148529 0.027435519237293704 0.026547089448421345
23 0.39085082176133323 0.9252535450771464 0.01930556070710594 0.03932781050922642
23 0.3681127262078369 0.9242293713713885 0.017797624409436795 0.040799305247554686
23 0.34462066250550605 0.9240319502964661 0.017688497004775084 0.03767430524755433
23 0.08866332838475517 0.9921728184723211 0.06748760036281971 0.012506976251889767
28 0.19937264989163433 0.9567596922627839 0.04062748920022678 0.06941712891096045