6 0.908705432839108 0.510718006108718 0.04369049101432552 0.1124768841726322
6 0.9549281576113646 0.5565618561510701 0.03610368030721922 0.07383161312594488
6 0.9823537531648607 0.5573130140718128 0.020632447730414328 0.054998313140062295
6 0.9999857781707477 0.5501606667308836 0.000028443658504428983 0.05508931840173403
6 0.870736696085952 0.6115671455430218 0.036220242195451745 0.03251636838761662
6 0.8841469208582087 0.659322106080483 0.036192960344286006 0.031735118387616626
6 0.8881003000769688 0.7052793481879752 0.03783730589778252 0.03416987364928854
6 0.732056142002268 0.6306041138318165 0.016071433302444225 0.03602079998588259
6 0.8519197526167067 0.7676652270989355 0.05012897477225664 0.05125866311182729
6 0.8551836510727607 0.8387134744680995 0.07241320253973811 0.06425148677523325
6 0.46093511015110256 0.6456122767318823 0.017797624409436708 0.04079930524755433
6 0.10683788719294458 0.6607562185005561 0.01607143330244427 0.03602079998588259
6 0.10027046177986665 0.9210412711172745 0.017743060707105983 0.03923680524755433
10 0.6024381077888499 0.7970698189664314 0.07010665807470069 0.08750697625188959
10 0.3561806666818573 0.8067156476797477 0.07016122177703163 0.0890694762518894
10 0.24272331269084052 0.718600268627613 0.04247024219545166 0.032880389434303936
1 0.9664596187778821 0.7490832851185003 0.06708076244423573 0.2662158051769673
23 0.5023140782999371 0.6424193872975783 0.01774306070710594 0.03923680524755433
23 0.48197429644877177 0.6428212056993123 0.01768849700477517 0.03767430524755433
23 0.43421389744456357 0.7771198819653191 0.027380955534962937 0.024984589448421347
23 0.43911221777031645 0.8277191214419755 0.027435519237293704 0.026547089448421345
23 0.8299232454451306 0.922382819178193 0.06937004809323426 0.06641322625188976
23 0.7750521738534334 0.6288827191358406 0.01774306070710594 0.03923680524755433
23 0.7547396738534335 0.6300657875375746 0.01768849700477517 0.03767430524755433
23 0.6804986204027216 0.768255303252003 0.027380955534962937 0.024984589448421347
23 0.6853969407284743 0.8188545427286593 0.027435519237293704 0.026547089448421345
23 0.22410723274644084 0.6562745738751674 0.016235124409436884 0.04070829998588259
23 0.08579870089527544 0.663547289533126 0.017743060707105962 0.03923680524755433
23 0.18866332838475516 0.9863484817253229 0.01514385036281971 0.00945829998588259