6 0.9399305077197304 0.3720919719902322 0.02576389183263217 0.022311376623205436
6 0.8577901303150686 0.37378511119533936 0.02576389183263217 0.022311376623205436
6 0.9501115834877787 0.19247265583760806 0.024255955534962938 0.023846603084255145
6 0.9374330234136448 0.10782492044810468 0.02576389183263217 0.022311376623205436
6 0.9402604122510521 0.04924480721757983 0.024201391832632167 0.022284103084255102
6 0.6176115967346226 0.08817134496328496 0.01618056070710594 0.03854034862002822
6 0.6138194194226282 0.19676509496328498 0.01618056070710594 0.03854034862002824
6 0.6490872529104068 0.37326909374546896 0.02576389183263199 0.022311376623205436
6 0.6911929073569106 0.3763492292971281 0.02420139183263199 0.022284103084255057
6 0.7404116573569106 0.37720834577406387 0.02576389183263199 0.022311376623205436
6 0.6209002216073956 0.5760259009696395 0.01618056070710594 0.0385403486200282
6 0.4279736555428121 0.41474966152294623 0.07397570253973793 0.06141083279171564
6 0.2010664151614589 0.3982813616056718 0.02381201143274536 0.05585057954530477
10 0.36601434728277676 0.2862467861175568 0.02386657513507622 0.057413079545304765
10 0.4269518472827768 0.28731045413662004 0.025429075135076216 0.05744035308425506
10 0.4894518472827768 0.28840139569463363 0.02386657513507622 0.057413079545304765
10 0.5481274428362731 0.28708040340527136 0.02381201143274545 0.05585057954530477
10 0.45994536344002757 0.5513280896882792 0.041016869600113456 0.034289225243233724
1 0.7107092552726596 0.5338168559203336 0.08449902948891275 0.16153356371699204
1 0.7603050390227415 0.1657077840856666 0.22157742195451693 0.3083694277582959
1 0.27752971144059463 0.3800728782447632 0.04473463584218216 0.09603524878218402
23 0.9494766664274031 0.16588288229865772 0.027380955534962937 0.02390115016215577
23 0.8468600647986392 0.41815271996163733 0.01618056070710594 0.0385403486200282
23 0.8118129422033009 0.4144140653352547 0.01618056070710594 0.0385403486200282
23 0.7851685966498045 0.4162941651730989 0.016235124409436707 0.0401028486200282
23 0.7649379422033009 0.41359585916674446 0.01618056070710594 0.0385403486200282
23 0.9408407656090967 0.07739708075653018 0.027435519237293704 0.025463650162155772
23 0.9428050588930074 0.021147080756530177 0.026862600362819934 0.009057400162155777
23 0.4272717618960815 0.47962068506189653 0.07060516587924912 0.05432503571381488
23 0.3991169908446893 0.5471394216692159 0.027380955534962937 0.023901150162155816
26 0.944603138752589 0.2830567455291826 0.060768863609663624 0.10802673417168744