1 0.45020087519896074 0.9945533530578821 0.1142988573360908 0.010893293884235789
23 0.057623023870187785 0.9578501740119446 0.015325555338954277 0.04175174211621524
23 0.3328246605665501 0.7454463186729516 0.01528919267186346 0.03862674211621524
23 0.4618127265675046 0.7414153949453477 0.01688805533895419 0.0417881097073959
23 0.48289738590073183 0.7426876074262851 0.015307374005408825 0.04018924211621524
23 0.5037371445735498 0.6978478861116324 0.026835220003181705 0.02405574905006951
23 0.32557578190645886 0.6968269807170488 0.025272720003181703 0.024019381458888843
23 0.45061214457354976 0.6966113880114934 0.028397720003181703 0.02409211664125017
23 0.4878501572645032 0.518523408813056 0.026835220003181705 0.02405574905006951
23 0.4870956319223672 0.583367158813056 0.026835220003181705 0.02405574905006951
23 0.48672291458468564 0.615398408813056 0.026835220003181705 0.02405574905006951
23 0.48940247191282216 0.6537523939954171 0.026835220003181705 0.02405574905006951
23 0.48746834926004884 0.551335908813056 0.026835220003181705 0.02405574905006951
23 0.6286820532304592 0.7726504772016672 0.01528919267186346 0.03862674211621524
1 0.7648297332511402 0.6234343400431952 0.22942551269095351 0.18419773451677096
23 0.8122699966184113 0.374470816391841 0.02681703866963616 0.022493249050069507
23 0.8657222606222295 0.3475823144919799 0.026853401336727246 0.025618249050069507
23 0.8879876119510023 0.38170339456409796 0.028397720003181703 0.024092116641249994
23 0.6391597606222292 0.3423090137707992 0.028415901336727244 0.025654616641249996
6 0.037221259229822945 0.7635728439398264 0.037609635343726786 0.07741713839274311
6 0.30890644991250404 0.6518956872140628 0.01845964600572696 0.04260572729857639
6 0.3072899532543218 0.589341135827292 0.0184778273392725 0.04416822729857639
6 0.42921894991250403 0.6546959917349657 0.01845964600572696 0.04260572729857657
6 0.43011892592300355 0.5773522417349657 0.0184778273392725 0.04416822729857657
6 0.40656269991250404 0.6541686616628476 0.016833511338317918 0.037100609707395905
6 0.4051189259230036 0.5767703602760766 0.01528919267186346 0.03862674211621524
6 0.2886303125795949 0.6482979085287155 0.01845964600572696 0.04260572729857639
6 0.2861962032543218 0.5888501733463544 0.0184778273392725 0.04416822729857639
6 0.2643575659214127 0.5852160270698266 0.015289192671863372 0.03862674211621524
6 0.26597406257959494 0.6477705784565975 0.016833511338317918 0.037100609707395905
6 0.8588235392266412 0.8061396969007995 0.023710220003181702 0.023983013867708534
6 0.635642767266094 0.5102413961796186 0.025272720003181703 0.024019381458888843
6 0.6294002159055043 0.7109317272016672 0.01528919267186346 0.03862674211621524
6 0.09197984253664235 0.9602127610179167 0.010465332670272564 0.026798889342673604
6 0.052109367878778304 0.8944234536472223 0.010465332670272564 0.026798889342673604
6 0.028635505211687413 0.897002939779514 0.010465332670272564 0.026798889342673604
17 0.3589700845799131 0.6475907001318406 0.04742044000636332 0.047966027735416715
17 0.3588342719207763 0.5921037663362503 0.048982940006363405 0.04800239532659738