6 0.04765625 0.64453125 0.025 0.021875
6 0.1296875 0.64140625 0.025 0.021875
6 0.04375 0.82421875 0.0234375 0.0234375
6 0.059375 0.90859375 0.025 0.021875
6 0.05859375 0.9671875 0.0234375 0.021875
6 0.3796875 0.92265625 0.01484375 0.03828125
6 0.3796875 0.8140625 0.01484375 0.03828125
6 0.33828125 0.63828125 0.025 0.021875
6 0.29609375 0.6359375 0.0234375 0.021875
6 0.246875 0.6359375 0.025 0.021875
6 0.359375 0.43515625 0.01484375 0.03828125
6 0.5578125 0.59296875 0.071875 0.06015625
6 0.78515625 0.60546875 0.021875 0.05546875
10 0.62421875 0.7203125 0.021875 0.05703125
10 0.56328125 0.7203125 0.0234375 0.05703125
10 0.50078125 0.7203125 0.021875 0.05703125
10 0.4421875 0.72265625 0.021875 0.05546875
10 0.52109375 0.45703125 0.03984375 0.03359375
1 0.27109375 0.47890625 0.07890625 0.16015625
1 0.234375 0.84765625 0.2109375 0.3046875
1 0.709375 0.625 0.04140625 0.0953125
23 0.0453125 0.85078125 0.0265625 0.0234375
23 0.1390625 0.596875 0.01484375 0.03828125
23 0.17421875 0.6 0.01484375 0.03828125
23 0.20078125 0.59765625 0.01484375 0.03984375
23 0.22109375 0.6 0.01484375 0.03828125
23 0.05703125 0.9390625 0.0265625 0.025
23 0.05703125 0.9953125 0.0265625 0.00859375
23 0.55625 0.528125 0.06875 0.053125
23 0.58203125 0.46015625 0.0265625 0.0234375
26 0.04609375 0.73359375 0.05703125 0.10703125