23 0.27421875 0.6530921419815271 0.0265625 0.025154536104353475
23 0.2359375 0.6533148557789777 0.0265625 0.025154536104353652
23 0.43828125 0.6607314042781672 0.0265625 0.025154536104353475
23 0.4375 0.693548449457707 0.028125 0.025163626463433175
23 0.43828125 0.7279189042781672 0.0265625 0.023592036104353474
23 0.43828125 0.7607314042781672 0.0265625 0.025154536104353475
23 0.2328125 0.44552053649713697 0.01484375 0.038367608411256346
23 0.21171875 0.44642450634471176 0.01640625 0.03993919877033605
23 0.32109375 0.4450069312091386 0.01484375 0.038367608411256346
23 0.3 0.44591090105671344 0.01640625 0.03993919877033605
23 0.36484375 0.44475240115490927 0.01484375 0.038367608411256346
23 0.34375 0.44331262100248414 0.01640625 0.03993919877033605
23 0.41171875 0.4421359403825207 0.01484375 0.038367608411256526
23 0.390625 0.4430399102300956 0.01640625 0.03993919877033605
23 0.27734375 0.44526146126336785 0.01484375 0.038367608411256346
23 0.25625 0.44616543111094276 0.01640625 0.03993919877033605
23 0.78671875 0.35323550420341243 0.028125 0.023601126463433174
23 0.75703125 0.31200197102592525 0.01640625 0.04150169877033605
6 0.56484375 0.9732763351927183 0.05 0.04716589149054755
6 0.16875 0.9521432412194013 0.03203125 0.07049885236113199
6 0.4796875 0.7620530097625574 0.0265625 0.022029536104353476
6 0.4796875 0.7268967597625574 0.0265625 0.022029536104353476
6 0.4796875 0.6917405097625574 0.0265625 0.022029536104353476
6 0.4796875 0.6589280097625574 0.0265625 0.022029536104353476
6 0.5640625 0.652968380372258 0.0515625 0.051862481849627426
6 0.20703125 0.8683267774219505 0.01484375 0.038367608411256526
6 0.82734375 0.2740929048673424 0.03359375 0.07675794272021186
6 0.7015625 0.27716842877325165 0.03359375 0.07675794272021177
6 0.56328125 0.3803166755517978 0.053125 0.05187157220870695
6 0.1484375 0.4538239158874363 0.03203125 0.07049885236113215
6 0.41171875 0.38432344038252075 0.01484375 0.03993010841125635
6 0.38828125 0.38445979576871503 0.01484375 0.03993010841125635
6 0.32109375 0.38485068120913857 0.01484375 0.03993010841125635
6 0.30078125 0.3849688558771736 0.01484375 0.03993010841125635
6 0.27734375 0.38510521126336783 0.01484375 0.03993010841125635
6 0.25390625 0.3852415666495621 0.01484375 0.03993010841125635
6 0.2328125 0.385364286497137 0.01484375 0.03993010841125635
6 0.209375 0.3855006418833312 0.01484375 0.03993010841125635
6 0.36484375 0.3830336511549093 0.01484375 0.03680510841125635
6 0.34453125 0.3847143258229443 0.01484375 0.03993010841125635
6 0.97421875 0.9693321611138582 0.01015625 0.02662158733401725
6 0.95390625 0.9405440857818934 0.01015625 0.02662158733401725
6 0.95390625 0.9077315857818935 0.01015625 0.02662158733401725
6 0.93046875 0.8758366911680877 0.01015625 0.02662158733401725
6 0.91015625 0.9079861158361225 0.01015625 0.02662158733401725
6 0.88671875 0.9409349712223168 0.01015625 0.02662158733401725
6 0.86875 0.9410395103517326 0.01015625 0.026621587334017604
6 0.80390625 0.9351667602535366 0.01015625 0.026621587334017604
6 0.8484375 0.9083451850197676 0.01015625 0.026621587334017604
6 0.8484375 0.8763139350197676 0.01015625 0.026621587334017604
6 0.8484375 0.5536576850197676 0.01015625 0.026621587334017604
6 0.86875 0.8113520103517325 0.01015625 0.026621587334017604
6 0.91015625 0.8111111158361226 0.01015625 0.02662158733401725
6 0.95390625 0.8374190857818935 0.01015625 0.02662158733401725
6 0.99375 0.9692185316253632 0.01171875 0.014911927693097127
6 0.97421875 0.9380821611138582 0.01640625 0.016501698770336047
6 0.95390625 0.9702315857818935 0.01640625 0.016501698770336047
6 0.92734375 0.905542371886247 0.01640625 0.016501698770336047
6 0.88203125 0.9870559922995558 0.0140625 0.01570681323171641
6 0.8484375 0.9388139350197676 0.01640625 0.016501698770336047
6 0.825 0.9709815404059619 0.01640625 0.016501698770336047
6 0.80390625 0.9711042602535367 0.01640625 0.016501698770336047
6 0.778125 0.9712542511783504 0.01640625 0.016501698770336047
6 0.628125 0.9252519256499937 0.01640625 0.016501698770336047
6 0.69296875 0.8928434257481896 0.01640625 0.016501698770336047
6 0.71953125 0.49034513964383597 0.01640625 0.016501698770336047
6 0.80390625 0.8742292602535366 0.01640625 0.016501698770336047
6 0.82734375 0.8772179048673424 0.01640625 0.016501698770336047
6 0.95390625 0.8733565857818935 0.01640625 0.016501698770336047
6 0.75703125 0.8424707210259254 0.01640625 0.016501698770336047
6 0.67265625 0.7960866004162245 0.01640625 0.016501698770336047
6 0.73125 0.7309019619507389 0.01640625 0.016501698770336047
6 0.80390625 0.7484480102535367 0.01640625 0.016501698770336047
6 0.825 0.7772315404059619 0.01640625 0.016501698770336047
6 0.8453125 0.7482071157379269 0.01640625 0.016501698770336047
6 0.93359375 0.7742560104499284 0.01640625 0.016501698770336047
6 0.93359375 0.7445685104499284 0.01640625 0.016501698770336047
6 0.97421875 0.7474571611138583 0.01640625 0.016501698770336047
6 0.95390625 0.7124190857818934 0.01640625 0.016501698770336047
6 0.99375 0.48796853162536313 0.01171875 0.014911927693097127
6 0.8890625 0.6831088356836975 0.01640625 0.016501698770336047
6 0.815625 0.6686923325604395 0.01640625 0.016501698770336047
6 0.675 0.6523229648776052 0.01640625 0.016501698770336047
6 0.71953125 0.620032639643836 0.01640625 0.016501698770336047
6 0.62265625 0.5737212419067724 0.01640625 0.016501698770336047
6 0.8453125 0.8114883657379268 0.01015625 0.026621587334017604
6 0.80390625 0.7156355102535367 0.01015625 0.026621587334017604
6 0.86875 0.7207270103517326 0.01015625 0.026621587334017604
6 0.91015625 0.7150173658361227 0.01015625 0.026621587334017604
6 0.93046875 0.7148991911680878 0.01015625 0.026621587334017604
6 0.95390625 0.6178878357818934 0.01015625 0.026621587334017604
6 0.95390625 0.5530440857818935 0.01015625 0.026621587334017604
6 0.93046875 0.4273991911680877 0.01015625 0.026621587334017604
6 0.99453125 0.39733898644582333 0.01015625 0.026621587334017604
6 0.825 0.46004404040596186 0.01015625 0.026621587334017604
6 0.78359375 0.4923161849215717 0.01015625 0.026621587334017604
6 0.76015625 0.42839004030776595 0.01015625 0.026621587334017604
6 0.675 0.4257604648776052 0.01015625 0.026621587334017604
6 0.78046875 0.5837406156397309 0.01015625 0.026621587334017604
6 0.096875 0.5588113977370637 0.01796875 0.01651078912941557
6 0.059375 0.5910608163549746 0.01015625 0.028184087334017605
6 0.12421875 0.6039648164531704 0.01015625 0.025059087334017606
6 0.14140625 0.6038648225032945 0.01015625 0.025059087334017606
6 0.18828125 0.615310861730906 0.01015625 0.025059087334017606
6 0.19140625 0.5777926810127468 0.01640625 0.01493919877033605
6 0.22578125 0.5838426931129952 0.01796875 0.01494828912941557
6 0.296875 0.5521790817748726 0.01015625 0.023496587334017605
6 0.33828125 0.5566256872592628 0.01640625 0.01493919877033605
6 0.0890625 0.7557318495324618 0.01015625 0.023496587334017605
6 0.0828125 0.8276432109687804 0.01640625 0.01493919877033605
6 0.11484375 0.8274568586076481 0.01640625 0.01493919877033605
6 0.12421875 0.7867773164531704 0.01015625 0.026621587334017604
6 0.16796875 0.827147786398941 0.01640625 0.01493919877033605
6 0.21796875 0.8010756449083933 0.01640625 0.01493919877033605
6 0.25234375 0.8008756570086417 0.01796875 0.01494828912941557
6 0.3046875 0.8279148799794745 0.01796875 0.01807328912941557
6 0.33203125 0.8371307986955813 0.01015625 0.02505908733401725