6 0.8122394405633685 0.7800486691653827 0.03607440734404506 0.07972452080156245
6 0.7013019405633684 0.7774665701915631 0.03451190734404488 0.07968815321038196
6 0.41168764660250295 0.4823663968452087 0.03446645401018138 0.07578190321038196
6 0.29453650926959385 0.47651382750666693 0.03448463534372674 0.07734440321038197
6 0.18591548726927568 0.47633002991961815 0.03448463534372679 0.07734440321038213
6 0.21572116593732105 0.4668647641520488 0.01528919267186346 0.03862674211621524
6 0.32430582527054835 0.4701735617390975 0.01527101133831792 0.03706424211621524
6 0.38056491593732106 0.4707015450215975 0.01528919267186346 0.03862674211621524
6 0.9864480052116875 0.9192962731731953 0.006559082670272431 0.0267079703647223
6 0.9661985925366423 0.9805604282834384 0.010465332670272432 0.026798889342673958
6 0.8575775705363242 0.9803766306963896 0.010465332670272432 0.026798889342673604
6 0.8990474552037332 0.9758716218626743 0.010465332670272432 0.026798889342673604
6 0.9020730052116874 0.9173324232494451 0.010465332670272432 0.026798889342673958
6 0.9434792552116875 0.9182961644157299 0.010465332670272432 0.026798889342673958
6 0.8583230052116875 0.9163141306963896 0.010465332670272432 0.026798889342673604
6 0.8165804005410966 0.9442566395301049 0.010465332670272432 0.026798889342673604
6 0.8161985925366423 0.9770691395301048 0.010465332670272432 0.026798889342673604
6 0.7520724578692333 0.981046818291702 0.010465332670272609 0.026798889342673604
6 0.7291076725414148 0.9398763044239937 0.010465332670272609 0.026798889342673604
6 0.7083224578692333 0.9800285257386465 0.010465332670272609 0.026798889342673604
6 0.6670525678708241 0.9673460345723617 0.010465332670272609 0.026798889342673604
6 0.6880468678787783 0.9092250632577089 0.010465332670272609 0.026798889342673604
6 0.6496014385344152 0.9896022410693757 0.01659715400222712 0.016788109707395905