6 0.9046031983633867 0.12423447453868679 0.016125997004775173 0.03758329998588259
6 0.91367564191745 0.29436496401534307 0.016125997004775173 0.03758329998588259
6 0.4030903498994835 0.5135502056287251 0.02420139183263199 0.023240078925077866
6 0.4663715998994835 0.5098644925310152 0.02576389183263199 0.023331084186749607
6 0.4404465061600858 0.5520820846102726 0.04684028366526398 0.04638915258848364
6 0.751379060876742 0.6459183006917543 0.02420139183263199 0.02324007892507769
6 0.7119122121583847 0.03133986120098052 0.02420139183263199 0.023240078925077734
10 0.7151116563454203 0.3247181348785039 0.03945436960011328 0.03582337891096028
1 0.8211210649682752 0.19955226393063846 0.1409400024470706 0.1734969551346149
23 0.7710342410143254 0.0654726665191221 0.01618056070710594 0.039145799985882565
23 0.7343179802145521 0.13493529806091834 0.01774306070710594 0.03923680524755442
23 0.688469766875041 0.1446512032802379 0.016235124409436884 0.04070829998588259
23 0.6917981527172232 0.2399637032802379 0.01618056070710594 0.03914579998588259
23 0.8826265385594055 0.324355571879616 0.02732639183263217 0.023422089448421522
23 0.7716344748570745 0.3292544454583173 0.025873019237293703 0.026456084186749607
23 0.732301645545647 0.39104108489262124 0.01618056070710594 0.03914579998588259
23 0.697145395545647 0.39308870328023787 0.01618056070710594 0.03914579998588259
23 0.873688081295162 0.5839958823888423 0.027380955534962937 0.024984589448421524