6 0.5960861830479902 0.9508213494275118 0.01618056070710594 0.0385403486200282
6 0.5757736830479903 0.9504667934211575 0.01618056070710594 0.0385403486200282
6 0.7196328104526519 0.9498509590045888 0.01618056070710594 0.0385403486200282
6 0.699320310452652 0.9494964029982343 0.01618056070710594 0.0385403486200282
6 0.678226560452652 0.9491282102224048 0.01618056070710594 0.0385403486200282
6 0.6579140604526519 0.9487736542160503 0.01618056070710594 0.0385403486200282
6 0.6374924330479902 0.9515440982096959 0.01618056070710594 0.0385403486200282
6 0.6165078104526519 0.9480509054338663 0.01618056070710594 0.0385403486200282
6 0.5555703104526519 0.9469872374148031 0.01618056070710594 0.0385403486200282
6 0.592926499830364 0.6607457743464339 0.019441969962933216 0.042501145697928774
6 0.5709696542768677 0.6627076948011291 0.01618056070710594 0.0385403486200282
6 0.5545088405745369 0.6639838226421506 0.014508933302444228 0.035388075081077906
6 0.17842997941194394 0.5987898762161683 0.024255955534962848 0.02384660308425506
6 0.18178315790506477 0.5699245365245937 0.02576389183263199 0.02231137662320535
6 0.19692949746811128 0.49436147483619663 0.02420139183263199 0.022284103084255234
6 0.20020083040773579 0.46783988514462216 0.02576389183263199 0.02231137662320535
26 0.45878960200728225 0.6068104764577543 0.1490699609772584 0.15485291558343128
17 0.6181993183420182 0.6533696509696394 0.02216766587924912 0.053479556006354304
23 0.7209026445734029 0.9963723533862376 0.015553078130301046 0.007255293227524717
23 0.6795509582757336 0.9944484789951457 0.015662205534962937 0.01110304200970873
23 0.5771526445734029 0.995117770594522 0.015553078130301046 0.009764458810956
23 0.5561134582757337 0.9933711742066074 0.015662205534962937 0.013257651586785357
23 0.6177776445734029 0.9954723266008763 0.015553078130301046 0.0090553467982474
23 0.5974651445734029 0.9952950485976991 0.015553078130301046 0.009409902804601699
23 0.6591838945734029 0.9958337009919684 0.015553078130301046 0.008332598016063031
23 0.6381447082757337 0.9940871046040536 0.015662205534962937 0.011825790791892743
23 0.6998634582757337 0.9946257569983228 0.015662205534962937 0.01074848600335443
23 0.556728594202734 0.5780326858726754 0.016125997004775173 0.036977848620028196
23 0.4353371999230312 0.7635280807598255 0.01618056070710594 0.0385403486200282
23 0.41820426362536206 0.7616655718313717 0.016289688111767654 0.0416653486200282