1 0.53828125 0.01015625 0.1140625 0.0203125
23 0.93125 0.04375 0.01484375 0.04140625
23 0.65859375 0.2625 0.01484375 0.03828125
23 0.5296875 0.26953125 0.01640625 0.04140625
23 0.50859375 0.26875 0.01484375 0.03984375
23 0.48828125 0.3140625 0.0265625 0.0234375
23 0.66640625 0.3109375 0.025 0.0234375
23 0.54140625 0.3140625 0.028125 0.0234375
23 0.50625 0.49296875 0.0265625 0.0234375
23 0.50625 0.428125 0.0265625 0.0234375
23 0.50625 0.39609375 0.0265625 0.0234375
23 0.503125 0.3578125 0.0265625 0.0234375
23 0.50625 0.46015625 0.0265625 0.0234375
23 0.3625 0.2421875 0.01484375 0.03828125
1 0.228125 0.39453125 0.22734375 0.17890625
23 0.18359375 0.64453125 0.0265625 0.021875
23 0.13046875 0.67265625 0.0265625 0.025
23 0.1078125 0.6390625 0.028125 0.0234375
23 0.35703125 0.67265625 0.028125 0.025
6 0.95390625 0.2375 0.03671875 0.0765625
6 0.68359375 0.35546875 0.01796875 0.0421875
6 0.6859375 0.41796875 0.01796875 0.04375
6 0.56328125 0.35546875 0.01796875 0.0421875
6 0.56328125 0.4328125 0.01796875 0.04375
6 0.5859375 0.35546875 0.01640625 0.03671875
6 0.58828125 0.4328125 0.01484375 0.03828125
6 0.70390625 0.35859375 0.01796875 0.0421875
6 0.70703125 0.41796875 0.01796875 0.04375
6 0.72890625 0.42109375 0.01484375 0.03828125
6 0.7265625 0.35859375 0.01640625 0.03671875
6 0.13203125 0.2140625 0.0234375 0.0234375
6 0.35859375 0.5046875 0.025 0.0234375
6 0.3625 0.30390625 0.01484375 0.03828125
6 0.896875 0.0421875 0.01015625 0.0265625
6 0.9375 0.10703125 0.01015625 0.0265625
6 0.9609375 0.10390625 0.01015625 0.0265625
6 0.9984375 0.10390625 0.003125 0.0265625
17 0.63359375 0.3609375 0.046875 0.046875
17 0.634375 0.41640625 0.0484375 0.046875