6 0.4 0.7523603680756179 0.0203125 0.05168067466803503
6 0.62421875 0.8752746515476927 0.03359375 0.03066419272021186
6 0.62734375 0.8197877208295334 0.03515625 0.03067328307929138
6 0.62890625 0.7104036304704539 0.03828125 0.0322539637974506
6 0.4546875 0.6106359555078312 0.03515625 0.02989203307929138
6 0.94296875 0.032579133200928374 0.1140625 0.06515826640185675
1 0.98203125 0.1864742093184603 0.03515625 0.15567328307929137
10 0.97890625 0.4357111400366195 0.0421875 0.16118293969514957
6 0.32578125 0.5926359101318998 0.11171875 0.10768121067419259
10 0.440625 0.3747802687395478 0.05390625 0.1542198673882468
10 0.3609375 0.37758762705260834 0.05859375 0.16127838846548564
1 0.5 0.8002160850945224 0.07890625 0.15436531313352048
23 0.62734375 0.7604127208295335 0.03515625 0.03223578307929138
23 0.45546875 0.6606314103282914 0.03671875 0.033807373438370904
1 0.753125 0.7995246969236243 0.08046875 0.15124940349260035
15 0.2765625 0.38354725644290766 0.065625 0.19256929508134393