6 0.9953125 0.121875 0.00859375 0.03203125
6 0.7515625 0.47109375 0.03671875 0.03359375
6 0.7515625 0.53671875 0.03671875 0.03515625
6 0.8984375 0.63359375 0.03828125 0.03515625
6 0.7515625 0.959375 0.03671875 0.03671875
23 0.753125 0.7671875 0.03984375 0.10859375
23 0.75546875 0.028125 0.03828125 0.05546875
23 0.934375 0.2859375 0.03828125 0.03828125
23 0.7609375 0.0953125 0.03828125 0.03828125
23 0.75234375 0.40859375 0.03828125 0.03671875
23 0.7609375 0.14765625 0.03828125 0.03671875
23 0.75625 0.2828125 0.03984375 0.10859375
23 0.753125 0.63515625 0.03984375 0.10859375
23 0.75234375 0.853125 0.03828125 0.03515625
1 0.9984375 0.70234375 0.003125 0.571875