6 0.9590346324153615 0.1204284714594435 0.03535169272021186 0.03523117865988179
6 0.8621596324153614 0.11591644581888036 0.03691419272021186 0.03530395326698765
6 0.7113783824153614 0.10889369623316511 0.038476692720211855 0.035376727874093516
6 0.9614163064942215 0.5298034714594435 0.03690510236113198 0.03374145326698752
6 0.60224181527482 0.6817789245215433 0.03536078307929138 0.03679367865988183
6 0.7043866191367627 0.9208478866798713 0.03848578307929138 0.03693922787409356
6 0.17647926687382637 0.7994114567816443 0.03848578307929138 0.03693922787409356
6 0.10148835723290599 0.7974807756405632 0.03534260236113216 0.03366867865988184
6 0.168231471399699 0.9884947851009812 0.038453966822512696 0.023010429798037534
6 0.46508829068153973 0.9928875039278141 0.03691419272021186 0.014224992144371739
6 0.25224427693097135 0.12890421174404304 0.03692328307929138 0.036866453266987606
6 0.12383747579950317 0.07449919396136273 0.03534260236113216 0.03366867865988179
23 0.8597078398681003 0.36573450930111573 0.03848578307929138 0.03693922787409356
23 0.8599436683233233 0.27202089660466866 0.0369323734383709 0.0384289532669877
23 0.6391215873340175 0.039921064306295675 0.03527442466803503 0.02194992865988179
23 0.7887312227744412 0.11405853928490506 0.0369323734383709 0.038428953266987656
23 0.6189096021647404 0.1905011071103666 0.0369323734383709 0.03842895326698761
23 0.6016747095940381 0.8527998999144376 0.03849487343837108 0.03850172787409321
23 0.7573686350476401 0.36174902253568203 0.03849487343837108 0.03850172787409356
23 0.7578276981811609 0.44065527253568204 0.0384948734383709 0.03850172787409356
23 0.7641645774732643 0.5901287336605525 0.03849487343837108 0.03850172787409356
23 0.8579145774732643 0.594495210086904 0.0384948734383709 0.03850172787409356
23 0.6041497489198455 0.7412266991286491 0.0384948734383709 0.03850172787409356
23 0.6013474566671719 0.7965498999144375 0.0384948734383709 0.03850172787409356
23 0.45408157122674836 0.7225215868464869 0.03849487343837108 0.03850172787409356
23 0.3311959787263694 0.14039182940288883 0.07220679810640603 0.060378881926869445
1 0.8685763841638774 0.9417670656515937 0.18666472872636958 0.11646586869681244