6 0.2841400231731953 0.9877628617107472 0.03530172036472221 0.007477683302444404
6 0.035282336243472955 0.877606644827857 0.03043303561920141 0.03306796034428601
6 0.3140255852935424 0.8944568058129645 0.03590178561920139 0.03325893330244441
6 0.3371890219389243 0.8146775365756709 0.039026785619201476 0.03336806070710594
6 0.03553364332982699 0.7204389855720297 0.038336454597152805 0.037247028855940556
6 0.3306643053739242 0.702313945831498 0.03593815321038196 0.0348214333024444
6 0.4235550945085073 0.42697415073348866 0.03590178561920147 0.03325893330244441
6 0.41910137100965306 0.3028099644358195 0.039063153210381965 0.03493056070710594
6 0.41799019984750013 0.1542906188823232 0.037464285619201475 0.03331349700477513
6 0.41273769576343755 0.06299349628698492 0.037500653210381964 0.0348759970047751
6 0.5781087758355555 0.07989327569107962 0.037537020801562446 0.036438497004775125
6 0.8823241503605903 0.08256188558772817 0.036010888392743114 0.03794643330244427
6 0.883999019186042 0.2552999811412245 0.037464285619201475 0.03331349700477517
6 0.6884878038553127 0.3207687576349123 0.03590178561920147 0.03325893330244423
6 0.5806019154625697 0.2877876212445759 0.03909952080156245 0.03649306070710594
6 0.9063533299752088 0.6110589078202467 0.03597452080156245 0.03638393330244423
6 0.9114986909168756 0.7985316259690813 0.037537020801562446 0.03643849700477499
6 0.5325573797464591 0.8774428874866448 0.039063153210381965 0.03493056070710594
23 0.4271723634102088 0.5152008370311577 0.03913588839274311 0.03805556070710594
23 0.6410205771254173 0.7000768009188232 0.046512630508958354 0.05314484736759475
23 0.591810212765278 0.19826132977476363 0.048038762917777686 0.05163691106992565
23 0.3603380879559028 0.0018377745947712868 0.036301175911805574 0.0036755491895425737
23 0.4205716456109377 0.2316070870311578 0.03909952080156245 0.03649306070710594
23 0.7712093848773615 0.31397063141137693 0.07320241707809032 0.0595411803072194
23 0.9157166782834384 0.9461605941179159 0.03920862357510444 0.04118056070710594
23 0.9988466354007812 0.023727544210583127 0.0023067291984375515 0.04698412740466171
23 0.8700436623284377 0.15961545890870585 0.04956489532659738 0.05012897477225655
1 0.10928995991548636 0.29486357749732894 0.21799803837208379 0.5790228450053421
1 0.16733046361829929 0.8065351982785687 0.1888469072944446 0.13149308057737166