6 0.1484375 0.35460516588743635 0.028125 0.06344487646343318
6 0.540625 0.8398234857584523 0.01875 0.05010908430895533
6 0.990625 0.7622054623435224 0.01875 0.16417158430895534
6 0.01796875 0.03515511370511505 0.03515625 0.0703102274102301
1 0.021875 0.19206023497288535 0.04375 0.15572328005422928
10 0.1265625 0.17504493091455098 0.03671875 0.11740112343837099
10 0.01015625 0.4413471626659825 0.0203125 0.16105567466803503
17 0.12890625 0.5187812953759317 0.1234375 0.1983743883672897
23 0.175 0.6388256297830829 0.03359375 0.03378919272021186
23 0.7609375 0.8346354951282262 0.0203125 0.05168067466803485
23 0.72578125 0.8379650282075175 0.0203125 0.051680674668035206
23 0.79921875 0.8344127813307753 0.0203125 0.051680674668035206
23 0.57890625 0.8388195219610015 0.0203125 0.051680674668035206
23 0.690625 0.8350445612868089 0.0203125 0.051680674668035206
23 0.65234375 0.8383922750842597 0.0203125 0.051680674668035206
23 0.6171875 0.8385968081635511 0.0203125 0.051680674668035206
23 0.896875 0.8330633838882994 0.06328125 0.054274409542724555
23 0.9921875 0.5739151219844427 0.015625 0.050090903590796286
1 0.67265625 0.35936785041622454 0.39609375 0.5960544060266831
1 0.3 0.4498171510567134 0.08359375 0.2997050842107596