6 0.05703125 0.79765625 0.03828125 0.03515625
6 0.23828125 0.796875 0.03671875 0.03359375
6 0.3265625 0.928125 0.03671875 0.03203125
6 0.5703125 0.7390625 0.03828125 0.03515625
6 0.01796875 0.0421875 0.0359375 0.034375
6 0.22421875 0.0703125 0.03828125 0.03515625
6 0.2234375 0.02578125 0.03671875 0.03359375
6 0.5703125 0.04140625 0.04375 0.0484375
6 0.77109375 0.046875 0.046875 0.046875
23 0.34609375 0.09609375 0.046875 0.0515625
23 0.32265625 0.21171875 0.046875 0.0484375
23 0.09296875 0.2078125 0.0453125 0.0515625
23 0.01875 0.00703125 0.0375 0.0140625
17 0.3984375 0.40390625 0.06875 0.05703125
23 0.32734375 0.87734375 0.03828125 0.03671875
23 0.32734375 0.83359375 0.03828125 0.03671875
23 0.4921875 0.73828125 0.03984375 0.03984375
23 0.12734375 0.79609375 0.03828125 0.03828125
23 0.05703125 0.8984375 0.03828125 0.03671875
23 0.13359375 0.8984375 0.03828125 0.03671875
23 0.7484375 0.35625 0.0484375 0.05
23 0.7484375 0.4296875 0.0484375 0.05
23 0.7453125 0.6671875 0.0484375 0.05
23 0.7453125 0.740625 0.0484375 0.05
23 0.7484375 0.50859375 0.0484375 0.05
23 0.7484375 0.590625 0.0484375 0.05