6 0.22578125 0.97890625 0.03515625 0.03359375
6 0.2265625 0.93203125 0.03671875 0.03359375
6 0.2265625 0.88515625 0.03671875 0.03359375
6 0.1625 0.68671875 0.03828125 0.03671875
6 0.05859375 0.38125 0.03515625 0.03515625
6 0.22890625 0.38046875 0.03515625 0.03359375
6 0.11171875 0.115625 0.03515625 0.03203125
6 0.1890625 0.115625 0.03828125 0.03203125
6 0.11171875 0.06875 0.03515625 0.03203125
6 0.1890625 0.071875 0.03828125 0.03203125
23 0.48515625 0.01171875 0.03828125 0.0234375
23 0.11328125 0.02265625 0.03828125 0.03359375
23 0.1890625 0.021875 0.03828125 0.03828125
23 0.3046875 0.52109375 0.04140625 0.03984375
23 0.3046875 0.46875 0.04140625 0.03984375
23 0.24609375 0.6875 0.046875 0.05
23 0.3515625 0.6875 0.046875 0.05
23 0.0671875 0.67578125 0.046875 0.05
23 0.1171875 0.771875 0.046875 0.0484375
23 0.021875 0.76953125 0.03828125 0.03828125
23 0.021875 0.94140625 0.04375 0.046875
23 0.01875 0.8390625 0.0375 0.0375
23 0.34609375 0.82578125 0.046875 0.05
23 0.346875 0.89453125 0.0484375 0.053125
23 0.34609375 0.9625 0.046875 0.0484375
23 0.01875 0.98984375 0.0375 0.0203125
23 0.7703125 0.89140625 0.0453125 0.046875
23 0.56796875 0.89765625 0.0453125 0.046875
23 0.56875 0.50390625 0.046875 0.0515625
23 0.77734375 0.51015625 0.046875 0.053125
23 0.56875 0.6796875 0.046875 0.0515625
23 0.77421875 0.67734375 0.046875 0.053125
23 0.571875 0.59140625 0.046875 0.0515625
23 0.77421875 0.5953125 0.046875 0.053125