6 0.2609375 0.003125 0.03515625 0.00625
6 0.01484375 0.121875 0.0296875 0.03203125
6 0.29296875 0.0953125 0.03515625 0.03203125
6 0.31796875 0.17421875 0.03828125 0.03203125
6 0.01875 0.27890625 0.0375 0.0359375
6 0.3140625 0.28671875 0.03515625 0.03359375
6 0.41328125 0.55859375 0.03515625 0.03203125
6 0.41171875 0.6828125 0.03828125 0.03359375
6 0.4140625 0.83125 0.03671875 0.03203125
6 0.4109375 0.92265625 0.03671875 0.03359375
6 0.57578125 0.9 0.03671875 0.03515625
6 0.8796875 0.88671875 0.03515625 0.03671875
6 0.87734375 0.7140625 0.03671875 0.03203125
6 0.68046875 0.65546875 0.03515625 0.03203125
6 0.5734375 0.6921875 0.03828125 0.03515625
6 0.89140625 0.3578125 0.03515625 0.03515625
6 0.8921875 0.1703125 0.03671875 0.03515625
6 0.51171875 0.1046875 0.03828125 0.03359375
23 0.41484375 0.4703125 0.03828125 0.03671875
23 0.62421875 0.278125 0.0453125 0.0515625
23 0.58671875 0.78125 0.046875 0.05
23 0.36015625 0.9921875 0.0359375 0.015625
23 0.41484375 0.75390625 0.03828125 0.03515625
23 0.76328125 0.659375 0.071875 0.05703125
23 0.89296875 0.02265625 0.03828125 0.03984375
23 0.9984375 0.94140625 0.003125 0.046875
23 0.865625 0.81015625 0.0484375 0.0484375
1 0.10234375 0.7015625 0.2046875 0.571875
1 0.1484375 0.18828125 0.1859375 0.125