6 0.02936531313352069 0.08025258023145836 0.036923283079291394 0.036866453266987655
6 0.5103345537637468 0.3229068846129566 0.03848578307929138 0.03693922787409347
6 0.3160578338179761 0.35759644602827734 0.03536078307929138 0.03679367865988183
6 0.20197767398066396 0.48349751240599675 0.03535169272021177 0.03523117865988183
6 0.27051509230398724 0.7186580705115487 0.03691419272021177 0.03530395326698752
23 0.3151498396717086 0.4700236714211714 0.03849487343837108 0.03850172787409356
23 0.40232258674484234 0.4178490494190995 0.03849487343837108 0.03850172787409356
23 0.2044355743500063 0.6374765370131026 0.03849487343837099 0.03850172787409356
23 0.4029907281371942 0.5326927994190995 0.03849487343837108 0.03850172787409356
23 0.4095816166026799 0.591577647847523 0.03849487343837108 0.03850172787409356
23 0.4067793243500063 0.6469008486333112 0.0384948734383709 0.03850172787409356
23 0.20074697208707004 0.5404559877988909 0.03849487343837099 0.03850172787409356
23 0.35644804712444744 0.7218794239023708 0.0400664637974506 0.040137002481199426
23 0.09786442924522128 0.9796307939410994 0.03851305415653026 0.0407384121178012