6 0.97109375 0.07890625 0.03671875 0.03515625
6 0.49140625 0.29921875 0.03828125 0.03515625
6 0.6859375 0.34296875 0.03515625 0.03515625
6 0.80078125 0.47421875 0.03515625 0.03359375
6 0.73359375 0.70625 0.03671875 0.03359375
23 0.6875 0.45546875 0.03828125 0.03671875
23 0.6 0.39921875 0.03828125 0.03671875
23 0.79921875 0.628125 0.03828125 0.03671875
23 0.6 0.5140625 0.03828125 0.03671875
23 0.59375 0.57265625 0.03828125 0.03671875
23 0.596875 0.628125 0.03828125 0.03671875
23 0.80234375 0.53125 0.03828125 0.03671875
23 0.64765625 0.70546875 0.03984375 0.03828125
23 0.9078125 0.97578125 0.03828125 0.03984375