6 0.4 0.2453125 0.0203125 0.0515625
6 0.62421875 0.12109375 0.03359375 0.03046875
6 0.62734375 0.1765625 0.03515625 0.03046875
6 0.62890625 0.2859375 0.03828125 0.03203125
6 0.4546875 0.38671875 0.03515625 0.0296875
6 0.94296875 0.96484375 0.1140625 0.0703125
1 0.98203125 0.8078125 0.03515625 0.15546875
10 0.97890625 0.55859375 0.0421875 0.1609375
6 0.32578125 0.40546875 0.11171875 0.10703125
10 0.440625 0.62265625 0.05390625 0.15390625
10 0.3609375 0.6203125 0.05859375 0.1609375
1 0.5 0.196875 0.07890625 0.15390625
23 0.62734375 0.2359375 0.03515625 0.03203125
23 0.45546875 0.33671875 0.03671875 0.03359375
1 0.753125 0.19609375 0.08046875 0.15078125
15 0.2765625 0.61484375 0.065625 0.1921875