6 0.7638729296146185 0.5026611091788583 0.03750065321038214 0.03487599700477517
6 0.7623454907850351 0.43703610917885827 0.037537020801562446 0.036438497004775174
6 0.9069657001318406 0.3350321211597579 0.03909952080156245 0.03649306070710594
6 0.7525080573706945 0.016690178840622953 0.037573388392743115 0.033380357681245906
23 0.7585437710859029 0.2065127954765275 0.042371297587048676 0.10998512440943689
23 0.7780893917143065 0.9454934499230312 0.03957229948690966 0.05680556070710594
23 0.9509949891695145 0.6814334060061482 0.03917225598392378 0.03961806070710594
23 0.7819943352935425 0.8781149769648732 0.0391722559839236 0.03961806070710594
23 0.7661088832618408 0.5651338273276929 0.03913588839274311 0.03805556070710594
23 0.7807760209889938 0.8257712269648732 0.03913588839274311 0.03805556070710594
23 0.7729427243518756 0.6907786680718658 0.042371297587048676 0.10998512440943671
23 0.76161683254066 0.3385440454765275 0.042371297587048676 0.10998512440943689
23 0.7557623035709723 0.1206025773276929 0.03909952080156245 0.03649306070710594
1 0.9985738784669269 0.274391053956457 0.0028522430661460873 0.548782107912914