6 0.5570472015594244 0.2296875 0.02407151136870649 0.05390625
6 0.4627785953239142 0.33828125 0.022509011368706488 0.05390625
6 0.32206477612309203 0.66640625 0.025634011368706487 0.05390625
6 0.3122574001159183 0.86875 0.022509011368706488 0.05390625
23 0.9010319649052974 0.16640625 0.04251510524692677 0.10390625
23 0.8956839372249684 0.29765625 0.04245143825073257 0.10234375
23 0.7256234466165086 0.253125 0.04290242441056833 0.03671875
23 0.6537484466165087 0.253125 0.03977742441056833 0.03671875
23 0.3957238161235296 0.871875 0.025634011368706487 0.05390625
23 0.37003274943134634 0.79296875 0.04114892342198502 0.03203125
23 0.37047044262499484 0.6671875 0.04245143825073265 0.10234375
23 0.42586884433533106 0.34296875 0.025825012357289623 0.05859375
23 0.42138032110362644 0.453125 0.025697678364900868 0.05546875
23 0.3840076550960153 0.45 0.024135178364900867 0.05546875
23 0.34504065559030683 0.44765625 0.025761345361095245 0.05703125
10 0.1263663210664454 0.8484375 0.039039936767857865 0.0953125
6 0.13550785220681544 0.70078125 0.0256021778706093 0.053125
1 0.9574319317505801 0.71875 0.04330691999912517 0.4109375
1 0.6389047662372602 0.71328125 0.2941200034972223 0.41171875
1 0.4308268942587814 0.10625 0.13760211216700924 0.13671875