6 0.2345488941844193 0.896875 0.02241351087441492 0.0515625
6 0.012190663878986185 0.63515625 0.02438132775797237 0.03203125
6 0.11198814467871088 0.89453125 0.0224771778706093 0.053125
6 0.5171172213310878 0.1359375 0.037477436767857954 0.0953125
23 0.44192758444949937 0.38984375 0.02560217787060921 0.053125
23 0.42998470547657613 0.60625 0.025761345361095422 0.05703125
23 0.392184980648266 0.88203125 0.025761345361095245 0.05703125
23 0.3413573096977389 0.90234375 0.025761345361095245 0.05703125
23 0.2719852271882249 0.8984375 0.02407151136870649 0.05390625
23 0.2409806249070474 0.98828125 0.02439250494291585 0.0234375
23 0.16832437490704738 0.98828125 0.02439250494291585 0.0234375
1 0.2529911239556452 0.59765625 0.24584698817418288 0.3390625
1 0.03720923922127219 0.79609375 0.07441847844254439 0.20234375