6 0.08828125 0.2578125 0.0234375 0.05859375
6 0.190625 0.1421875 0.0234375 0.05546875
6 0.06328125 0.81171875 0.03828125 0.03359375
6 0.38203125 0.565625 0.03671875 0.03515625
6 0.6 0.446875 0.0203125 0.05546875
6 0.5984375 0.27734375 0.0234375 0.05546875
6 0.54453125 0.14453125 0.021875 0.05390625
6 0.87734375 0.12265625 0.03671875 0.03359375
6 0.7375 0.37109375 0.0203125 0.05546875
6 0.89296875 0.6015625 0.03828125 0.03515625
6 0.8921875 0.65859375 0.03671875 0.03203125
6 0.59765625 0.58203125 0.021875 0.05546875
6 0.59765625 0.77578125 0.021875 0.05546875
6 0.1515625 0.946875 0.03984375 0.03515625
6 0.228125 0.94609375 0.03984375 0.03359375
6 0.42109375 0.946875 0.03828125 0.03515625
6 0.534375 0.94375 0.03671875 0.03359375
6 0.99375 0.77265625 0.01171875 0.03203125
6 0.99375 0.98359375 0.01171875 0.03203125
23 0.003125 0.5453125 0.00625 0.03515625
23 0.0609375 0.43203125 0.03984375 0.03671875
23 0.0609375 0.4875 0.03984375 0.03671875
23 0.0609375 0.54765625 0.03984375 0.03359375
23 0.240625 0.14609375 0.0234375 0.05703125
23 0.39453125 0.14375 0.0734375 0.05859375
23 0.315625 0.14375 0.0734375 0.05859375
23 0.4953125 0.14296875 0.0234375 0.05703125
23 0.66171875 0.6609375 0.03984375 0.10703125
23 0.66171875 0.25859375 0.03984375 0.10703125
23 0.66171875 0.39375 0.03984375 0.10703125
23 0.66171875 0.52578125 0.03984375 0.10703125
23 0.33125 0.965625 0.0703125 0.06015625
23 0.6640625 0.96484375 0.03828125 0.03515625
23 0.14921875 0.99375 0.03515625 0.01171875
23 0.83984375 0.2765625 0.0734375 0.06015625
23 0.9671875 0.12578125 0.03984375 0.03515625
23 0.775 0.6046875 0.03671875 0.03671875
1 0.01875 0.95546875 0.0375 0.0890625
1 0.8390625 0.8796875 0.09375 0.240625