6 0.15546875 0.61640625 0.08828125 0.23046875
6 0.03203125 0.21953125 0.0640625 0.2296875
6 0.1046875 0.28515625 0.021875 0.05390625
6 0.1421875 0.28828125 0.0203125 0.05390625
6 0.4859375 0.76640625 0.021875 0.05390625
6 0.4234375 0.76484375 0.0203125 0.0515625
6 0.56953125 0.746875 0.03671875 0.0984375
6 0.65625 0.7296875 0.021875 0.05703125
10 0.78125 0.10546875 0.03828125 0.1
28 0.12734375 0.39609375 0.03828125 0.09375
28 0.12734375 0.15859375 0.03828125 0.09375
10 0.1265625 0.8359375 0.03671875 0.08828125
28 0.04140625 0.8359375 0.03671875 0.08828125
23 0.68125 0.12734375 0.0421875 0.04375
23 0.27578125 0.63828125 0.0296875 0.06328125
23 0.62109375 0.73046875 0.021875 0.053125
23 0.52109375 0.7671875 0.021875 0.05546875
23 0.32421875 0.76484375 0.0203125 0.0515625
1 0.4578125 0.96328125 0.3984375 0.0734375