6 0.6142243260837233 0.019141665485433845 0.025761345361095422 0.03828333097086769
6 0.5236391353615328 0.1268543882901013 0.022572678364900865 0.056296420950527094
6 0.38826673216832186 0.4630704139932639 0.025697678364900868 0.05642375494291585
6 0.3831786896592453 0.664505580000875 0.02407151136870649 0.054797587946721474
6 0.20386255726346203 0.5095819525480076 0.02738751235728971 0.059612421939110406
10 0.19621985912689763 0.658864369544202 0.04385477076024671 0.10006100840295709
23 0.9574039817112112 0.049741754772866666 0.040888938250732566 0.09948350954573333
23 0.7884603221293908 0.020909499925637905 0.039713757414373774 0.03671609140676259
23 0.7142097386312936 0.0247149322448715 0.04140359140676253 0.039904758402956986
1 0.708550057263462 0.4890175127772192 0.3067619249420407 0.44615339429596246
23 0.483181278631731 0.2392562292025723 0.022572678364900865 0.056296420950527094
23 0.4877016353615328 0.1283187292025723 0.022572678364900865 0.056296420950527094
23 0.44812052912602257 0.23834498661694611 0.02397601087441501 0.05245383794672147
23 0.4105886956279254 0.24065424452561152 0.022477177870609388 0.053952670950527096
23 0.4391434826626133 0.45865748661694605 0.04407760524692712 0.10552975840295709
23 0.43707962247277055 0.5858739026245573 0.03977742441056833 0.03827859140676253
23 0.4651781061611482 0.6619443127006696 0.025474843878220455 0.05095500494291585