6 0.5746139061369527 0.9150956756499937 0.041800363125944706 0.0338255541565303
6 0.691367308584262 0.7207320764121194 0.07207169205102257 0.05743122579950324
6 0.5875898612009804 0.7057161304704539 0.04032886838761662 0.035378963797450605
6 0.22625054279924645 0.7281239582383058 0.04263409200867017 0.10177612343837109
6 0.0478147296591843 0.7479057139938423 0.04795165258848362 0.04557612041330898
6 0.0646962056993123 0.45806196399384236 0.07198068678935066 0.055868725799503235
6 0.24106753185237978 0.28600009075186306 0.026850197312694314 0.058730105386194255
1 0.20528340834426567 0.471301786497137 0.05300317363517104 0.051853391490547907
23 0.700725439984884 0.5332411667711991 0.0689466920510224 0.05741304508134384
23 0.6952651242845731 0.6269911667711991 0.0689466920510224 0.05741304508134384
23 0.6661221978068046 0.45690592574818956 0.04180036312594489 0.0338255541565303
23 0.5156741477503348 0.39842632611753187 0.03876636838761662 0.03536987343837099
23 0.6713249082736785 0.3943968353891099 0.03876636838761662 0.03536987343837099
23 0.5914553977503348 0.3979854437021704 0.03876636838761662 0.03536987343837099
23 0.4100542083301482 0.45527174463724684 0.026850197312694314 0.058730105386194255
23 0.3709917083301482 0.4554990036142373 0.029975197312694313 0.058748286104353474
23 0.5103881372975783 0.47577462129707176 0.040237863125944885 0.03381646379745078
23 0.29163813729757826 0.4770472715682182 0.026759192051022486 0.057167605386194253
23 0.15300973485026897 0.6715381358332071 0.044697120947865356 0.11037896379745078
23 0.05412418479379925 0.6127585543529219 0.028412697312694336 0.058739195745273774
28 0.5852259114692118 0.9876655672387372 0.0369385578783902 0.01739657825883114
28 0.0010398450100887525 0.6256767108705844 0.002079690020177505 0.10254828307929138
1 0.13059089035193722 0.922364837628605 0.1088730130130053 0.15292553298109582
1 0.5660143239457546 0.2716138412428424 0.11267284719975486 0.17793916851971492
1 0.36039365550166824 0.2485995638208917 0.09733627353634891 0.15598235528799842