6 0.10987670064577353 0.7385903147150168 0.02514240399835055 0.05954875494291585
6 0.21558479453585191 0.8500451264642843 0.025051475785105203 0.05642375494291585
6 0.06875967484803307 0.18570273665412712 0.039258728292387655 0.03515359140676257
6 0.39467027164110535 0.41880841943047126 0.03774169239901033 0.03665242441056815
6 0.6160942937444291 0.5286768734613536 0.021926475785105204 0.056296420950527094
6 0.6194646493129901 0.6982717904575481 0.025051475785105203 0.05642375494291585
6 0.569422848375918 0.8332808018262547 0.023443511678482486 0.05479758794672165
6 0.9028718458686354 0.8415947316368492 0.0376962282923877 0.03508992441056833
6 0.7557993029156291 0.5988554277962472 0.021926475785105204 0.056296420950527094
6 0.9045620971887836 0.3620518116749053 0.03930419239901042 0.03671609140676253
6 0.9021214072970558 0.3050523951730025 0.03765076418576498 0.03352742441056815
6 0.6098178985215672 0.3936161239556452 0.023488975785105025 0.05636008794672147
6 0.6041803493003547 0.19986612395564526 0.023488975785105205 0.05636008794672147
6 0.15310827962517115 0.04694930136914403 0.04086669239901033 0.036779758402956976
6 0.22969351167848248 0.04461086855561884 0.0408212282923877 0.035217258402956975
6 0.42263952962517115 0.035966744525611494 0.03930419239901042 0.036716091406762595
6 0.5360117078384166 0.03447588730151811 0.0376962282923877 0.035089924410568206
6 0.9970198227103587 0.186851540420367 0.005960354579282523 0.03250875247145792
23 0.016355055027200204 0.45456016600761123 0.007272942399010329 0.03541091798477751
23 0.07746370275734459 0.5654857371484188 0.040912156505633 0.03834225840295709
23 0.0758497269722394 0.5100169871484187 0.040912156505633 0.03834225840295709
23 0.07409935886726618 0.44986073714841873 0.040821228292387636 0.035217258402957086
23 0.2654711342692952 0.8441015325860637 0.02509693989172792 0.05798625494291585
23 0.4194455804292293 0.840174083460916 0.07514240399835045 0.06158609882113666
23 0.3405393304292293 0.8433892667687329 0.07514240399835045 0.061586098821136304
23 0.5202495624825406 0.8368488122063779 0.025096939891727742 0.05798625494291585
23 0.6715844611371218 0.3120995271116752 0.04295804130365362 0.10865475840295691
23 0.6832914685924621 0.7144432771116753 0.04295804130365362 0.10865475840295709
23 0.6793588233696003 0.5792870271116752 0.04295804130365362 0.10865475840295709
23 0.6755171063599837 0.4472557771116753 0.04295804130365362 0.10865475840295709
23 0.33225021034569896 0.02619411461058141 0.07206286810497317 0.05238822922116282
23 0.6650854423990102 0.013227911160382456 0.03930419239901042 0.02645582232076491
23 0.14940060642649072 0.003372715285311258 0.03549723079967011 0.006745430570622516
23 0.8608936313663014 0.6892164895455146 0.07518786810497317 0.0631485988211363
23 0.9860956607279425 0.8348088793556716 0.02780867854411504 0.03677975840295673
23 0.7865024189755383 0.3637336698875818 0.037787156505633135 0.03821492441056815
1 0.02004572703874641 0.04453125 0.04009145407749282 0.0890625
1 0.8425632362099463 0.10417291646472175 0.10075147241989271 0.2083458329294435