6 0.1 0.2546875 0.0234375 0.05703125
6 0.20234375 0.13671875 0.0234375 0.05703125
6 0.07265625 0.80859375 0.03984375 0.03359375
6 0.1625 0.9421875 0.03828125 0.03671875
6 0.2390625 0.94453125 0.03828125 0.03515625
6 0.89296875 0.1203125 0.03828125 0.03515625
6 0.75078125 0.3671875 0.0234375 0.05390625
6 0.61328125 0.27421875 0.0234375 0.05546875
6 0.56328125 0.1375 0.0234375 0.05859375
6 0.6125 0.44453125 0.021875 0.05546875
6 0.39453125 0.5609375 0.03828125 0.03671875
6 0.61328125 0.5796875 0.0234375 0.05703125
6 0.6125 0.7734375 0.021875 0.05703125
6 0.54609375 0.94375 0.03671875 0.03359375
6 0.43046875 0.94609375 0.03984375 0.03359375
6 0.9046875 0.5984375 0.03828125 0.03515625
6 0.9046875 0.65703125 0.03828125 0.03515625
23 0.00703125 0.54140625 0.0140625 0.0359375
23 0.07265625 0.425 0.03984375 0.03515625
23 0.07265625 0.48359375 0.03984375 0.03515625
23 0.075 0.54140625 0.03828125 0.03359375
23 0.32734375 0.13515625 0.0734375 0.05859375
23 0.409375 0.1375 0.0734375 0.05859375
23 0.25546875 0.1390625 0.0234375 0.05546875
23 0.8546875 0.27265625 0.0734375 0.05859375
23 0.98046875 0.11953125 0.0390625 0.0359375
23 0.6765625 0.6578125 0.03984375 0.10703125
23 0.6734375 0.253125 0.03984375 0.10703125
23 0.6765625 0.3875 0.03984375 0.10703125
23 0.6765625 0.51953125 0.03984375 0.10703125
23 0.78984375 0.6 0.03671875 0.03828125
23 0.340625 0.96171875 0.071875 0.05859375
23 0.5109375 0.13671875 0.025 0.05703125
1 0.84765625 0.878125 0.09375 0.24375