6 0.8212879105957611 0.6148735445576413 0.026750368104973176 0.06044715133672725
6 0.8950389623242561 0.7859485658816417 0.023488975785105025 0.05572328866963616
6 0.6209098258768828 0.5773479145846856 0.025096939891727742 0.0573039700031817
6 0.5450603797169487 0.5758859592616397 0.025051475785105203 0.055741470003181706
6 0.44200357587688277 0.579429677275639 0.025096939891727742 0.0573039700031817
6 0.44743052493981067 0.7122239959420936 0.021926475785105027 0.0557051073360908
6 0.4036541297169487 0.5775313699475024 0.025051475785105203 0.055741470003181706
6 0.3347917841110107 0.7893415739576838 0.023488975785105205 0.05572328866963616
6 0.2957065520576993 0.7890148572963198 0.02509693989172792 0.0573039700031817
6 0.2446668892838602 0.8075835913033196 0.039258728292387704 0.034039192671863464
23 0.9547429197669611 0.689127562539824 0.07362536810497318 0.06099259134309047
23 0.9546399681967508 0.5781536998727331 0.07362536810497318 0.06099259134309047
23 0.7649924464891384 0.6139655725652774 0.07353443989172774 0.057867591343090476
23 0.7293003020576994 0.783969537237459 0.07353443989172774 0.057867591343090476
23 0.817558820004388 0.7821610418921413 0.02514240399835046 0.0588664700031817
23 0.8571117503292044 0.6105491238860962 0.025051475785105026 0.055741470003181706
23 0.6862536810497323 0.5937808892425497 0.025096939891727742 0.0573039700031817
23 0.42276915723054886 0.8047296692791388 0.04086669239901042 0.035619874005409
23 0.17728550950040445 0.6942665259786829 0.039258728292387614 0.034039192671863464
6 0.2903956117702601 0.579630766629547 0.023443511678482486 0.05416078866963616
23 0.17543820150370334 0.5770608446451373 0.025051475785105203 0.055741470003181706
23 0.09892116561032605 0.5795142299888641 0.02514240399835055 0.0588664700031817
23 0.026378575876882738 0.5842659119987272 0.020477636051661884 0.059593176002545434
23 0.04551633544379418 0.8122454613303638 0.04545490399835054 0.05910282733927232