6 0.8194146200013126 0.5721462426523691 0.09767213193867263 0.23509537426483096
6 0.959023537034688 0.1688021573971187 0.07342154844057554 0.23304487336031982
6 0.8836932731945236 0.23823491011065218 0.024071511368706666 0.05505267017181659
6 0.8460659392021348 0.24332520183376624 0.022509011368706665 0.05497078301668683
6 0.48283383836665095 0.7394653759623117 0.02407151136870649 0.05505267017181659
6 0.5453975053628455 0.7346273897571216 0.02241351087441501 0.05262703301668683
6 0.4000359258190809 0.7243150887617533 0.04072977076024671 0.100361848145549
6 0.31401751277721923 0.7116723258714546 0.024198845361095244 0.05817767017181659
10 0.2144524777568786 0.09400454828183474 0.04235593775644109 0.10200623530067891
28 0.8565166664647219 0.3503597738600336 0.0421012697716634 0.09575623530067894
28 0.8661940498862692 0.11285977386003357 0.0421012697716634 0.09575623530067894
10 0.8393756570360005 0.7901625802824687 0.04031593528498334 0.09020559814554918
28 0.9245319070360004 0.7856997303278972 0.04031593528498334 0.09020559814554918
23 0.3135611398101571 0.11063877035353062 0.043970175893442945 0.04596095318850328
23 0.6982107820545911 0.6003265535973601 0.03226601334587294 0.0648371059474652
23 0.34914192927912197 0.7106111148810351 0.0240396778706093 0.05427142017181659
23 0.4476457548685538 0.742089086952731 0.024135178364900867 0.05661517017181659
23 0.6446162553628454 0.7294275554063823 0.02241351087441501 0.05262703301668683
1 0.5029367968461577 0.9348664071699762 0.40142984882113647 0.09431872455808658