6 0.47109375 0.07890625 0.021875 0.05859375
6 0.3578125 0.19609375 0.0234375 0.05703125
6 0.3078125 0.1953125 0.0234375 0.05546875
6 0.00703125 0.30859375 0.0140625 0.0328125
6 0.33125 0.40390625 0.0234375 0.05703125
6 0.46015625 0.40703125 0.0234375 0.05703125
6 0.58671875 0.40703125 0.0234375 0.05703125
6 0.58671875 0.596875 0.0234375 0.05546875
6 0.459375 0.596875 0.021875 0.05546875
6 0.03828125 0.59765625 0.0234375 0.05703125
6 0.815625 0.990625 0.0375 0.01875
6 0.80546875 0.71171875 0.021875 0.05703125
6 0.85625 0.7109375 0.0234375 0.05546875
6 0.51171875 0.81015625 0.03828125 0.03671875
6 0.99375 0.0984375 0.01171875 0.03203125
6 0.99375 0.309375 0.01171875 0.03203125
6 0.9953125 0.93984375 0.00859375 0.03203125
23 0.43984375 0.1078125 0.0234375 0.05703125
23 0.23125 0.7546875 0.03984375 0.10703125
23 0.6625 0.09765625 0.0703125 0.06015625
23 0.56015625 0.0796875 0.0703125 0.06015625
23 0.14921875 0.01015625 0.03515625 0.0203125
23 0.24765625 0.04375 0.03828125 0.03515625
23 0.23125 0.140625 0.03984375 0.03515625
23 0.1546875 0.09765625 0.03984375 0.10703125
23 0.23046875 0.23515625 0.03828125 0.03671875
23 0.003125 0.38671875 0.00625 0.03515625
23 0.16484375 0.371875 0.025 0.05703125
23 0.23125 0.35 0.03984375 0.10703125
23 0.23125 0.540625 0.03984375 0.10703125
23 0.903125 0.45390625 0.0234375 0.05703125
23 0.79765625 0.53046875 0.0234375 0.05859375
23 0.9703125 0.828125 0.03984375 0.10859375
23 0.9703125 0.596875 0.03984375 0.10859375
23 0.9703125 0.7140625 0.03984375 0.10859375
23 0.93203125 0.94375 0.0453125 0.0453125
1 0.01875 0.05390625 0.0375 0.1078125
1 0.05546875 0.971875 0.1 0.05546875
1 0.62578125 0.953125 0.13203125 0.09375
1 0.34453125 0.9515625 0.13203125 0.096875
1 0.8390625 0.20703125 0.09375 0.24375
1 0.8390625 0.0015625 0.09375 0.003125