6 0.7738512658545119 0.4703125 0.04133992441056833 0.03671875
6 0.7854585638007958 0.69765625 0.041276257414373775 0.03515625
6 0.7948812792375658 0.92890625 0.041212590418179394 0.03359375
6 0.30901283304098665 0.39375 0.025634011368706487 0.05390625
6 0.391855872052841 0.18359375 0.025697678364900868 0.05546875
6 0.35048145555093824 0.184375 0.025761345361095245 0.05703125
6 0.30044962205284104 0.18359375 0.025697678364900868 0.05546875
6 0.032512705550938194 0.184375 0.03965009041817942 0.03359375
6 0.11225589676742036 0.30078125 0.02569767836490091 0.05546875
6 0.4917350801124182 0.775 0.0725090113687065 0.05390625
6 0.49479109592974896 0.85 0.07263634536109524 0.05703125
6 0.4831254481737455 0.54453125 0.07107384536109543 0.05703125
23 0.4934992850947027 0.16640625 0.042775090418179396 0.03359375
23 0.6598643617098987 0.5296875 0.04661235623551026 0.10859375
23 0.6675654096561827 0.75703125 0.04576743923931588 0.10703125
23 0.7792974526223697 0.565625 0.03815125741437377 0.03515625
23 0.7809355484777566 0.625 0.039713757414373774 0.03515625
23 0.7901725801124182 0.775 0.03821492441056815 0.03671875
23 0.7901526754735134 0.83203125 0.0380875904181794 0.03359375
23 0.23326341653908383 0.39453125 0.025697678364900868 0.05546875
23 0.19198450053147265 0.39765625 0.025697678364900868 0.05546875
23 0.05437175399151375 0.4140625 0.07432617935348407 0.06015625
23 0.05284906326932317 0.3 0.0743261793534841 0.06015625
23 0.6807033741043694 0.98359375 0.03958642342198502 0.03203125