6 0.07389516745330493 0.3866977385800393 0.03802392342198502 0.03395559814554918
6 0.3096430305717163 0.6277067616471033 0.022477177870609388 0.05418953301668665
6 0.18607819657932753 0.6373008469023537 0.0224771778706093 0.05418953301668665
1 0.3248965933467479 0.32988673733684387 0.2379708211779886 0.3492508067611194
23 0.5031170938410394 0.3182078516520521 0.02419884536109542 0.05817767017181659
23 0.46825136802414613 0.5999049089789985 0.024135178364900867 0.05661517017181659
23 0.4198629475679107 0.6203712172104558 0.024135178364900867 0.05661517017181659
23 0.3463936140698135 0.6250011635015541 0.025538510874414923 0.05279080732694617
23 0.3168414238419145 0.7380301079836302 0.0224771778706093 0.05418953301668683
23 0.2457476738419145 0.7417559735420338 0.02397601087441492 0.05270892017181659
1 0.09389996684528261 0.5462431569428334 0.10999837699575687 0.212353915083434