6 0.5098696551189777 0.9639843151721275 0.03608826418576498 0.033463757414373775
6 0.5833071551189778 0.9609919663509909 0.03765076418576498 0.03352742441056833
6 0.725753067892817 0.9371976861992042 0.0361337282923877 0.035026257414373776
6 0.820693494852421 0.9474083329294434 0.037741692399010415 0.03665242441056833
6 0.4192446551189778 0.9676770009514023 0.03765076418576498 0.03352742441056833
6 0.30191108795107663 0.7792604411793012 0.0719264757851052 0.058333764828747546
6 0.29577709672656527 0.7028571086697871 0.0703639757851052 0.058270097832553346
6 0.07759408339873013 0.5162033201522244 0.03774169239901033 0.03665242441056815
23 0.8477882261143096 0.6420377420169725 0.039213264185764984 0.03359109140676253
23 0.8464099310497322 0.5677871585188753 0.0408212282923877 0.035217258402956905
28 0.13517588050837154 0.8822620602663924 0.03953752461060622 0.09837117441056834
28 0.22951794774277964 0.60309187201566 0.03953752461060622 0.09837117441056834
23 0.072234296647423 0.6814609056274878 0.06180498119538151 0.16638634536109526
23 0.15619777117888695 0.7445246383272823 0.0355032424781526 0.06699384041817939
23 0.15401784256993017 0.5889603878329908 0.0355032424781526 0.06699384041817939
1 0.08112093401923312 0.2610701511788636 0.15164873119538153 0.17004719764227277