6 0.0578125 0.353125 0.021875 0.05546875
6 0.3125 0.60078125 0.03828125 0.03359375
6 0.428125 0.4296875 0.0234375 0.05546875
6 0.42421875 0.2390625 0.021875 0.05546875
6 0.57265625 0.7265625 0.03671875 0.03359375
6 0.01328125 0.77265625 0.0265625 0.03203125
6 0.87109375 0.23984375 0.0234375 0.05703125
6 0.14765625 0.94609375 0.03671875 0.03359375
6 0.096875 0.96328125 0.0234375 0.05546875
6 0.14609375 0.9921875 0.0359375 0.015625
6 0.01171875 0.98359375 0.0234375 0.03203125
23 0.3890625 0.61953125 0.075 0.06015625
23 0.69453125 0.69765625 0.03984375 0.10546875
23 0.87109375 0.375 0.0234375 0.06328125
23 0.36328125 0.73515625 0.03984375 0.03359375
23 0.42734375 0.8703125 0.075 0.05703125
1 0.284375 0.98046875 0.09375 0.0390625
1 0.6015625 0.94375 0.15 0.1125
1 0.6015625 0.3 0.13046875 0.38828125
1 0.2703125 0.29375 0.13046875 0.38828125