6 0.07109375 0.3515625 0.025 0.05703125
6 0.01953125 0.7703125 0.0390625 0.034375
6 0.10859375 0.96640625 0.0234375 0.05546875
6 0.01796875 0.9828125 0.0359375 0.03125
6 0.16015625 0.9453125 0.03828125 0.03671875
6 0.32734375 0.6015625 0.03828125 0.03515625
6 0.43984375 0.42421875 0.0234375 0.05703125
6 0.43984375 0.2359375 0.0234375 0.05546875
6 0.58515625 0.72734375 0.03828125 0.03515625
6 0.884375 0.23671875 0.0203125 0.05703125
6 0.72265625 0.01875 0.0671875 0.0375
23 0.0015625 0.1203125 0.003125 0.03515625
23 0.375 0.73203125 0.03984375 0.03359375
23 0.43984375 0.8671875 0.0703125 0.05703125
23 0.4015625 0.61796875 0.0703125 0.05703125
23 0.70625 0.69296875 0.03984375 0.10703125
23 0.88359375 0.36796875 0.025 0.06171875
23 0.88203125 0.00859375 0.0234375 0.0171875
1 0.61875 0.2953125 0.12890625 0.39140625
1 0.2875 0.2953125 0.12890625 0.39140625