6 0.836824954487993 0.5657767339459419 0.03796025642579082 0.03239309814554918
6 0.7494403596211893 0.6249270839005133 0.03815125741437377 0.03708059814554918
6 0.5134564386706622 0.6575636007475409 0.02247717787060921 0.05418953301668683
6 0.5509564386706621 0.655598309024427 0.02247717787060921 0.05418953301668683
1 0.9409911200384936 0.19321337432263147 0.1173174229648744 0.38642674864526294
23 0.934579363575522 0.5965143995952026 0.040888938250732566 0.10426809814554919
23 0.9294541703818734 0.7222956495952026 0.040888938250732566 0.10426809814554919
23 0.9228818823214212 0.9027234560176378 0.038976269771663394 0.09559246099041943
1 0.5314277776431477 0.25507538472450975 0.4199569447137044 0.5101507694490195
23 0.6845820221687593 0.6478157072608332 0.02553851087441501 0.05279080732694617
23 0.4424263556668565 0.6597269663059446 0.02407151136870649 0.05505267017181659
23 0.4775826056668565 0.6578845053155252 0.02407151136870649 0.05505267017181659
23 0.40486268867066216 0.6632547580290588 0.02247717787060921 0.05418953301668665
1 0.44937805673198944 0.8908984011770823 0.14101361364988402 0.15083323891872347
1 0.765622480648266 0.8400231394184374 0.11269229547482595 0.2210704958161287