6 0.07663464014178999 0.6445193211408075 0.02348897578510518 0.05636008794672147
6 0.324116079242095 0.3864853507611217 0.039258728292387704 0.03515359140676253
6 0.4447193989172786 0.5528677430427368 0.025051475785105203 0.05642375494291585
6 0.4463597699252457 0.7436519105332227 0.023488975785105205 0.05636008794672147
6 0.5806124686589692 0.25010354589475553 0.0376962282923877 0.03508992441056815
6 0.019896277513600104 0.2268025805323477 0.027494514185764964 0.033113588935304604
6 0.8932120378719344 0.7246618996216267 0.025096939891727742 0.05798625494291585
6 0.14922476167848248 0.047889718859630004 0.03769622829238761 0.0350899244105682
6 0.09794340650563302 0.03277139623594773 0.025051475785105182 0.05642375494291587
6 0.1463210705331134 0.005202153156029949 0.03639214106622681 0.010404306312059897
6 0.012196123119538152 0.0162109375 0.02436951418576496 0.032421875
23 0.40013300996262285 0.36461566794759653 0.07675036810497318 0.06321226581733078
23 0.7033285546314888 0.274043770191593 0.0429125771970309 0.107092258402957
23 0.8892793926490725 0.5895056496216268 0.02527879631821861 0.06423625494291585
23 0.3709874160725445 0.25004117338480397 0.0408212282923877 0.035217258402956995
23 0.4311172708496825 0.11227457654083392 0.07665943989172774 0.060087265817330815
1 0.2849433013327835 0.014692558289226245 0.09488660266556703 0.02938511657845249
1 0.6031992078384165 0.045522111141245034 0.1532734156768331 0.09104422228249007
1 0.6219304197669612 0.6754882064651593 0.14176658049573626 0.39359744418223175
1 0.2908622761934519 0.6952356096583703 0.14176658049573626 0.39359744418223175