6 0.5677425327847038 0.22639224483363857 0.022188617388246713 0.05403351502711464
6 0.47853056274073724 0.33550869048071663 0.02062611738824689 0.05402442466803503
6 0.35309578814745696 0.6643745547457055 0.0237511173882468 0.05404260538619425
6 0.35271048964826746 0.866727395104785 0.02062611738824689 0.05402442466803521
23 0.9087806232419793 0.1611247513747421 0.03888575887879462 0.1041289637974506
23 0.9095442134046671 0.2923747513747421 0.03887666851971474 0.1025664637974506
23 0.7374101381708981 0.24884344087350002 0.041619873438370904 0.036959644515609825
23 0.665535138170898 0.2492615973911625 0.0384948734383709 0.0369414637974506
23 0.43632242036642666 0.8693660608940256 0.02375111738824671 0.05404260538619425
23 0.406957107232906 0.7906279825369984 0.04003010236113216 0.0322630541565303
23 0.40153783332699683 0.6648740036142373 0.038876668519715094 0.1025664637974506
23 0.4418390838179761 0.3404098139190876 0.023778388465485634 0.058730105386194255
23 0.44247995413308916 0.4505660639190876 0.02376020774732641 0.05560510538619425
23 0.4049617734149299 0.44765923253699835 0.022197707747326413 0.05559601502711473
23 0.36588563787631045 0.44554274151398887 0.02376929810640611 0.057167605386194253
10 0.16587356498023242 0.8475011930147994 0.03571076190385667 0.09551703307929138
6 0.16813952604720855 0.6998267622966401 0.023746572208706997 0.053261355386194253
1 0.9882118414788273 0.7130094382412213 0.023576317042345352 0.41109203610435363
1 0.6721184989198454 0.7093951214934634 0.2797390596174793 0.41333228873663225
1 0.435774394417414 0.10371833499632646 0.13282665641946653 0.1374868853422277