10 0.03047926025353668 0.8055436786598819 0.03563349385167993 0.08366867865988184
23 0.09648151015534082 0.7437564621583277 0.025377249901804143 0.06600814371369382
1 0.25095538671696976 0.7876798982618076 0.12413745764913058 0.12606169396136266
23 0.7060246817983138 0.7432323089296122 0.025368159542724554 0.06444564371369363
1 0.25435466013189967 0.3377162855653606 0.3798032130118837 0.5745699303125116
23 0.7147477803488169 0.1841120200544827 0.041628963797450604 0.0402097770883052
6 0.6310909187161068 0.05674469127076639 0.042382942720211855 0.035558664391858154
23 0.97502973273339 0.5775881540482668 0.04410906918364503 0.063756438998964
23 0.8280713568591322 0.984351085347523 0.0424011234383709 0.03129782930495395
23 0.6714047629840112 0.6494073802697304 0.0424011234383709 0.03868366439185813
23 0.8323053806668455 0.7975645521051866 0.042401123438371255 0.03868366439185813
23 0.8317735946606881 0.8889708021051866 0.042401123438371255 0.03868366439185813
23 0.6619565192305272 0.7958821199306481 0.02538179508134384 0.06678939371369381
23 0.6150815192305272 0.7936988817174724 0.02538179508134384 0.06678939371369381
23 0.5096582210259252 0.7809740957378271 0.025368159542724554 0.06444564371369381
6 0.7521002510801545 0.748504159839235 0.023805659542724556 0.06437286910658777
1 0.64004672043675 0.3978791135205074 0.20739590612487896 0.34081986083442023
28 0.9371722261922866 0.23432615156706738 0.10768679761542685 0.3861622859796454