10 0.9568535419776039 0.19048045326833604 0.038498767300205475 0.08223578307929139
23 0.8885863616355365 0.25570599834968 0.02764218034206749 0.06498919574527395
1 0.7353950360461049 0.21988719389856218 0.128339858706968 0.1210306383672898
23 0.27803352220594035 0.2881574883907309 0.027578513345872847 0.06342669574527386
1 0.71627769114212 0.669891739078102 0.39925978414330066 0.559222026538188
23 0.24977198756834823 0.8475643046475095 0.04296609140676262 0.03852214451560983
6 0.3291172948689913 0.9705109252572102 0.04355634041817939 0.03383918969514958
23 0.01296957890730949 0.46784148497288536 0.02593915781461898 0.061973280054229286
23 0.16433707262368227 0.04981312675802071 0.043683674410568196 0.036964189695149675
23 0.30943341943047126 0.3801404553114395 0.043683674410568155 0.036964189695149675
23 0.1534446990879665 0.24045630747617994 0.043683674410568196 0.036964189695149675
23 0.15716921836533843 0.14905005747617994 0.043683674410568196 0.036964189695149675
23 0.32401186707274404 0.2332154583365016 0.027674013840164415 0.06577044574527395
23 0.37088686707274404 0.2329427475641131 0.027674013840164415 0.06577044574527387
23 0.47603728209177215 0.2401416483262389 0.027578513345872933 0.06342669574527386
6 0.23206710619832918 0.2853006539835796 0.026016013345872845 0.06341760538619426
1 0.3320592000393686 0.6299495577707676 0.218966153193211 0.3324453822189696
28 0.044620497253510485 0.8090159308163551 0.08924099450702097 0.38186359923787416