6 0.7362088444179853 0.973216944181377 0.05332502175149312 0.010139529625170951
6 0.5343573633196868 0.890868760095637 0.03370415919430556 0.07280701418576499
6 0.8536620221327427 0.38816233109096865 0.0353757619678472 0.0775399782923877
6 0.8138728235195135 0.3869779158098471 0.026527438829583617 0.06635242570596293
6 0.7701228235195134 0.3882509107952821 0.026400152260451292 0.06088367570596285
23 0.8771429689430199 0.9558439245853357 0.04222452080156245 0.036361048825501285
23 0.6307764620091658 0.974723271378408 0.023710256933854267 0.012400711599340041
23 0.5773261133196868 0.8896184971635129 0.02483765226045147 0.06083821159934004
23 0.4977113485020478 0.8888121666012697 0.024837652260451294 0.06083821159934004
28 0.44863610923562425 0.9847073397999502 0.04147898518236097 0.0043297988255012855
28 0.5517611092356243 0.9817067087628534 0.04147898518236097 0.00432979882550093
28 0.49863610923562424 0.9832524883880245 0.04147898518236097 0.00432979882550093
28 0.619277223977013 0.8985472162847007 0.02816267401194459 0.06952288981258548
1 0.8220242835319092 0.7076170247436202 0.3301304431979865 0.3640531059642722
23 0.9395813383371525 0.3864430552267212 0.02640015226045165 0.06088367570596294