6 0.1234375 0.72265625 0.04140625 0.03203125
6 0.12265625 0.6640625 0.03984375 0.03203125
6 0.1234375 0.4421875 0.04140625 0.03359375
6 0.10703125 0.79140625 0.05 0.0515625
6 0.1078125 0.85 0.03984375 0.03359375
6 0.20546875 0.40703125 0.04140625 0.03359375
6 0.70859375 0.80625 0.021875 0.05859375
6 0.746875 0.8125 0.03359375 0.0765625
6 0.740625 0.63515625 0.03828125 0.03203125
6 0.7421875 0.6859375 0.04140625 0.03515625
6 0.80390625 0.68671875 0.0421875 0.03671875
6 0.8828125 0.64296875 0.0234375 0.06015625
6 0.78828125 0.815625 0.021875 0.05859375
6 0.82890625 0.81484375 0.021875 0.05703125
6 0.86171875 0.81328125 0.021875 0.06015625
6 0.87890625 0.921875 0.021875 0.06015625
6 0.9234375 0.4140625 0.0234375 0.06015625
6 0.95859375 0.41328125 0.021875 0.06484375
23 0.01796875 0.4078125 0.03515625 0.03515625
23 0.12265625 0.540625 0.03984375 0.03671875
23 0.03125 0.721875 0.03984375 0.03671875
23 0.12265625 0.4921875 0.03984375 0.03359375
23 0.03203125 0.77421875 0.04140625 0.03515625
23 0.03203125 0.8328125 0.04140625 0.03515625
23 0.034375 0.88359375 0.03984375 0.03671875
23 0.10546875 0.8984375 0.04140625 0.03671875
1 0.3953125 0.71796875 0.334375 0.5640625
23 0.81171875 0.915625 0.08046875 0.065625
1 0.9515625 0.73203125 0.096875 0.3546875
23 0.7421875 0.39140625 0.04140625 0.03828125
23 0.74140625 0.49921875 0.03984375 0.03671875
23 0.73984375 0.55 0.0421875 0.03828125
23 0.85078125 0.64375 0.0234375 0.06171875
1 0.03515625 0.546875 0.0703125 0.19609375
1 0.8390625 0.51484375 0.071875 0.13203125