6 0.025124675399151374 0.04222470553496284 0.048785009885831745 0.048511911069925674
6 0.40585075197716636 0.023534280754857088 0.039826503954332716 0.020114092558271394
6 0.02814885771838497 0.11644345553496285 0.042966091406762594 0.039727188111767654
6 0.173887122052841 0.18940478429823612 0.053599843878220546 0.051800602176918266
6 0.2284300420147849 0.20691223202865067 0.027387512357289624 0.0594667692372937
6 0.3648450444862429 0.2233780241314351 0.0521646778706093 0.05487103847458741
6 0.3532125247145793 0.12935520561978087 0.041276257414373775 0.0365476244094368
6 0.41368179250907655 0.2157217807548571 0.02745117935348418 0.0610292692372937
6 0.517651709505271 0.220912766959859 0.024453513345872934 0.06404514183263199
6 0.4023662436113904 0.37837554817805225 0.027514846349678556 0.0625917692372937
6 0.3273980771094876 0.37653774046617117 0.029013679353484 0.06108383293962456
6 0.291365076615196 0.3729390253125615 0.02745117935348409 0.0610292692372937
6 0.2851004195420145 0.8127182879264332 0.0487850098858317 0.048511911069925875
6 0.28054420661388346 0.9834251136096637 0.054780341901054186 0.03314977278067275
1 0.18784750988583174 0.05336808057737184 0.14757001977166348 0.09876986061443874
23 0.1288810281746205 0.1379042824841376 0.04296609140676262 0.039727188111767654
23 0.5488698760071736 0.22122279100647613 0.027387512357289624 0.0594667692372937
23 0.2613698760071737 0.21118306977759863 0.02738751235728971 0.0594667692372937
23 0.2965261260071737 0.2124107530800429 0.02738751235728971 0.0594667692372937
23 0.44574487600717366 0.21762158665263964 0.027387512357289624 0.0594667692372937
23 0.3866988453610953 0.07045392077339054 0.04296609140676262 0.039727188111767675
23 0.5624800953610952 0.07659233728561181 0.04296609140676253 0.039727188111767696
1 0.4771620192773719 0.1079390518062493 0.04823852323170463 0.11168403366526398
23 0.3780042080595772 0.6037649285779388 0.02432617935348409 0.06092014183263199
23 0.4903849194676523 0.030386970680723303 0.042488588935304605 0.028008438111767675
23 0.356990076615196 0.3752307008104574 0.02432617935348409 0.06092014183263199
23 0.5953177475657231 0.4038368835647475 0.024326179353484002 0.06092014183263199
23 0.6005702747517605 0.5327431335647475 0.02432617935348418 0.06092014183263199
23 0.38830367399063875 0.8373859604291042 0.042775090418179396 0.03503968811176748
23 0.6053452994663397 0.6499306335647475 0.02432617935348418 0.06092014183263199
23 0.32060022634836594 0.6883556941870355 0.042775090418179396 0.03503968811176765
23 0.3809766522418089 0.7341518330244425 0.042775090418179396 0.03503968811176765
23 0.4625861606075848 0.38203875071779014 0.03671343281352506 0.07773561960011346
28 0.5406302475657231 0.4019271539831676 0.07228617688202607 0.050892866604888454
28 0.42432876832596983 0.4961632489036917 0.07241351087441501 0.054017866604888456
28 0.43583129551200706 0.625287753713015 0.07241351087441483 0.054017866604888456
28 0.4595764961200294 0.7868254544386545 0.0721588428896375 0.04776786660488845
28 0.5500993839530202 0.6534623721320021 0.07078734387822046 0.052400802902557685
28 0.5448786902650801 0.5253373721320022 0.0706600098858317 0.04927580290255769
23 0.5237835761580855 0.773464848085385 0.025888679353484 0.06097470553496276
23 0.4661222678688592 0.8900322999921506 0.041212590418179575 0.034985124409436706
23 0.3895597678688592 0.8873586785779388 0.04114892342198502 0.033422624409436705
23 0.20237810284983118 0.8886235342982362 0.041276257414373775 0.03654762440943671
23 0.1700722802261489 0.9382043828469573 0.042775090418179396 0.03503968811176783
23 0.14068321056821617 0.9998220539466456 0.04153358399238875 0.00035589210670892155
23 0.3859492896176891 0.9839633161494016 0.025220175893442942 0.032073367701196884
28 0.5682033741043695 0.9926488436659728 0.042711423421985015 0.014702312668054418
28 0.2689262742946498 0.9135714597961322 0.043683674410568155 0.03819196996293286
28 0.32517627429464985 0.915535753080043 0.043683674410568155 0.03819196996293286
28 0.4650783741043695 0.9908482414890545 0.042711423421985015 0.018303517021891126
28 0.5182033741043695 0.9917758244286791 0.042711423421985015 0.016448351142641825