6 0.58046875 0.01171875 0.04140625 0.0234375
6 0.14375 0.1140625 0.04140625 0.03515625
6 0.10859375 0.00625 0.04140625 0.01171875
6 0.11171875 0.04296875 0.04140625 0.03359375
6 0.21171875 0.1015625 0.025 0.06171875
6 0.21328125 0.2296875 0.021875 0.06015625
6 0.21015625 0.303125 0.03984375 0.03671875
6 0.2140625 0.38359375 0.04140625 0.03359375
6 0.215625 0.4546875 0.05 0.046875
6 0.06484375 0.53125 0.04140625 0.03671875
6 0.06484375 0.48203125 0.04140625 0.03671875
23 0.06484375 0.43125 0.04140625 0.03515625
6 0.06015625 0.37109375 0.05 0.05
6 0.0515625 0.0234375 0.0203125 0.046875
23 0.0015625 0.41796875 0.003125 0.05
23 0.0015625 0.48828125 0.003125 0.05
6 0.41328125 0.49375 0.0234375 0.06171875
6 0.44609375 0.52890625 0.025 0.06015625
6 0.48359375 0.53046875 0.0234375 0.06484375
6 0.5203125 0.51953125 0.03203125 0.071875
23 0.57734375 0.553125 0.04140625 0.03828125
6 0.57734375 0.4765625 0.0515625 0.05
6 0.571875 0.4171875 0.04140625 0.03671875
6 0.571875 0.36640625 0.04140625 0.03515625
6 0.71328125 0.51796875 0.025 0.06171875
6 0.72578125 0.23828125 0.03203125 0.07734375
6 0.775 0.2359375 0.03046875 0.0734375
6 0.80390625 0.371875 0.025 0.06328125
6 0.815625 0.50234375 0.04140625 0.11875
6 0.8640625 0.51015625 0.021875 0.06484375
6 0.89921875 0.50859375 0.021875 0.06171875
6 0.97890625 0.453125 0.0421875 0.05
6 0.97265625 0.21953125 0.03984375 0.03359375
6 0.95078125 0.14609375 0.07734375 0.06328125
6 0.9125 0.06953125 0.0484375 0.0453125
6 0.8203125 0.10859375 0.021875 0.05859375
6 0.98828125 0.0296875 0.0234375 0.03515625
23 0.0015625 0.00625 0.003125 0.01171875
23 0.05234375 0.30703125 0.03984375 0.03359375
23 0.05234375 0.1015625 0.03984375 0.03359375
23 0.05234375 0.1546875 0.03984375 0.03359375
23 0.05234375 0.2046875 0.03984375 0.03359375
23 0.05234375 0.25703125 0.03984375 0.03359375
23 0.14375 0.1796875 0.04140625 0.03671875
1 0.14453125 0.32421875 0.071875 0.10859375
1 0.39921875 0.18515625 0.2359375 0.34765625
23 0.190625 0.5296875 0.0234375 0.06328125
23 0.1171875 0.52890625 0.0234375 0.06015625
23 0.14921875 0.53125 0.0234375 0.06015625
23 0.0015625 0.0453125 0.003125 0.03828125
23 0.24296875 0.5375 0.03984375 0.03671875
23 0.71328125 0.4234375 0.025 0.06171875
23 0.75625 0.50625 0.03359375 0.075
28 0.95625 0.3421875 0.046875 0.03984375
28 0.875 0.2828125 0.10234375 0.096875
1 0.759375 0.059375 0.0703125 0.10703125
1 0.83125 0.01796875 0.05546875 0.03515625
10 0.89296875 0.01015625 0.05 0.0203125
23 0.9984375 0.2828125 0.003125 0.03203125
23 0.9984375 0.334375 0.003125 0.03515625
23 0.98671875 0.08046875 0.0265625 0.03203125
23 0.5984375 0.2109375 0.0234375 0.05859375