6 0.9863283985576384 0.4241188999747294 0.007413762917777689 0.05018185642649087
6 0.852117052717951 0.42099756314428005 0.04800239532659738 0.04980142319868044
6 0.9922959495631597 0.009093574360544105 0.014898954597152781 0.01818714872108821
6 0.6323721696435415 0.2017631444979461 0.03370415919430556 0.07280701418576499
6 0.5942182062126735 0.1974082651102018 0.023275152260451293 0.06079274749271755
6 0.5909094086256247 0.30602474716351313 0.07796265226045147 0.06238399122451135
6 0.6124428357717013 0.11880589199066363 0.048038762917777686 0.05136392319868044
6 0.6145878704409722 0.0601894099373523 0.04062565321038196 0.03475308471887837
6 0.5943312282485069 0.00022835438142667364 0.03946254350298624 0.0004567087628533473
23 0.7892157027942008 0.5071456633025646 0.052798998100139015 0.05462531551854859
23 0.8827293134515273 0.5145740669052037 0.07652743882958361 0.06780727711788863
23 0.9308232809664579 0.4272953757598346 0.04222452080156245 0.03636104882550093
6 0.9707047049784023 0.35743150514757893 0.04142508700597247 0.03555706677218975
23 0.699445341186944 0.4730638314866801 0.03917225598392378 0.039395120612255675
23 0.6974639606779857 0.5246490635399914 0.04613077080156245 0.036474709092057724
23 0.705496625856215 0.414333689166812 0.042297255983923775 0.03948604882550111
23 0.5481419867978817 0.23153922420225953 0.0422972559839236 0.03948604882550102
23 0.44799455680201367 0.34141198086617713 0.051236498100139014 0.054579851411925784
23 0.4382611065732638 0.08874162193240392 0.04073475598392377 0.03944058471887837
23 0.9746856497919094 0.2534797910409562 0.03826371941479181 0.033903638558944314
23 0.973485519282951 0.3050422910409562 0.03833645459715314 0.03702863855894432
23 0.9918770690542014 0.051553578187974805 0.012464285619201477 0.03237223079967011
1 0.8095165511024304 0.18431946217711323 0.15282371399954897 0.36863892435422646
23 0.6542692727014237 0.00873953635559573 0.04146145459715278 0.01747907271119146