6 0.9542509828107283 0.9301786833608243 0.047966027735416715 0.048238923198680436
6 0.571474197191527 0.9733259074300697 0.03949891109416655 0.01988660266556721
6 0.9559784433918047 0.8559599333608243 0.042297255983923775 0.03948604882550129
6 0.8145916836081589 0.7921511491167996 0.05272626291777769 0.05150031551854859
6 0.7610491095199646 0.7780946607952821 0.026363784669270807 0.05932117570596294
6 0.6253843664538188 0.7703312880714555 0.051236498100139014 0.054579851411925874
6 0.6310148109829854 0.863853967538342 0.04066202080156245 0.036315584718878566
6 0.5759474109067354 0.7811384074300698 0.02640015226045147 0.06088367570596294
6 0.472077528497916 0.7825992705204781 0.02334788744281262 0.06391774749271768
6 0.5977165741851037 0.617334320203909 0.026436519851631958 0.06244617570596276
6 0.6727347579806939 0.6143707930860203 0.02796265226045147 0.06092913981258548
6 0.708617706593923 0.6156688686336986 0.026400152260451292 0.06088367570596294
6 0.7430921173068401 0.1743391749810471 0.047966027735416715 0.048238923198680436
6 0.7589022213146528 0.009651166996981276 0.05407055737069442 0.019302333993962553
1 0.7918782693798603 0.929438200449583 0.14593205547083343 0.0979326978092864
23 0.8563966706903813 0.8409008861846757 0.042297255983923775 0.03948604882550129
23 0.4408093447023257 0.7842898026529317 0.026363784669270984 0.05932117570596276
23 0.7283093447023257 0.7759244070343584 0.026363784669270984 0.05932117570596276
23 0.6931530947023257 0.7769473494333687 0.026363784669270984 0.05932117570596294
23 0.5439343447023257 0.7812891716158348 0.026363784669270984 0.05932117570596294
23 0.5936771587225339 0.9250558919906637 0.042297255983923775 0.03948604882550129
23 0.41789590872253396 0.9301706039857152 0.0422972559839236 0.03948604882550129
1 0.5054147457285062 0.8932723460681565 0.04631391517822934 0.11142924498543501
23 0.6365836249062844 0.38979434191152135 0.02327515226045147 0.0607927474927175
23 0.4871901161694783 0.9718747191876946 0.04202449905006951 0.027767298825501285
23 0.642992706593923 0.6175783611118513 0.023275152260451293 0.0607927474927175
23 0.40596548527927034 0.6041764053184988 0.02327515226045147 0.0607927474927175
23 0.4089658115516663 0.47527015531849875 0.023275152260451293 0.0607927474927175
23 0.6412393297877776 0.15622332396483268 0.04218815321038196 0.03479854882550106
23 0.41169338089020807 0.35808265531849875 0.023275152260451293 0.0607927474927175
23 0.6995395262168053 0.3013024917532368 0.04218815321038196 0.03479854882550111
23 0.6419640687698609 0.25925739575158735 0.04218815321038196 0.03479854882550111
23 0.5375966917762842 0.6175221883088822 0.0353757619678472 0.0775399782923877
28 0.46065298527927034 0.6025851615867049 0.0714398953265972 0.050483384798020656
28 0.5832566435236454 0.5006469253767585 0.07151263050895836 0.05360838479802066
28 0.5800069697960414 0.3719225318032492 0.07151263050895836 0.05360838479802066
28 0.5665653316876387 0.2114851369760987 0.07136716014423605 0.04735838479802066
28 0.46728941745933994 0.35099992953339354 0.06991376291777787 0.052000420691397944
28 0.4643072749825343 0.4791249295333936 0.06984102773541671 0.04887542069139812
23 0.5013579057758332 0.22899689740093998 0.02483765226045147 0.06083821159934022
23 0.5666218427055554 0.10842833313603273 0.04062565321038196 0.03475308471887839
23 0.6431843427055555 0.10620059191152136 0.04058928561920148 0.03319058471887835
23 0.8308661806614582 0.09293239911679962 0.04066202080156245 0.036315584718878344
23 0.8664231273748264 0.04115093877110064 0.04218815321038179 0.034798548825501055
23 0.6533971037234723 0.01253212608903903 0.024455792553055567 0.02506425217807806
28 0.4714931402926041 0.009647057106350412 0.04215178561920148 0.019294114212700823
28 0.7657685107335763 0.07218564159495222 0.04304213839274311 0.037946280878812376
28 0.7095185107335763 0.07382234943336875 0.04304213839274311 0.0379462808788124
28 0.574618140292604 0.008146741587801935 0.04215178561920148 0.01629348317560387
28 0.5214931402926041 0.008919631400387516 0.04215178561920148 0.01783926280077503