6 0.02540844866803702 0.5469841274046617 0.008287343878220532 0.050218254809323425
6 0.1600699501509118 0.5587078558051153 0.04884867688202617 0.050074411069925696
6 0.0466002881348143 0.9713392866604889 0.015526840912471007 0.03642857332097762
6 0.3942698311010014 0.7923462789407585 0.03495993182494202 0.07299355589778252
6 0.43277391558768163 0.7991518396478645 0.02432617935348418 0.06092014183263199
6 0.42913030935217156 0.69058537149903 0.07901367935348418 0.06282987141421188
6 0.41955101539740125 0.8767039207733905 0.04891234387822045 0.05163691106992587
6 0.421157277754691 0.9352703889222251 0.041212590418179394 0.034985124409436706
6 0.44586545908534136 0.9981448672378608 0.039762836958138335 0.0037102655242783555
23 0.21756943235641465 0.4764608401960187 0.0537271778706093 0.05492560217691818
23 0.12340559688115109 0.4630307680561673 0.07767401384016445 0.0682440577118811
23 0.08081353167184262 0.5473586388374071 0.04283875741437382 0.03660218811176765
6 0.04533362950439586 0.6147718281303012 0.04202567391627661 0.03579365626060227
23 0.30969060676698285 0.5163442849312083 0.03984109140676253 0.03961806070710594
23 0.3083708458925679 0.46480906678237377 0.046745007414373776 0.03673859736759475
23 0.3073906191242725 0.5747743438242157 0.04296609140676262 0.03972718811176783
23 0.4767494086675995 0.7679216870154593 0.04296609140676253 0.039727188111767654
23 0.5700444694282837 0.6643006684111379 0.05216467787060921 0.05487103847458741
23 0.595983522811775 0.9179713054344465 0.04140359140676253 0.03967262440943671
23 0.048004984751322886 0.7186235144279702 0.038837006920082226 0.03412202885594055
23 0.045903973876907964 0.6670610144279703 0.03896434091247101 0.037247028855940556
23 0.043718027260399396 0.9197495048093234 0.013023923421985018 0.03244047776748147
1 0.2187260030401116 0.8068743876350762 0.15963491555050072 0.3862512247298476
23 0.38532720710817503 0.987705875042409 0.04208934091247096 0.024588249915181846