6 0.13473839182450448 0.2816542824841376 0.042711423421985015 0.033477188111767656
6 0.13634465418179417 0.3402207506329722 0.04114892342198502 0.033422624409436885
6 0.14616661764139777 0.5621230324841375 0.042775090418179396 0.03503968811176783
6 0.11553079399195125 0.21233136360966362 0.05210101087441492 0.05330853847458741
6 0.11392453163466158 0.15376489546082905 0.041212590418179394 0.03498512440943684
6 0.22963037505577155 0.6001438768565075 0.042775090418179396 0.03503968811176783
6 0.7164884575281045 0.2184946390070431 0.02426251235728962 0.059357641832631994
6 0.754515039543327 0.2135814497141491 0.03671343281352524 0.07773561960011337
6 0.7554912436113904 0.39070694490482566 0.03958642342198502 0.03336806070710603
6 0.7549845662350727 0.33998025860715647 0.042838757414373776 0.03660218811176765
6 0.8166714827369755 0.3413542748492253 0.04368367441056833 0.03819196996293313
6 0.8973604086304185 0.3878597418169335 0.025888679353484177 0.06097470553496285
6 0.7957939555509382 0.21190238782591675 0.02426251235728962 0.059357641832631994
6 0.8364507890490355 0.214102294086519 0.024198845361095067 0.05779514183263199
6 0.8693269560452297 0.21681063183546695 0.02432617935348418 0.06092014183263199
6 0.8820895998097196 0.1088170825611064 0.02432617935348418 0.06092014183263199
6 0.9473126235728969 0.6181846480775357 0.025888679353484177 0.06097470553496294
6 0.982500707070994 0.62019358137998 0.024517180342067492 0.06560764183263199
23 0.042098541557674375 0.5928149825768049 0.03658875741437382 0.0363839333024444
23 0.14137434688115108 0.46365825063297217 0.0413399244105682 0.03811012440943688
23 0.04258272532260169 0.27921627404661714 0.0413399244105682 0.03811012440943688
23 0.14334802376317723 0.5120957506329722 0.041212590418179394 0.03498512440943689
23 0.041231130950089574 0.22689980589778252 0.042838757414373804 0.03660218811176765
23 0.03884361859279989 0.16830605589778255 0.04283875741437382 0.03660218811176765
23 0.03911819121648217 0.11760665145127883 0.0413399244105682 0.03811012440943684
23 0.10960710475263544 0.10524554990733277 0.0429024244105682 0.038164688111767694
1 0.40680439281308767 0.2958358666897065 0.3573587856261753 0.5757391322988031
23 0.8151567677944971 0.11272084336087959 0.08314276384016459 0.06843503067003906
1 0.9534088428896373 0.3011980447194912 0.09318231422072536 0.3580704495445131
23 0.7669857950177155 0.6345115086071565 0.04296609140676253 0.03972718811176783
23 0.7618115222803026 0.526671726755991 0.04133992441056833 0.03811012440943688
23 0.7581798449039848 0.47583591305366024 0.04374734140676253 0.03975446996293321
23 0.8652973251323213 0.385959935919151 0.025952346349678378 0.06253720553496285
1 0.053619678896373535 0.4543526833024442 0.07830270802239614 0.19854911660488844
1 0.8588311023183586 0.5144569581516696 0.07725486117842592 0.1345411803072194