6 0.8144205746380297 0.3818428655933982 0.08314276384016424 0.06843503067003916
6 0.8272442268054764 0.3136385026167067 0.042775090418179215 0.03503968811176765
6 0.7692049392393158 0.1337401822909539 0.04114892342198502 0.033422624409436844
6 0.7854573389353047 0.05395347857008963 0.04591467787060939 0.05465278366526396
23 0.7535693048663662 0.28610129045832194 0.05041117688202608 0.05012897477225655
23 0.68418924657714 0.40225951459760634 0.042775090418179576 0.03503968811176765
23 0.9410162026223696 0.5976811751193778 0.042838757414373776 0.03660218811176765
23 0.6860794214448187 0.046582433472080284 0.04133992441056815 0.03811012440943683
23 0.9381976087441493 0.5476538932682123 0.04133992441056833 0.03811012440943671
23 0.6857730153230392 0.09650058791858399 0.04133992441056815 0.03811012440943682
23 0.8903132766917459 0.15747283737042983 0.04121259041817922 0.03498512440943684
23 0.9125397396570577 0.3774678788402421 0.043620007414373774 0.03662946996293313
23 0.6909353592012597 0.14660971532324568 0.04290242441056815 0.03816468811176765
23 0.8896474318249421 0.10283990107276067 0.04374734140676253 0.03975446996293312
23 0.9308851744477493 0.46392373401238524 0.04846135771838504 0.11715278366526398
23 0.9297179693911026 0.2821107388217087 0.04846135771838504 0.11715278366526398
15 0.6791277203796857 0.2780407645976063 0.04290242441056833 0.03816468811176765
15 0.6779127302655176 0.3248066371929446 0.04290242441056815 0.03816468811176765