6 0.18496200104683974 0.6402743443522969 0.0819961888295834 0.06796640149106814
6 0.16773682703489523 0.7094789854185237 0.04218815321038196 0.03479854882550093
6 0.21437217164031175 0.8861264019532864 0.04058928561920139 0.03319058471887857
6 0.19296799069451306 0.96716345328607 0.044986498100138925 0.054397994985435
23 0.23981119557600633 0.7323649044605689 0.04956489532659729 0.04984688730530316
23 0.31679388250572865 0.6114553593959917 0.04218815321038196 0.03479854882550093
23 0.0719210596518052 0.4319881344023092 0.04222452080156254 0.036361048825501105
23 0.2920958217165617 0.9681827325155297 0.04069838839274311 0.03787808471887857
23 0.07153854673402738 0.4819654023489979 0.04069838839274309 0.037878084718878394
23 0.2956033346343395 0.9181145363555956 0.04069838839274311 0.03787808471887857
23 0.09451426653006871 0.8700958881632328 0.04062565321038196 0.03475308471887857
23 0.08634266309093694 0.6509510830695258 0.04300577080156254 0.03638378087881229
23 0.29364209755211734 0.8682054645688411 0.04226088839274311 0.03792354882550129
23 0.09167890083874923 0.9248288522698556 0.04307850598392364 0.03950878087881264
23 0.07349913060586757 0.5654454920824412 0.046441201747361216 0.116897994985435
23 0.0630123062333327 0.7476585985089319 0.046441201747361216 0.11689799498543518
1 0.0008313922166925203 0.5466931435735093 0.0016627844333850406 0.19643473079967003
15 0.31390265900687436 0.7356741093959916 0.04226088839274311 0.03792354882550093
15 0.31811868674229105 0.6887081811827462 0.04226088839274311 0.037923548825501106