6 0.7049364834916567 0.03479176160238141 0.044814533016686656 0.02184028366526396
6 0.629854596336527 0.03373520389050033 0.04810330732694616 0.025074411069925674
6 0.8038255263464243 0.402973821128361 0.06298467887824373 0.041190484390903316
6 0.7397630263464243 0.4007367093327959 0.06212154172311415 0.03960070253973793
6 0.42165483548239296 0.3176215866526396 0.045472952283992285 0.019523815516429364
23 0.727363682157604 0.11462559454200597 0.03342333163720568 0.027681055897782515
23 0.6694692950024743 0.11416923755576429 0.03124335594746519 0.030724210344286275
23 0.6274312019453079 0.22932052240215461 0.04999335594746519 0.031378974772256554
23 0.6859430647901782 0.2329291612395617 0.04111300090451131 0.025610124409436795
20 0.13661477216255294 0.2755778972749276 0.16357001356766734 0.36832839246560417
20 0.3344314744465451 0.26448417376861544 0.08634245024782725 0.39760417549789595
20 0.7726430461341282 0.5200695518910674 0.20893898801421235 0.11803078130301117