6 0.5328125 0.1328125 0.028125 0.025
6 0.5328125 0.184375 0.028125 0.0234375
6 0.78828125 0.95859375 0.028125 0.0234375
6 0.85078125 0.91171875 0.0296875 0.0234375
6 0.94140625 0.9703125 0.01796875 0.04140625
6 0.528125 0.96171875 0.06484375 0.0765625
6 0.6265625 0.990625 0.053125 0.01875
28 0.66015625 0.096875 0.046875 0.10546875
28 0.79140625 0.0671875 0.046875 0.10546875
10 0.53359375 0.05078125 0.0234375 0.05390625
23 0.721875 0.12421875 0.03046875 0.025
23 0.8609375 0.10234375 0.03203125 0.0296875
23 0.66640625 0.31328125 0.01875 0.0453125
23 0.6890625 0.31171875 0.01796875 0.0421875
23 0.66640625 0.225 0.01875 0.0453125
23 0.6890625 0.2265625 0.01796875 0.0421875
28 0.8375 0.3140625 0.0265625 0.053125
28 0.740625 0.22890625 0.0265625 0.053125
28 0.6140625 0.3078125 0.0265625 0.053125
28 0.6140625 0.22578125 0.0265625 0.053125
28 0.7375 0.3140625 0.0265625 0.053125
23 0.73359375 0.5640625 0.03046875 0.025
23 0.8984375 0.63203125 0.03203125 0.0265625
17 0.940625 0.87421875 0.06328125 0.06484375
28 0.4609375 0.8640625 0.03046875 0.0515625
28 0.78984375 0.90859375 0.03046875 0.0515625
28 0.6578125 0.89375 0.03046875 0.0515625
23 0.4984375 0.8640625 0.01796875 0.0453125
23 0.52265625 0.86796875 0.01875 0.046875
23 0.7109375 0.8953125 0.03203125 0.03046875
23 0.709375 0.92890625 0.0296875 0.028125
23 0.78671875 0.990625 0.0328125 0.01875
23 0.85078125 0.990625 0.0328125 0.01875
23 0.88359375 0.96015625 0.01875 0.05
10 0.9109375 0.9609375 0.028125 0.0515625
23 0.9625 0.9703125 0.01875 0.0453125