6 0.9109375 0.90234375 0.028125 0.021875
1 0.784375 0.93515625 0.0734375 0.12890625
1 0.8796875 0.70078125 0.15859375 0.12890625
1 0.98828125 0.99375 0.0234375 0.01171875
17 0.7296875 0.771875 0.03359375 0.03046875
17 0.7296875 0.71953125 0.03359375 0.03046875
17 0.7296875 0.66953125 0.03359375 0.03046875
17 0.7296875 0.61640625 0.03359375 0.03046875
17 0.98125 0.88515625 0.03203125 0.03359375
23 0.71796875 0.41171875 0.03359375 0.03203125
23 0.7203125 0.46484375 0.03359375 0.03203125
23 0.9953125 0.79765625 0.00859375 0.04140625
23 0.8484375 0.47265625 0.05390625 0.0421875
23 0.9953125 0.6921875 0.00859375 0.04140625