6 0.35390625 0.74609375 0.03359375 0.03203125
6 0.35390625 0.7953125 0.03359375 0.03046875
6 0.35390625 0.64375 0.03359375 0.03203125
6 0.35390625 0.6984375 0.03359375 0.03046875
1 0.15625 0.73671875 0.15390625 0.125
1 0.028125 0.99375 0.05546875 0.01171875
1 0.25859375 0.9921875 0.0796875 0.015625
23 0.4015625 0.99375 0.0234375 0.01171875
23 0.6921875 0.87265625 0.03515625 0.03828125
23 0.825 0.871875 0.03671875 0.03671875
23 0.521875 0.875 0.03515625 0.03828125
23 0.5640625 0.875 0.03671875 0.03671875
23 0.60703125 0.87265625 0.03515625 0.03828125
23 0.6484375 0.871875 0.03671875 0.03671875
23 0.73359375 0.871875 0.03671875 0.03671875
23 0.2875 0.86328125 0.01796875 0.0421875
23 0.04296875 0.884375 0.03359375 0.03203125
23 0.021875 0.79765625 0.04375 0.04140625
23 0.4296875 0.9171875 0.03203125 0.028125
23 0.290625 0.72109375 0.0296875 0.0765625
23 0.021875 0.6921875 0.04375 0.04140625
28 0.50078125 0.76015625 0.03984375 0.03671875
28 0.4421875 0.778125 0.03984375 0.03671875
28 0.50078125 0.67265625 0.03984375 0.03671875
28 0.4390625 0.678125 0.03984375 0.03671875
28 0.159375 0.9515625 0.025 0.05546875