6 0.79140625 0.534375 0.028125 0.025
6 0.61015625 0.9984375 0.0296875 0.003125
23 0.78984375 0.4921875 0.03046875 0.028125
23 0.78984375 0.57734375 0.03046875 0.028125
23 0.9390625 0.5328125 0.03046875 0.028125
23 0.73125 0.796875 0.03046875 0.028125
23 0.534375 0.85859375 0.03046875 0.028125
23 0.86953125 0.57890625 0.03203125 0.0265625
23 0.94296875 0.575 0.03203125 0.0296875
23 0.79140625 0.796875 0.0296875 0.028125
23 0.821875 0.9046875 0.03671875 0.03828125
23 0.821875 0.84609375 0.03671875 0.03828125
23 0.534375 0.896875 0.03046875 0.028125