6 0.125 0.9421875 0.028125 0.025
6 0.73984375 0.34609375 0.03046875 0.0296875
6 0.925 0.62890625 0.0484375 0.025
6 0.7625 0.8609375 0.0296875 0.0265625
6 0.38125 0.9421875 0.0296875 0.025
6 0.43671875 0.9421875 0.0296875 0.025
6 0.49453125 0.94453125 0.028125 0.0234375
6 0.19609375 0.9421875 0.0296875 0.025
6 0.2640625 0.9453125 0.0296875 0.025
6 0.321875 0.94453125 0.028125 0.0234375
23 0.103125 0.73828125 0.03046875 0.028125
23 0.271875 0.42890625 0.03984375 0.03671875
23 0.26875 0.3734375 0.03984375 0.03671875
23 0.95859375 0.671875 0.03359375 0.0296875
20 0.953125 0.27265625 0.09375 0.1
20 0.490625 0.26953125 0.41875 0.09296875