6 0.2786289491623286 0.5417626365138803 0.029143671939110227 0.02581835391920819
6 0.4733075074143738 0.028762860006185463 0.06770876482874755 0.057525720012370926
6 0.37611151384016445 0.060578484164882394 0.058473027680328915 0.12115696832976479
23 0.21269100098858318 0.0016336317960989242 0.03238141847906917 0.0032672635921978483
23 0.14869216798477755 0.004128145981863887 0.03250875247145792 0.008256291963727774
17 0.11109128068325946 0.5380335459225072 0.08205776631162238 0.07963968738444542
23 0.5547431215957305 0.5611047037482884 0.03515359140676253 0.039258728292387704
23 0.5527057777175098 0.5111047037482883 0.03515359140676253 0.039258728292387704
10 0.4380556872993305 0.48080710147843286 0.02872717787060921 0.053897889812585476
28 0.3716176038012333 0.4819580760098967 0.03821226581733077 0.07602294239901042
28 0.36411682710948756 0.35546377216983077 0.03821226581733086 0.07602294239901033