6 0.6495038873758803 0.23765518039132338 0.01975142589344294 0.04427283722616089
6 0.05693309091247101 0.03432352421489482 0.02563401136870651 0.05458821159934022
6 0.3361177969948818 0.6089213927820865 0.019592258402956995 0.04036658722616089
23 0.8636353715585493 0.15633566957077075 0.03652509041817922 0.03461669239901033
23 0.5892866289729233 0.19951633438967398 0.0365250904181794 0.03461669239901033
1 0.9361152080223961 0.1690880706661274 0.05216467787060921 0.054579851411925784
1 0.6964916339158391 0.21986227513933163 0.03092634783255317 0.06956835391920828
1 0.3139323681728704 0.9474670672344081 0.08175401878308027 0.09133570533113407
28 0.2124998607584966 0.9152205200582596 0.027323845361095243 0.057758675705962756
28 0.21301321942828372 0.6398795392585896 0.03840592539915137 0.04247465650563296
28 0.21185923771707244 0.7267346815784577 0.025697678364900868 0.05615071159934022
23 0.45019086174707973 0.9129974758516122 0.027260178364900866 0.05619617570596276
23 0.3934779467280517 0.9224694157433401 0.02403967787060939 0.053761497492717324
23 0.4532322901119807 0.968443493798301 0.02502917490485963 0.039744461599340045
23 0.44396608357245937 0.7794264579049235 0.02872717787060921 0.053897889812585476
23 0.44213698672848933 0.7153412258516122 0.02716467787060921 0.053852425705962936
23 0.45939476539740126 0.8509377450519422 0.03177392342198502 0.032917800079142266
1 0.06975530935217152 0.6753349691211875 0.07814885771838495 0.11776181301126591
1 0.7592488908731023 0.6466688160472739 0.4613870524320893 0.6564117536944167
23 0.43583129551200706 0.5989804399582349 0.030321511368706488 0.05472460391920819
23 0.43371569718516234 0.5278639579049236 0.02872717787060921 0.053897889812585476
23 0.4308825158545118 0.45833270790492353 0.02875901136870649 0.05467913981258547
23 0.3570165929268184 0.4307592888628783 0.02875901136870649 0.05467913981258547
23 0.35620882661519604 0.3533473427029442 0.03324092292769345 0.030619514185764984
23 0.38533654699488185 0.6074892734234719 0.02059634288963732 0.045858069279472245
23 0.36186721349678463 0.6073899850228122 0.02053267589344294 0.044295569279472244
23 0.27987045558811924 0.5722313865138803 0.02927100593149907 0.028943353919208194
23 0.1530148424325268 0.4343486047771381 0.03076983893530465 0.02742631802583091
23 0.10988426634880341 0.47001933181588446 0.030706171939110273 0.02586381802583091
23 0.10838809193823522 0.4333005818158845 0.030833505931499073 0.02898881802583091
23 0.15438368285070622 0.4679423547771381 0.03089717292769345 0.030551318025830908
23 0.046924009923012794 0.4413464140274804 0.020596342889637353 0.045858069279472245
1 0.030447481254100732 0.30572716277383916 0.03671609140676259 0.039304192399010326
1 0.15935373125410074 0.301976373977468 0.08620143825073265 0.10473061559769067
6 0.0476932614430686 0.8441448050937073 0.027517504942915872 0.024210389812585477
23 0.15252411661563353 0.1535616060307793 0.020596342889637364 0.045858069279472155
23 0.12974053262324475 0.1510958355768082 0.01981509288963732 0.045835337226160844
23 0.09215300790866539 0.034863081815884496 0.019815092889637363 0.04583533722616083