6 0.006728034825709083 0.06871363733290911 0.007314533016686775 0.020385225334181765
6 0.0206488511977669 0.3343386373329091 0.008420009610938427 0.04147897533418181
6 0.025445893825392096 0.39603920599936365 0.010763759610938428 0.041506247334499945
6 0.25430787822155987 0.40744723130172866 0.016931872455808693 0.04001647266868176
10 0.09482001356766731 0.36239945532304596 0.024331614653892553 0.04712953866963625
1 0.015676988918723538 0.13505625266550006 0.020872421980838836 0.07051249466899989
1 0.19037817503305657 0.36597789397677377 0.08209320499752559 0.09152497601049951
23 0.15074138568479173 0.17647958931413726 0.027702276119281822 0.05185340133672711
23 0.04009821404263715 0.33254887066359107 0.01869909034363305 0.043940904002227124
23 0.04345558740295698 0.3966113706635911 0.018617203188503306 0.04237840400222712
23 0.2873427855030776 0.5157228079646835 0.029353307326946344 0.023764764003817974
23 0.32168016395178006 0.4996887279599109 0.018699090343632995 0.043940904002227124
23 0.03473684814554917 0.03633694199554566 0.03186083163720579 0.026917036004136176
23 0.08671210594746528 0.028696617321773255 0.020179703188503283 0.04239658533577262
23 0.005049348145549169 0.036682387332909114 0.007642081637205781 0.026635225334181778
28 0.28732949739800817 0.5751341706317743 0.04176809814554918 0.03718237400540882