1 0.18359375 0.0046875 0.10234375 0.00859375
1 0.6453125 0.19453125 0.08203125 0.0953125
23 0.2671875 0.42109375 0.0296875 0.0265625
23 0.26640625 0.3328125 0.028125 0.0265625
23 0.2671875 0.27734375 0.0296875 0.0265625
23 0.940625 0.3890625 0.03359375 0.03359375
23 0.940625 0.30625 0.03359375 0.03828125
23 0.88515625 0.16484375 0.03359375 0.03671875
23 0.42265625 0.4421875 0.025 0.0515625
23 0.8890625 0.38515625 0.01875 0.0421875
23 0.67734375 0.34453125 0.0296875 0.0734375
23 0.6421875 0.34453125 0.0296875 0.0734375
28 0.478125 0.34296875 0.0234375 0.053125
28 0.478125 0.2671875 0.0234375 0.053125
28 0.00859375 0.23125 0.0171875 0.053125
28 0.01015625 0.15234375 0.0203125 0.053125
28 0.58671875 0.33125 0.0234375 0.053125
28 0.01015625 0.3078125 0.0203125 0.053125
28 0.01015625 0.55390625 0.0203125 0.053125
28 0.01015625 0.478125 0.0203125 0.053125
28 0.01015625 0.3984375 0.0203125 0.053125
28 0.478125 0.184375 0.0234375 0.053125
28 0.84296875 0.37578125 0.03828125 0.03671875