6 0.80078125 0.74609375 0.0234375 0.05
6 0.8328125 0.74609375 0.0234375 0.05
6 0.9109375 0.759375 0.0265625 0.0234375
6 0.98125 0.98984375 0.0265625 0.0203125
17 0.75625 0.74453125 0.0453125 0.0765625
23 0.07578125 0.959375 0.028125 0.0484375
23 0.075 0.9984375 0.0265625 0.003125
23 0.54375 0.99375 0.0265625 0.01171875
23 0.59375 0.9953125 0.0265625 0.00859375
23 0.9234375 0.98984375 0.0296875 0.0203125
23 0.909375 0.7234375 0.0296875 0.028125
28 0.15078125 0.5921875 0.0734375 0.0703125
28 0.0796875 0.596875 0.03671875 0.03828125