28 0.8693932120139098 0.5855829003704409 0.03658875741437377 0.03617919239901042
23 0.9681344595424519 0.5709771795999006 0.03815125741437377 0.03622465650563296
23 0.971540643838852 0.6545709295999006 0.03827859140676253 0.039349656505632956
23 0.9195218404925415 0.7984406015449398 0.03658875741437377 0.03617919239901042
23 0.9158862100367436 0.5748439771717605 0.0198150928896375 0.045835337226160885
23 0.6683864689339921 0.6242830021780781 0.03283901631162234 0.07820756802583091
23 0.7035427189339921 0.6232600597790677 0.03283901631162234 0.07820756802583091
28 0.51238050254582 0.788386269266837 0.028822678364900867 0.056241639812585474
28 0.615116888895936 0.6414765138565606 0.028822678364900867 0.056241639812585474
28 0.5061411369187697 0.6352612692668369 0.028822678364900867 0.056241639812585474
28 0.5093881537246837 0.7149487692668369 0.028822678364900867 0.056241639812585474
1 0.6792496675648481 0.77570910985821 0.0889762697716634 0.0962277938109363
23 0.4465976991623286 0.5368752450519421 0.02719651136870649 0.054633675705962934
23 0.29058512110143886 0.5664443877675216 0.030833505931499073 0.02898881802583091
23 0.2941504728883248 0.6539443877675215 0.030833505931498983 0.02898881802583091
23 0.29722373475132285 0.7101716557142101 0.029271005931498985 0.028943353919208194
28 0.04600342745067982 0.84106526920033 0.02560217787060931 0.05380696159934004
28 0.02976834342110999 0.44262776920032987 0.02560217787060931 0.05380696159934022
28 0.032760692242246384 0.5160652692003299 0.02560217787060931 0.05380696159934022
28 0.03454070954245194 0.5981419833069526 0.02247717787060931 0.053716033386094965
28 0.03979589532172665 0.6887215192003299 0.0256021778706093 0.05380696159934022
28 0.04135307813525183 0.7653294833069525 0.0224771778706093 0.053716033386094965
1 0.22792854258343861 0.9867318072052782 0.10063666996194395 0.018534702823851744