6 0.8398823665744566 0.7367758165579595 0.026057888964152197 0.050272720003181705
6 0.8719136165744565 0.7364030992202779 0.026057888964152197 0.050272720003181705
6 0.9507346573930594 0.7487752825430057 0.027790807326946165 0.02374658267027243
17 0.7952692294193268 0.7357314845640047 0.049324970601357876 0.07708975867281787
23 0.12605996324966764 0.958493205323046 0.03066350180902231 0.04876476400381833
23 0.12732589212791146 0.9975647959898186 0.026726274310259514 0.0034340826702724315
23 0.5958302306625222 0.9874228959261853 0.027176653663473084 0.012027832670272432
23 0.6459121178176519 0.9884035932527311 0.02701287935321357 0.00890283267027243
23 0.9753130127746978 0.979098581874642 0.030752033016686654 0.020657945337363516
23 0.9472887528250752 0.712855963876551 0.03116146879233561 0.028470445337363516
28 0.18181648179417595 0.5904330013128647 0.07712242198083885 0.07116702267663584
28 0.11096839325956523 0.5959477519891824 0.03872498530067894 0.038708511338317916