6 0.30655892547351343 0.8240977633943422 0.01959225840295691 0.04036658722616089
6 0.3087846117470797 0.9171119775009648 0.01640359140676253 0.03871315901291546
23 0.6512295079458464 0.4143768047645028 0.03671609140676253 0.03930419239901024
23 0.49016330984646306 0.6654488744396864 0.03177392342198502 0.032917800079142266
23 0.4916011344473118 0.6239516962264411 0.03177392342198502 0.032917800079142266
17 0.5003580050172779 0.8004687321198183 0.029207338935304604 0.027380853919208192
17 0.34187434296399943 0.8269810709953319 0.019655925399151376 0.04192908722616053
17 0.34931411125278816 0.9135861607287751 0.018029758402956998 0.04032112311953817
10 0.3386260316718427 0.5361060184089071 0.03658875741437377 0.03617919239901042
10 0.21284478167184268 0.539765878992033 0.03658875741437377 0.03617919239901042
28 0.16339522140545001 0.6507093906705155 0.06829901384016442 0.06753449247815269
28 0.38292647140545 0.6443216836900287 0.07611151384016442 0.06776181301126591
28 0.30948897140545 0.6464584967012946 0.07611151384016442 0.06776181301126591
28 0.23370772140545001 0.6486635058724948 0.07611151384016442 0.06776181301126591
23 0.36759192596780504 0.8246684132360576 0.02053267589344294 0.044295569279472244