6 0.37398474512873603 0.17426230290538225 0.027026150162155815 0.027180749050069463
6 0.37954459293469006 0.5375253691097919 0.022720479707460585 0.04894664627652787
6 0.43632247280430636 0.6138164185967018 0.02853410308425506 0.024092116641249994
6 0.19367132264215062 0.5816169419637154 0.02694432954530477 0.022493249050069507
6 0.06654971509366865 0.5466399170780903 0.026971603084255103 0.02405574905006951
6 0.6598105657422917 0.6666550503399311 0.16603983157389965 0.11709984707395833
10 0.36463879301741564 0.3099270459715281 0.0326176310874323 0.03433928561920148
10 0.45669783360249455 0.2152341014423615 0.03261763108743239 0.03433928561920139
10 0.3636160353067779 0.2513332959715281 0.03261763108743239 0.03433928561920148
1 0.9599469334370434 0.6814501278465981 0.07145580884572808 0.24609505642076393
1 0.42970823416839216 0.5480641320275698 0.04607615909060954 0.04480466014423605
1 0.051817644480112925 0.0605569467133681 0.07000458279171565 0.0734751740119445
1 0.8328425113574951 0.9057850598392363 0.10672510714144501 0.18842988032152733
1 0.656130817774182 0.27688403552229224 0.22117516517639418 0.32298747758291685
1 0.1576599103051302 0.48706685495774316 0.07235801542127551 0.11882404160312507
23 0.4605552650142384 0.3020074028291323 0.028970479707460584 0.049092116641249996
23 0.461809847805954 0.3738824028291323 0.029025026785361164 0.05221711664124999
23 0.9254091030842551 0.04496711397888966 0.027380706168510117 0.047493249050069464
23 0.9266870052750058 0.16291768018329938 0.028970479707460584 0.049092116641249996
23 0.4573585324674041 0.029387520420312885 0.0272170649348082 0.03811824905006946
23 0.4574324448044244 0.12310115282913232 0.028970479707460584 0.04909211664125004
23 0.9299871034879968 0.3519801801832994 0.029025026785361164 0.05221711664124999
23 0.9522334395228281 0.9553779371171537 0.029065937093786687 0.05456086664124982
23 0.8154156834370434 0.6780861256623966 0.024337526785361163 0.05210801386770836
23 0.9310916818154856 0.4152614301832994 0.028970479707460584 0.049092116641249996
23 0.9353212601429745 0.47861541536566055 0.029025026785361164 0.05221711664125017
23 0.9277915836024946 0.2261989301832994 0.029025026785361164 0.05221711664124999
23 0.9289370722384088 0.2918239301832994 0.028970479707460584 0.049092116641249996
23 0.4073858060063545 0.029786257502535062 0.027271612012708956 0.041243249050069465
23 0.31693985835926086 0.17215363582729193 0.030123876623205436 0.025690984232430568
23 0.45675633482031053 0.17384603523795178 0.030959673701106104 0.028834168028020857
23 0.067498560467286 0.5115200346692708 0.030096603084255102 0.02412848423243048
23 0.4001420961843962 0.106929985751042 0.019486385551659248 0.042623911094166675
23 0.07658977353895033 0.0033445119678472864 0.02974204707790067 0.0038159842324305806
23 0.1384545738632619 0.057887848023889 0.030178423701106107 0.02881598423243057
23 0.3528729987788887 0.5306571200597225 0.017142635551659246 0.04256935970739591
23 0.9264864078727936 0.10668586397888966 0.032549447240056394 0.03043303561920143
23 0.20492028854989347 0.7786737799196182 0.03400285308425506 0.02421940321038214
23 0.13862216923687926 0.02274978181947928 0.028615923701106105 0.028779616641250026
23 0.1007355746707455 0.6708229526972918 0.0340028530842551 0.024219403210381962