6 0.7323455105154496 0.057143407901050006 0.027954581637205857 0.026871582670272565
6 0.8293023976705793 0.05757866522123243 0.027790807326946165 0.023746582670272565
6 0.9978554241574458 0.1493741718650971 0.0042891516851085495 0.02357386000159085
1 0.9812972546351123 0.689781543205006 0.037405490729775434 0.04183351133831792
1 0.7849891536634732 0.007368865949252334 0.07466580732694635 0.014737731898504669
1 0.98828125 0.039630833267048506 0.0234375 0.07926166653409701
23 0.9434943724558085 0.028889496538869512 0.026057888964152197 0.05027272000318167
23 0.8977723524409622 0.5735031098822782 0.030909163274411355 0.05345226400381797
23 0.8234085967867528 0.8550081958943686 0.027702276119281777 0.051853401336727244
23 0.9859252069180895 0.7788531338717786 0.02017970318850324 0.04239658533577266
28 0.9897200466411398 0.5613747325350514 0.020559906717720365 0.03716419267186346