6 0.964765425930624 0.4115112513866553 0.03083350593149916 0.02898881802583091
6 0.8355899204934165 0.38945805812971507 0.02908000494291585 0.02425585391920828
6 0.5923519150562091 0.3707237446562307 0.027581171939110406 0.025772889812585565
6 0.6532840978697342 0.44560407271119146 0.023848676882026253 0.0490739974927175
6 0.6703349239906388 0.8064733765512575 0.030706171939110405 0.02586381802583091
23 0.8219081279843401 0.18805468250289448 0.034835256425790814 0.031446228292387655
23 0.9301119002274614 0.2905000694124862 0.03171025642579082 0.031355300079142265
23 0.9623553503411924 0.4483436616532119 0.03327275642579082 0.031400764185764984
1 0.8768781067669827 0.48133566957077073 0.08152852570316256 0.12410274122451134
23 0.6806915148659287 0.44637095084529455 0.02059634288963732 0.045858069279472245
1 0.604464595892568 0.43763846001649453 0.0503475098858317 0.048284387305303156
10 0.5844637495800705 0.7722096883088823 0.04146725840295691 0.04100308471887839
10 0.6766101458160183 0.6725386457515874 0.041467258402957084 0.04100308471887839
10 0.6766539081733078 0.7312005919115213 0.041467258402957084 0.04100308471887839
23 0.5793730484777566 0.6088829742022595 0.02719651136870649 0.05463367570596276
23 0.5815523138007958 0.6815619562555708 0.02872717787060921 0.053897889812585476
23 0.5888103513669565 0.8596869562555709 0.02866351087441501 0.052335389812585474
23 0.5851786739906387 0.8089511703621936 0.030706171939110405 0.02586381802583091
1 0.97650373954278 0.8995424488002305 0.04699252091443995 0.0795942232778227
23 0.9723961255872442 0.9635056603995708 0.03357650395433254 0.019704746239076344
23 0.9068228637242461 0.9090969567177893 0.034898923421985015 0.0330087282923877
23 0.9067247046367172 0.9450799208244121 0.031614755931499164 0.029011550079142266
23 0.7281792574887358 0.8055724546062182 0.0315510889353046 0.02744905007914227
23 0.6457606883250948 0.8752377484171543 0.020787343878220454 0.05054556927947189
23 0.6396008716329116 0.9544167830568904 0.028822678364900867 0.056241639812585474
23 0.5928532056253003 0.9589057062555708 0.028599843878220454 0.05077288981258547
1 0.19163835475263544 0.09936676680860204 0.1082448760071737 0.19873353361720408
23 0.07120117935348406 0.05815582930860204 0.022349843878220543 0.05059103338609485
23 0.21515540368750258 0.32772888024567415 0.02710101087441492 0.052289925705962935
23 0.1029604457022875 0.5304483664556205 0.02710101087441492 0.052289925705962935
23 0.10569812653864634 0.5976358664556206 0.027037343878220543 0.050727425705962934
23 0.110588556386422 0.6600676702956866 0.0287271778706093 0.053897889812585476
23 0.11244948672848924 0.7249341523489979 0.0302896778706093 0.053943353919208195
23 0.1157137495800705 0.7858489202956866 0.02888634536109529 0.057804139812585476
23 0.11991842992213778 0.8506472061890639 0.0318521778706093 0.05398881802583091
23 0.11999402577752463 0.9100904023489977 0.03483525642579064 0.031446228292387704
23 0.1223815381348143 0.9686841523489977 0.030321511368706488 0.05472460391920819
1 0.3798916547132668 0.7234097901165194 0.23452748619701663 0.33612067108710947
1 0.06824857018940537 0.33122125626820614 0.08180705140632508 0.24584134890464338
1 0.3715964046760858 0.32786996958340603 0.16867835722409338 0.11805498119538153