6 0.10481296874382133 0.9044167026972918 0.028506829545304768 0.022529616641249816
1 0.23194821306177849 0.9374336070950868 0.07568756696340309 0.12513278580982642
1 0.1325446822192275 0.7035815545209029 0.16084381696340305 0.13259756050482654
1 0.029064720772416223 0.9939453125 0.023642051542127552 0.012109375
17 0.28378562824146797 0.7781665932742363 0.034125584009531626 0.031250653210381965
17 0.28287196468663156 0.7258228432742364 0.034125584009531626 0.031250653210381965
17 0.28199921144022067 0.6758228432742364 0.034125584009531626 0.031250653210381965
17 0.2810719111159091 0.6226978432742364 0.034125584009531626 0.031250653210381965
17 0.034200459815367595 0.8855926610941667 0.032617631087432306 0.03433928561920148
23 0.2892178275134146 0.41828310020809056 0.03415285754848192 0.03281315321038196
23 0.28780137783772614 0.47135354882131963 0.03415285754848192 0.03281315321038214
23 0.018610641634148557 0.7977653527735418 0.009316498782184008 0.04160627175149312
23 0.15981274553247787 0.476183906344514 0.05464263555165916 0.04344218189572917
23 0.01676967775500061 0.6922966027735417 0.009316498782184013 0.04160627175149294