6 0.12734375 0.04453125 0.0265625 0.025
6 0.06171875 0.14140625 0.0296875 0.025
6 0.13203125 0.18125 0.0296875 0.028125
6 0.125 0.2734375 0.028125 0.025
6 0.125 0.3734375 0.028125 0.025
6 0.11015625 0.46640625 0.0265625 0.0234375
6 0.04765625 0.5375 0.03046875 0.025
6 0.10546875 0.584375 0.0296875 0.025
6 0.08984375 0.67265625 0.028125 0.0265625
6 0.45390625 0.065625 0.028125 0.0265625
6 0.4578125 0.18046875 0.0296875 0.0265625
6 0.4421875 0.3265625 0.028125 0.025
6 0.528125 0.35859375 0.0296875 0.025
6 0.52734375 0.3984375 0.028125 0.0234375
6 0.3984375 0.48359375 0.0296875 0.0234375
6 0.459375 0.48203125 0.028125 0.025
6 0.1671875 0.471875 0.0296875 0.0234375
6 0.23359375 0.47265625 0.028125 0.025
6 0.31640625 0.48125 0.0296875 0.0234375
6 0.98828125 0.29140625 0.0234375 0.0265625
6 0.859375 0.45234375 0.0296875 0.025
6 0.9140625 0.45 0.028125 0.0265625
6 0.85625 0.5203125 0.0296875 0.0265625
6 0.95 0.52578125 0.0296875 0.025
6 0.94921875 0.56484375 0.028125 0.0265625
6 0.56640625 0.63359375 0.03046875 0.0234375
6 0.23984375 0.66484375 0.03359375 0.03359375
23 0.0484375 0.5828125 0.03203125 0.028125
23 0.8234375 0.24609375 0.03984375 0.03515625
23 0.5265625 0.31875 0.03203125 0.028125
23 0.5265625 0.48125 0.03203125 0.0296875
23 0.94765625 0.603125 0.03046875 0.028125
23 0.85703125 0.559375 0.03046875 0.028125
23 0.56640625 0.5921875 0.03046875 0.0296875
23 0.56640625 0.746875 0.03046875 0.028125
23 0.2390625 0.609375 0.03828125 0.03984375
23 0.41875 0.6734375 0.03984375 0.03984375
23 0.3328125 0.67109375 0.03828125 0.03984375
20 0.2734375 0.97890625 0.378125 0.0421875