6 0.31953125 0.02734375 0.0296875 0.025
6 0.31875 0.08984375 0.028125 0.028125
6 0.003125 0.29140625 0.00625 0.0265625
6 0.31875 0.4203125 0.028125 0.025
6 0.31875 0.46484375 0.028125 0.0265625
6 0.31953125 0.50625 0.0296875 0.028125
6 0.0140625 0.56875 0.028125 0.0234375
6 0.0734375 0.56953125 0.0296875 0.025
6 0.31953125 0.58515625 0.0296875 0.0265625
6 0.31875 0.678125 0.028125 0.025
6 0.315625 0.97734375 0.028125 0.025
23 0.165625 0.59765625 0.03203125 0.028125
20 0.22421875 0.93359375 0.0671875 0.1328125
20 0.4 0.9546875 0.0671875 0.090625
20 0.409375 0.4953125 0.06640625 0.36328125
20 0.23203125 0.33125 0.0671875 0.56328125
20 0.40859375 0.07734375 0.0671875 0.1546875