6 0.870322466078802 0.07500507775178297 0.027872694482076098 0.02592758293962456
6 0.9308704624607576 0.17417175324967893 0.0309976944820761 0.026036710344286274
6 0.8584698400049489 0.21156013664479043 0.03116146879233561 0.029161710344286274
6 0.8606697478522933 0.3039931733052793 0.0294351944820761 0.025982146641955417
6 0.8554289699239893 0.4039931733052793 0.0294351944820761 0.025982146641955417
6 0.8654004341937689 0.4974802784774225 0.02779080732694652 0.02436508293962447
6 0.9241745686353653 0.5707565765706566 0.0317789444820761 0.026063992195451746
6 0.8639054539814728 0.615612719584415 0.0309976944820761 0.02603671034428636
6 0.8749038297166418 0.7044396066077235 0.029517081637205678 0.02754464664195542
6 0.5426544894845504 0.08469501396463411 0.029517081637205855 0.027544646641955394
6 0.5327295335825136 0.199402354708807 0.03107958163720568 0.027599210344286272
6 0.5406980845778818 0.3460417417321155 0.0294351944820761 0.025982146641955417
6 0.4530818978977219 0.3750719881039185 0.0309976944820761 0.026036710344286184
6 0.4517750254419132 0.41494301995508387 0.029353307326946167 0.024419646641955416
6 0.5762184254873418 0.5046007753973795 0.03091580732694634 0.024474210344286363
6 0.5153628126424715 0.5009102910064761 0.0294351944820761 0.025982146641955417
6 0.808082579150815 0.5009574533423462 0.030915807326946522 0.024474210344286186
6 0.74163538557325 0.4994197459932848 0.0294351944820761 0.025982146641955417
6 0.6583725062200364 0.5051216197697495 0.03091580732694634 0.024474210344286363
6 0.004430793193452084 0.2918154777674814 0.008861586386904168 0.027380955534962847
6 0.11691866858993682 0.4572544832097771 0.03099769448207601 0.02603671034428636
6 0.062353999322631457 0.4530010036281971 0.02951708163720579 0.02754464664195542
6 0.11648157734179262 0.5253323606144388 0.031079581637205766 0.027599210344286362
6 0.022444972298838496 0.5275272884745874 0.03099769448207603 0.02603671034428636
6 0.0211790434205947 0.5666170703257528 0.029517081637205782 0.02754464664195542
6 0.40038850859488556 0.6487351773968125 0.031697057326946165 0.024501492195451745
6 0.7253132654922906 0.6913889911839614 0.03535432383528967 0.03476686960011346
23 0.9210185911366026 0.6160417947194912 0.03350521879233561 0.029243555897782512
23 0.16366527306706408 0.2522594483633867 0.04168621099041943 0.03654762440943689
23 0.4567325203535306 0.33528280180624936 0.03350521879233561 0.029243555897782512
23 0.4482162562200364 0.49778280180624934 0.03358710594746537 0.030806055897782514
23 0.02073530811991578 0.6049528840280838 0.03194271879233553 0.029188992195451745
23 0.11365314846354883 0.5643675787632733 0.031942718792335525 0.029188992195451745
23 0.402558518205824 0.6073289273968125 0.03202460594746519 0.030751492195451747
23 0.39445168984797857 0.7620164273968125 0.03194271879233561 0.029188992195451745
23 0.7290015094993968 0.6359475230351268 0.0403693724558087 0.04118056070710594
23 0.545956636139077 0.6937351972670784 0.04193187245580869 0.041235124409436705
23 0.6320169668717716 0.6943924508952755 0.0403693724558087 0.04118056070710594
20 0.6752601973112105 0.9882912068009073 0.3803359531885032 0.023417586398185364