6 0.7609375 0.590625 0.01484375 0.04375
6 0.9921875 0.60625 0.015625 0.040625
6 0.9921875 0.67109375 0.015625 0.0421875
28 0.0015625 0.84140625 0.003125 0.053125
28 0.0015625 0.44296875 0.003125 0.053125
28 0.0015625 0.51640625 0.003125 0.053125
28 0.003125 0.5984375 0.00625 0.053125
28 0.0015625 0.6890625 0.003125 0.053125
28 0.003125 0.765625 0.00625 0.053125
23 0.90625 0.975 0.01796875 0.05
23 0.95703125 0.96953125 0.03046875 0.0265625
1 0.98671875 0.86796875 0.0265625 0.0703125
23 0.85234375 0.82578125 0.028125 0.05546875
1 0.81953125 0.6390625 0.07890625 0.09375
10 0.92109375 0.63984375 0.0234375 0.05390625
23 0.9703125 0.609375 0.01796875 0.0453125
23 0.9703125 0.67265625 0.01796875 0.05
23 0.6984375 0.503125 0.01875 0.05
23 0.73359375 0.48671875 0.03046875 0.0296875
28 0.73515625 0.4265625 0.03984375 0.03828125
6 0.85390625 0.39609375 0.125 0.1875