6 0.18058834294562484 0.5416592542611692 0.02943519448207601 0.02598214664195524
23 0.18436179613412818 0.49952631796350017 0.031942718792335525 0.029188992195451745
23 0.17989894617955668 0.5846825679635002 0.031942718792335525 0.029188992195451745
23 0.03301398010075461 0.5349404843909034 0.03194271879233553 0.029188992195451745
23 0.22698755088382655 0.8062599568009071 0.031942718792335525 0.029188992195451745
23 0.4206280082562014 0.874853733294595 0.03194271879233561 0.029188992195451745
23 0.10012955902442693 0.5834623191446264 0.03342333163720577 0.027681055897782515
23 0.026896776912251313 0.5769915751350763 0.03358710594746529 0.030806055897782514
23 0.16683130088382656 0.8041592542611692 0.03116146879233552 0.029161710344286364
23 0.13071233717987366 0.9109077620657174 0.03872498530067894 0.03956349700477517
23 0.13378310549723937 0.8523140120657174 0.03872498530067894 0.03956349700477517
23 0.41862177295552244 0.9131349832945951 0.03194271879233561 0.029188992195451745