6 0.7707297289533126 0.0016707134488546257 0.035838789462538934 0.0033414268977092513
23 0.770768255332259 0.06363830856145938 0.03523184471009344 0.028515898671227058
1 0.5029906791791916 0.23773197859645778 0.31087294169808677 0.43145218403881636
23 0.14150496053746114 0.010984678658102667 0.03339632892507773 0.021969357316205335
23 0.2227410080336821 0.1434029126352742 0.02175317363517104 0.051780676002545344
6 0.2086274871987562 0.37231825330204693 0.02340667889684287 0.0533613573360908
6 0.19747934264395473 0.5637245033020469 0.023133663111827296 0.048673857336090795
23 0.2183048660391294 0.259781890634956 0.021662168373499213 0.05021817600254534
1 0.0391619395613609 0.3916693319939548 0.0783238791227218 0.4166613360120904
23 0.06245554038017207 0.9517523093173189 0.03532284997176514 0.030078398671226837
23 0.18793149544419985 0.7410591626352743 0.021662168373499168 0.05021817600254543
23 0.003125 0.01171875 0.00625 0.0234375