23 0.6572345032661204 0.6590877159055044 0.024787168373499213 0.05025453866963616
23 0.6947345032661204 0.6586513639004137 0.024787168373499213 0.05025453866963616
23 0.7196155929968906 0.9284911492282323 0.03711286312594471 0.034002830004772736
23 0.7216022982020928 0.8675718305617777 0.03376034997176518 0.03006021733768165
6 0.7141776641000478 0.9816434212285502 0.035467063140062295 0.019149989337999784
1 0.3866559637329944 0.5997785399427299 0.3947635523343699 0.3168817013844521
23 0.08863017448221704 0.8374625426480009 0.03688534997176514 0.030096580004772378
23 0.08707610878190611 0.9311670893141372 0.03532284997176514 0.030078398671226837
23 0.0841261430533603 0.9952204986473646 0.0323952710466874 0.006622717337681649
23 0.17618411141274204 0.929349503302047 0.023315673635171043 0.05179885733609098
23 0.014910416876835619 0.9172051339910914 0.029820833753671238 0.03007839867122719