23 0.6086777790097824 0.058497917250185646 0.021662168373499213 0.05021817600254534
1 0.88179967668953 0.3824417578771875 0.21487790223554767 0.41862437269254427
23 0.9010923771271704 0.8420616585375967 0.03532284997176518 0.030078398671226837
23 0.8221861271271704 0.8429798158816417 0.03532284997176518 0.030078398671226837
23 0.7408913535202343 0.9251207012253687 0.03545935786427279 0.032422148671226836
23 0.6375975664767698 0.7147473699077315 0.021662168373499213 0.05021817600254543
23 0.6422990189805489 0.5804087325748224 0.021662168373499213 0.05021817600254543
23 0.6727402790097823 0.057752482574822406 0.021662168373499213 0.05021817600254534
6 0.656708671427858 0.3866223699077315 0.021662168373499213 0.05021817600254534
6 0.5898774871987562 0.36788200791695835 0.023315673635170953 0.0517988573360908
1 0.5725318215266801 0.49143768658500375 0.040616565700310935 0.09415908000477255
23 0.9860362105374613 0.006055264600593949 0.027927578925077513 0.012110529201187898
6 0.7472316297580063 0.8430712698918231 0.038675363125944884 0.03402101133831792