23 0.6883303205760951 0.6590877159055044 0.022456802673454134 0.05025453866963616
23 0.7258303205760951 0.6586513639004137 0.022456802673454134 0.05025453866963616
23 0.7633099498727332 0.9284911492282323 0.03554714867122719 0.034002830004772736
23 0.7624565218810055 0.8675718305617777 0.032376695337363516 0.03006021733768165
6 0.760348034532188 0.9816434212285502 0.03459317600254543 0.019149989337999784
1 0.4148388239179129 0.5997785399427299 0.380198766709089 0.3168817013844521
23 0.12773662388609613 0.8374625426480009 0.03550169533736343 0.030096580004772378
23 0.13055199387336947 0.9311670893141372 0.03393919533736343 0.030078398671226837
23 0.13058780919800622 0.9952204986473646 0.032103975334181814 0.006622717337681649
23 0.2196235845401422 0.929349503302047 0.020912484006999677 0.05179885733609098
23 0.05494346654205119 0.9172051339910914 0.03393919533736345 0.03007839867122719
23 0.01199514078414999 0.7404340959977729 0.02399028156829998 0.03240396733768165