23 0.30390625 0.6671875 0.021875 0.05
23 0.26640625 0.6671875 0.021875 0.05
23 0.22578125 0.9375 0.03515625 0.03359375
23 0.22734375 0.8765625 0.03203125 0.0296875
6 0.228125 0.990625 0.034375 0.01875
1 0.578125 0.6046875 0.3765625 0.3125
23 0.8625 0.8390625 0.03515625 0.0296875
23 0.85859375 0.9328125 0.03359375 0.0296875
23 0.8578125 0.996875 0.03203125 0.00625
23 0.76953125 0.93203125 0.0203125 0.0515625
23 0.934375 0.91796875 0.03359375 0.0296875
23 0.996875 0.996875 0.00625 0.00625
23 0.98359375 0.740625 0.03203125 0.03203125