6 0.3193750463187276 0.11588966217500316 0.05778257485477489 0.100309072208707
6 0.23125646215832782 0.10209935206654457 0.024531273159363744 0.057158515027114644
6 0.11528039764263513 0.010043141392351903 0.03681079528527027 0.018959078258831207
6 0.25741881761606455 0.3787391201187213 0.038137854838564245 0.03068237343837108
6 0.08128015673886309 0.4706579336450254 0.024458498552257922 0.05559601502711473
6 0.3768837551672865 0.4786260115110732 0.02602099855225788 0.05560510538619425
10 0.4183347770883052 0.04382883069471812 0.033508166873057556 0.08220396682251274
1 0.10326204879992695 0.1544653070833965 0.08100821319178508 0.19651190651766243
1 0.2530503029337562 0.5364834424256242 0.08100821319178513 0.19651190651766245
23 0.3815413300220614 0.5786260115110732 0.02602099855225788 0.05560510538619425
23 0.28425541521591846 0.6866243429913583 0.03657535483856424 0.03067328307929138
23 0.08321299193272017 0.5792335029268662 0.024458498552257922 0.05559601502711473
23 0.12805449524248905 0.3178465510332723 0.03828340405277597 0.033807373438370994
23 0.23576848779889098 0.19897435206654457 0.02445849855225788 0.05559601502711464
23 0.4823223484284235 0.009054375776062069 0.03882705955329406 0.011941463797450636