6 0.685273903787188 0.10608089457354974 0.053706782981095456 0.10061816534054513
6 0.7728511718393646 0.09178148989500483 0.022206798106406113 0.057285788669636205
6 0.8851017078455223 0.0043296799411390715 0.03604658430895533 0.008659359882278143
6 0.7579609282822724 0.3684985312301411 0.03689601200205246 0.03089601133831792
6 0.937888801917035 0.4593673372056422 0.022197707747326233 0.05572328866963616
6 0.6425399404807166 0.46905360924573125 0.02376020774732641 0.055741470003181706
10 0.5833528554843902 0.037901934794729045 0.030164743851679887 0.07580386958945809
1 0.9030108496306577 0.14338834854396018 0.0730158400644921 0.19693009134309042
1 0.7687615520152309 0.5261746712285503 0.07301584006449194 0.19693009134309047
23 0.641958157499621 0.5690536092457312 0.02376020774732641 0.055741470003181706
23 0.7436701275435876 0.6764564818985047 0.03533351200205246 0.03087783000477238
23 0.9403820219610015 0.5679247245385513 0.022197707747326233 0.05572328866963616
23 0.8848734071068376 0.3068695932129601 0.03691419272021186 0.03402101133831792
23 0.7722875695764284 0.18865648989500483 0.022197707747326413 0.0557232886696362
23 0.5179323885636815 0.003152492132808376 0.03834942769309713 0.006304984265616752