6 0.6859375 0.8859375 0.053125 0.1
6 0.7734375 0.89921875 0.021875 0.05703125
6 0.88515625 0.990625 0.0359375 0.01875
6 0.76015625 0.62265625 0.03671875 0.03046875
6 0.940625 0.5296875 0.021875 0.05546875
6 0.6453125 0.5234375 0.0234375 0.05546875
10 0.58359375 0.95859375 0.0296875 0.08203125
1 0.90390625 0.84609375 0.071875 0.19609375
1 0.771875 0.46484375 0.071875 0.19609375
23 0.6453125 0.4234375 0.0234375 0.05546875
23 0.74765625 0.31484375 0.03515625 0.03046875
23 0.94375 0.42109375 0.021875 0.05546875
23 0.88671875 0.6828125 0.03671875 0.03359375
23 0.7734375 0.80234375 0.021875 0.05546875
23 0.51796875 0.99375 0.03828125 0.01171875