6 0.034375 0.75390625 0.028125 0.05859375
6 0.225 0.715625 0.028125 0.05859375
6 0.134375 0.27265625 0.028125 0.05859375
6 0.13125 0.12890625 0.028125 0.05859375
6 0.225 0.19921875 0.028125 0.05859375
6 0.4 0.9953125 0.0265625 0.00859375
6 0.28984375 0.66484375 0.03984375 0.03984375
23 0.31875 0.190625 0.03359375 0.09375
23 0.3125 0.03828125 0.03203125 0.0765625
23 0.21875 0.03984375 0.03203125 0.07890625
23 0.56171875 0.98828125 0.05 0.0234375
23 0.40390625 0.8859375 0.028125 0.05859375
23 0.48203125 0.8484375 0.05 0.0890625
23 0.56171875 0.8453125 0.05 0.0890625
1 0.26796875 0.453125 0.20859375 0.3078125
1 0.04140625 0.315625 0.08203125 0.63046875
6 0.34765625 0.75625 0.1375 0.1234375
1 0.1421875 0.95 0.284375 0.1
1 0.55703125 0.05859375 0.2578125 0.1171875