6 0.9953125 0.82109375 0.00859375 0.04140625
6 0.24296875 0.7703125 0.03984375 0.03984375
6 0.38046875 0.82421875 0.03984375 0.04140625
6 0.38046875 0.89453125 0.03984375 0.04140625
23 0.1234375 0.9421875 0.06484375 0.0484375
23 0.31171875 0.990625 0.0328125 0.01875
23 0.21796875 0.9921875 0.0328125 0.015625
23 0.996875 0.9046875 0.00625 0.03828125
23 0.128125 0.8125 0.028125 0.05859375
23 0.0875 0.8125 0.028125 0.05859375
23 0.38046875 0.76171875 0.03984375 0.03984375
1 0.040625 0.990625 0.08125 0.01875
1 0.24765625 0.88671875 0.0734375 0.13203125
1 0.021875 0.8375 0.04375 0.13203125
1 0.55703125 0.86328125 0.2578125 0.27265625
23 0.38359375 0.9640625 0.03984375 0.03984375