6 0.6165453555132965 0.882145256453786 0.029147757710637733 0.05957589664195524
6 0.6148526217486462 0.6508134109002897 0.029147757710637733 0.059575896641955416
6 0.8361768279204517 0.20844482850881926 0.029147757710637733 0.059575896641955416
6 0.9268018279204517 0.20528013377362964 0.029147757710637733 0.059575896641955416
23 0.6095773717519415 0.16945428349562794 0.029147757710637733 0.059575896641955416
23 0.8829018234562248 0.19821416743889358 0.029147757710637733 0.059575896641955416
1 0.825877936788509 0.6556472107228044 0.34824412642298197 0.6428547104291041
1 0.7038182954530476 0.1943054613557766 0.12964836404130367 0.13647819173996475
1 0.6809596737011061 0.01743299526410161 0.15956196063273714 0.03486599052820322
6 0.8292295783274888 0.049369986826581114 0.0873517698855025 0.09873997365316223
1 0.96171875 0.0338764259612321 0.0765625 0.0677528519224642