6 0.70078125 0.05 0.046875 0.046875
6 0.98671875 0.096875 0.0265625 0.046875
1 0.46171875 0.0453125 0.20859375 0.090625
1 0.63046875 0.15546875 0.0703125 0.05859375
23 0.34765625 0.56328125 0.10234375 0.12890625
6 0.5609375 0.8171875 0.03046875 0.06875
23 0.528125 0.815625 0.01796875 0.04140625
23 0.57109375 0.23203125 0.01640625 0.04140625
23 0.809375 0.1140625 0.01796875 0.04140625
23 0.78515625 0.1140625 0.01640625 0.04140625
23 0.6296875 0.2578125 0.01640625 0.04140625
23 0.73515625 0.11171875 0.01640625 0.04140625
23 0.76171875 0.11171875 0.01640625 0.04140625
23 0.603125 0.25546875 0.01640625 0.04140625
6 0.5234375 0.12265625 0.0265625 0.021875
6 0.30625 0.0046875 0.01484375 0.00859375
6 0.33359375 0.02890625 0.01640625 0.03984375
6 0.4125 0.13671875 0.01640625 0.03984375
6 0.5796875 0.125 0.01640625 0.03984375
6 0.58828125 0.01328125 0.01484375 0.0265625
6 0.65546875 0.01328125 0.01484375 0.0265625
6 0.26796875 0.06328125 0.0484375 0.05
23 0.47421875 0.12109375 0.028125 0.025
23 0.32734375 0.0828125 0.028125 0.025
23 0.6359375 0.065625 0.028125 0.025
23 0.3953125 0.22734375 0.01640625 0.04375
23 0.4359375 0.1390625 0.01640625 0.04375
23 0.38671875 0.1390625 0.01640625 0.04375
23 0.35703125 0.1390625 0.01640625 0.04375
23 0.33046875 0.13671875 0.01640625 0.0453125
23 0.2984375 0.24375 0.01640625 0.046875
23 0.34921875 0.434375 0.04140625 0.03671875
17 0.27109375 0.12265625 0.05 0.0453125
17 0.70078125 0.00625 0.046875 0.01171875