23 0.21987016310304358 0.6094097494518458 0.030460389812585566 0.027599210344286362
23 0.21843804374442916 0.5601909994518458 0.030460389812585652 0.027599210344286362
23 0.22132501451496936 0.6594097494518458 0.030460389812585652 0.027599210344286362
23 0.22575776491068078 0.8117534994518458 0.030460389812585566 0.027599210344286362
23 0.22721261632260656 0.8617534994518458 0.030460389812585566 0.02759921034428601
23 0.22287079414014052 0.7125347494518458 0.030460389812585566 0.027599210344286362
23 0.22423471733882097 0.7594097494518458 0.030460389812585566 0.027599210344286362
23 0.22875839594777775 0.9148784994518457 0.030460389812585566 0.02759921034428601
17 0.977505175029262 0.8829663998916344 0.04498964994147592 0.17500248920022693
17 0.6066500637361818 0.8664187291182438 0.12517715940862678 0.17138890507947585
17 0.5963979076927671 0.5140749791182438 0.12517715940862678 0.17138890507947585
17 0.9723734139942269 0.5274976498916344 0.05525317201154607 0.1695337392002269
1 0.8109785479010643 0.7002927652305784 0.1696151326864495 0.2502058750424091
10 0.27222828496894047 0.638554101628764 0.05140938730530316 0.05018353847458741
10 0.2773429969639921 0.8143353516287641 0.05140938730530316 0.05018353847458741
23 0.8719484548024086 0.8912922766633239 0.01763378087881229 0.042760418874474126
23 0.47549465511897776 0.9914620831402766 0.015775764185764984 0.01707583371944672
23 0.5257076037861943 0.9800304148775701 0.017633780878812465 0.03993917024485967
23 0.7719484548024086 0.8878001997141493 0.01763378087881229 0.04276041887447377
23 0.8453859548024086 0.8903646937236992 0.01763378087881229 0.04276041887447377
23 0.8889062857603633 0.964466881835467 0.028897889812585474 0.027544646641955238
23 0.8388153575471179 0.9595958433608797 0.028897889812585474 0.027544646641955238
23 0.785690357547118 0.9577406774816304 0.028897889812585655 0.027544646641955238
23 0.7357812857603634 0.9591196390070433 0.028897889812585474 0.027544646641955238
23 0.6914917281593735 0.980825936382487 0.03458560015828453 0.03834812723502594
6 0.9199634398252208 0.5565923836495654 0.03407713479802084 0.07143105589778251
6 0.6900308650689654 0.8888418553417792 0.03577602711788863 0.07617311960011328
6 0.6859080032321982 0.7739708234906137 0.03407713479802066 0.07143105589778251
6 0.680952415610326 0.6036583234906138 0.03407713479802066 0.07143105589778251
6 0.9312037828573694 0.8356077610542272 0.03407713479802084 0.07143105589778251
6 0.7141991731321735 0.539261006793058 0.015957620612255852 0.03879960517214318
6 0.7234056547232663 0.855667256793058 0.015957620612255675 0.038799605172143
6 0.7477069727490973 0.8861732123280209 0.015957620612255852 0.038799605172143
6 0.8977069727490974 0.8914113277517831 0.015957620612255852 0.038799605172143
6 0.9166207941401406 0.7367610332867458 0.015957620612255852 0.03879960517214318
6 0.9142339285424498 0.6547297832867458 0.015957620612255852 0.03879960517214318
6 0.8721791576927671 0.5237054725796398 0.015957620612255852 0.03879960517214318
6 0.7370229076927672 0.5189857123280208 0.015957620612255675 0.03879960517214318
6 0.82197118685572 0.8903274881887364 0.01761104882550093 0.04197916887447413
6 0.79853368685572 0.8895090326537737 0.01761104882550093 0.04197916887447377
6 0.6839614068348374 0.6802481053417792 0.02880696159934022 0.024419646641955416
6 0.6459984055811961 0.6898487946346732 0.01763378087881229 0.042760418874473946
6 0.6768068217202476 0.4880060416394484 0.032605563011265916 0.07450149219545174
23 0.6047596401417901 0.6673363883740709 0.028897889812585474 0.02754464664195542
23 0.6058507787007343 0.7048363883740709 0.028897889812585655 0.02754464664195542
23 0.8471791576927672 0.5228324533423462 0.019287209092058076 0.04593998257680489
23 0.7620229076927673 0.5198587315653145 0.019287209092057722 0.04593998257680489
23 0.8758293434278599 0.4613964455377978 0.02724446159934004 0.02436508293962447
23 0.7266105934278599 0.45618561196520113 0.02724446159934022 0.02436508293962447
23 0.77973559342786 0.4580407778444503 0.02724446159934022 0.02436508293962447
23 0.8266105934278599 0.459677688914376 0.02724446159934004 0.02436508293962447
28 0.9866154219117856 0.7029068776591157 0.026769156176428766 0.171840283665264
6 0.702918063011266 0.09790932049538884 0.048238923198680436 0.048511911069925674
1 0.46492396951689907 0.1262798240387679 0.2150041890337981 0.22759675426116927
6 0.7359986506331382 0.26920396713734424 0.02724446159934022 0.024365082939624562
6 0.9199547988255009 0.07348970697054322 0.025681961599340043 0.024310519237293705
6 0.8770722800208827 0.2358880140494521 0.030369461599340043 0.024474210344286186
23 0.674473780416594 0.38100207349061377 0.03425899122451135 0.07768105589778251
1 0.46765547908381044 0.3542684147829408 0.04442961309040836 0.10535218811176765
6 0.3047713826864496 0.254925635294028 0.05145485141192578 0.051746038474587405
6 0.22020616607254445 0.2722644135169964 0.0271989974927175 0.02280258293962456
6 0.3269131556477032 0.2112128408289909 0.0271989974927175 0.02280258293962456
6 0.32564016066226814 0.16746284082899088 0.0271989974927175 0.02280258293962456
6 0.3958055596460538 0.27215283002921764 0.0271989974927175 0.02280258293962456
6 0.46377430964605376 0.2745263510806099 0.02719899749271768 0.02280258293962447
6 0.41028324828414037 0.34055808964786455 0.01756558471887839 0.04041666887447395
6 0.33479854882550103 0.05305560044763772 0.01756558471887839 0.040416668874473996
6 0.3066819090129155 0.025538235656847742 0.01570756802583091 0.030205855172143137
6 0.5884631064264907 0.026793233927567217 0.015184730799670022 0.012237105172143136
6 0.6556506064264906 0.029139473127794017 0.015184730799670022 0.012237105172143126
6 0.592063131037097 0.12369551577873264 0.017565584718878213 0.04041666887447395
23 0.32213707594338975 0.1275372452754946 0.028852425705962935 0.025982146641955417
23 0.4659997023616332 0.4314757555271136 0.028852425705962935 0.025982146641955417
23 0.9799963547106311 0.36669655914746146 0.028897889812585474 0.02754464664195542
23 0.8728788735152495 0.19906013664479044 0.030460389812585476 0.027599210344286272
23 0.9934437746106063 0.24006213727776257 0.013112450778787376 0.02409226442797028
23 0.8807020822115958 0.09241083256110641 0.01761104882550093 0.04197916887447399
23 0.8145435362890886 0.17907252965854875 0.02002299498543536 0.04440476442797028
23 0.8214133134069774 0.25423622076554137 0.01761104882550093 0.04197916887447395
23 0.6864389198334682 0.2557664605139223 0.01761104882550093 0.04197916887447395
10 0.8766918467930722 0.27645845034712124 0.04511392319868044 0.04840278366526398
1 0.723751051728495 0.19697430307219368 0.054579851411925874 0.05185516587924912
1 0.23598794193679193 0.35866570498680866 0.061753505410276334 0.11063988883740708
17 0.3059678213245362 0.3228671034428626 0.049710494985435096 0.04544147477225655
17 0.7013040872261609 0.04244057049538884 0.04789794239901042 0.036793161069925674