1 0.4975104636444042 0.33423865697839245 0.11332201708875882 0.16629217731199458
1 0.5177477219576745 0.5737649484482047 0.04452054130365361 0.10847718811176783
6 0.395922883082161 0.4102976707733905 0.0423837282923877 0.03503968811176765
6 0.4068399995377816 0.3295114622432028 0.027289925705962937 0.02592758293962456
6 0.576722939033798 0.24022825135076237 0.02724446159934022 0.02436508293962447
6 0.47576819279472177 0.2039236744015876 0.02724446159934022 0.024365082939624562
6 0.5234244427947218 0.2055878673226787 0.02724446159934022 0.024365082939624562
6 0.5566032849689405 0.6484846954529798 0.027289925705962937 0.025927582939624473
23 0.5515256768930972 0.5008011636018145 0.031241639812585653 0.027626492195451748
23 0.588865237859299 0.28201644726707836 0.03128710391920819 0.029188992195451745
23 0.4067430596460538 0.27253477594553366 0.03128710391920819 0.02918899219545166
23 0.36786241607254444 0.2774206833872623 0.01772470909205772 0.04588541887447395
23 0.7589624406831507 0.3878547634164799 0.020068459092057723 0.04596726442797028
23 0.750600708234128 0.2345933541606528 0.019287209092057722 0.04593998257680489
23 0.9143402624699053 0.3901588517984001 0.020068459092057723 0.04596726442797028
23 0.909126262074194 0.2377878199472347 0.019287209092058076 0.04593998257680489
10 0.9867942724990352 0.5998091595102812 0.026411455001929696 0.04834821996293322
10 0.9892266022033486 0.7669966595102812 0.021546795593302904 0.04834821996293322
23 0.48744617570596294 0.04199659327606159 0.030460389812585476 0.02759921034428625
23 0.5635540346397361 0.029045214690273526 0.030233069279472245 0.01978671034428626
23 0.4470113923198681 0.020292718866624766 0.015093802586424765 0.009112105172143132
23 0.6642443564264907 0.02943957349061373 0.03237223079967002 0.012837305897782546