6 0.1296875 0.0703125 0.03046875 0.0703125
6 0.01015625 0.096875 0.0203125 0.046875
6 0.084375 0.76796875 0.0453125 0.0453125
23 0.084375 0.7078125 0.028125 0.025
23 0.1046875 0.37421875 0.028125 0.0265625
23 0.1046875 0.265625 0.028125 0.0265625
23 0.1046875 0.30078125 0.028125 0.0265625
23 0.1046875 0.3390625 0.028125 0.0265625
1 0.2953125 0.73828125 0.0515625 0.08046875
23 0.3734375 0.7296875 0.08359375 0.06875
10 0.30703125 0.59609375 0.03359375 0.03046875
23 0.29921875 0.30078125 0.0296875 0.0265625
23 0.38671875 0.590625 0.0296875 0.0265625
23 0.96171875 0.08671875 0.0296875 0.0265625
23 0.43125 0.45625 0.0296875 0.0265625
23 0.26953125 0.4765625 0.0296875 0.0265625
23 0.3546875 0.0046875 0.01796875 0.00859375
23 0.3515625 0.39453125 0.01796875 0.04375
23 0.378125 0.39453125 0.01796875 0.04375
23 0.4078125 0.39453125 0.01796875 0.04375
23 0.284375 0.20390625 0.01796875 0.04375
23 0.6421875 0.27421875 0.01796875 0.04375
23 0.72734375 0.2125 0.01796875 0.04375
23 0.428125 0.0046875 0.01796875 0.00859375
23 0.4015625 0.0046875 0.01796875 0.00859375
23 0.378125 0.0046875 0.01796875 0.00859375
23 0.43125 0.49375 0.0296875 0.0265625
23 0.7859375 0.30625 0.0296875 0.0265625
23 0.909375 0.353125 0.0296875 0.0265625
23 0.96171875 0.42109375 0.0296875 0.0265625
23 0.909375 0.4234375 0.0296875 0.0265625
23 0.96171875 0.38828125 0.0296875 0.0265625
23 0.909375 0.38828125 0.0296875 0.0265625
23 0.96171875 0.35625 0.0296875 0.0265625
23 0.96171875 0.0515625 0.0296875 0.0265625
23 0.909375 0.11875 0.0296875 0.0265625
23 0.96484375 0.11875 0.0296875 0.0265625
23 0.909375 0.15078125 0.0296875 0.0265625
23 0.96171875 0.15390625 0.0296875 0.0265625
23 0.909375 0.1859375 0.0296875 0.0265625
23 0.96484375 0.1859375 0.0296875 0.0265625
23 0.909375 0.21875 0.0296875 0.0265625
23 0.96171875 0.22109375 0.0296875 0.0265625
23 0.909375 0.25390625 0.0296875 0.0265625
23 0.96171875 0.25390625 0.0296875 0.0265625
23 0.909375 0.2890625 0.0296875 0.0265625
23 0.96171875 0.2890625 0.0296875 0.0265625
23 0.909375 0.31796875 0.0296875 0.0265625
23 0.96171875 0.32109375 0.0296875 0.0265625
23 0.484375 0.06640625 0.03046875 0.028125
23 0.80703125 0.128125 0.03046875 0.028125
23 0.7515625 0.125 0.03046875 0.028125
23 0.484375 0.1078125 0.03046875 0.028125
1 0.78359375 0.2203125 0.071875 0.09375
1 0.61328125 0.1578125 0.0953125 0.1453125
1 0.39765625 0.20546875 0.1203125 0.13515625
1 0.240625 0.2140625 0.053125 0.046875
1 0.26015625 0.38984375 0.06875 0.05859375
6 0.33671875 0.4765625 0.01640625 0.03828125
6 0.6125 0.27421875 0.01640625 0.03828125
6 0.6828125 0.1484375 0.01640625 0.03828125
6 0.84375 0.24453125 0.01640625 0.03828125
1 0.37890625 0.47890625 0.0421875 0.065625
6 0.36875 0.05390625 0.028125 0.025
6 0.38671875 0.534375 0.028125 0.025
6 0.64765625 0.3734375 0.028125 0.025
6 0.2484375 0.303125 0.028125 0.025
6 0.2515625 0.14453125 0.028125 0.025
17 0.0734375 0.09375 0.046875 0.046875