23 0.1021762654394062 0.02464039065150563 0.019977530878812377 0.04284226442797027
23 0.5511198822907382 0.11133935951813038 0.019241744985435006 0.04437748257680485
23 0.02433372492717536 0.21937748257680484 0.019241744985435072 0.04437748257680481
23 0.5593595942857899 0.2872297369227921 0.019241744985435006 0.04437748257680489
23 0.2613803985215672 0.42667166052177147 0.019241744985435093 0.04437748257680489
23 0.32883964931299003 0.7334052993591786 0.019241744985435093 0.04437748257680489
23 0.23549986012090743 0.449181577582147 0.019241744985435093 0.04437748257680489
23 0.21387829506457737 0.08161213166583096 0.03128710391920828 0.0291889921954517
23 0.2151512900500124 0.12536213166583096 0.03128710391920828 0.0291889921954517
28 0.17494617570596288 0.031083852809890428 0.03348610141192578 0.051118555897782546
6 0.23953987311953817 0.024754496456620943 0.021244514185764986 0.03274057813030113
6 0.5851408442857898 0.28813003801125125 0.017679244985435005 0.04432291887447395
6 0.5799352040774928 0.10922378801125124 0.017679244985435005 0.044322918874473996
6 0.15233670447320424 0.24648067431676957 0.03421352711788872 0.07611855589778252
6 0.18241064937949703 0.26079863466105585 0.01763378087881238 0.042760418874473946
1 0.23492188394009084 0.24156005054030497 0.04295804130365362 0.1084226244094368
6 0.4641918467930723 0.2620536329317753 0.08319659639736088 0.09656003067003915
6 0.4559294027447093 0.08538200552711361 0.0832420605039836 0.09812253067003907
6 0.5795142845732291 0.4970958102437698 0.028852425705962935 0.025982146641955417
23 0.5807418154520414 0.5392833102437697 0.028943353919208194 0.029107146641955416
6 0.5766955099626229 0.40022081024376976 0.028852425705962935 0.025982146641955417
23 0.5778548446815013 0.4400645602437698 0.028943353919208194 0.029107146641955416
23 0.5235250458560001 0.3968031443645207 0.028943353919208194 0.029107146641955416
23 0.5278548446815012 0.43831852176918246 0.028943353919208194 0.02910714664195524
6 0.2854219891129403 0.2604935890148924 0.017679244985435095 0.04432291887447395
6 0.3245479882550105 0.42497524046617113 0.0515003155185485 0.05330853847458741
6 0.3235681614536909 0.47176839491267486 0.028761497492717503 0.022857146641955418
23 0.2731221613871839 0.9375000331171097 0.030414925705962936 0.02603671034428636
6 0.5414305775262355 0.7439509628761749 0.027335389812585476 0.02749008293962447
23 0.58899589931299 0.7424901557972661 0.028897889812585474 0.02754464664195542
6 0.5402916263517363 0.7852753673226787 0.027335389812585476 0.02749008293962447
23 0.5958716881093612 0.8715055332019279 0.028897889812585655 0.027544646641955238
6 0.5415646213371715 0.8290253673226786 0.027335389812585476 0.02749008293962447
6 0.5451813663226066 0.8728572128761749 0.027335389812585476 0.02749008293962447
1 0.32856320150370333 0.5897917086150057 0.123955640208297 0.1830530913771451
6 0.43956288598515486 0.5421577951828274 0.0356850989046432 0.07304811960011329
6 0.4048385449980703 0.5557738618803831 0.01761104882550093 0.04197916887447395
6 0.4423816605957612 0.6390327951828274 0.0356850989046432 0.07304811960011329
6 0.40690716184940234 0.6268676118803831 0.01761104882550111 0.04197916887447395
6 0.23381900283648688 0.6059945727728235 0.02880696159934022 0.02441964664195524
6 0.22498121192854464 0.650952408707673 0.04989235141192579 0.05169147477225646
6 0.2327051322242312 0.5677133227728236 0.02880696159934022 0.02441964664195524
23 0.22790763512722503 0.6978819724100038 0.028897889812585655 0.02754464664195542
17 0.11090772241989288 0.24425348620500192 0.03407713479802066 0.07143105589778251
17 0.32206183425665996 0.3663542086150057 0.049755959092057725 0.047003974772256554
17 0.4763271000917776 0.5450025421876024 0.03265102711788863 0.07606399219545175