23 0.29296875 0.4234375 0.01796875 0.04375
23 0.1375 0.17734375 0.01796875 0.04375
23 0.1640625 0.17734375 0.01796875 0.04375
23 0.19375 0.17421875 0.01796875 0.04375
23 0.2171875 0.17734375 0.01796875 0.04375
23 0.10234375 0.0015625 0.01796875 0.003125
23 0.32265625 0.17734375 0.01796875 0.04375
23 0.3515625 0.17734375 0.01796875 0.04375
23 0.39609375 0.17734375 0.01796875 0.04375
23 0.42265625 0.18046875 0.01796875 0.04375
23 0.34296875 0.4234375 0.01796875 0.04375
23 0.01796875 0.35625 0.0296875 0.0265625
23 0.01484375 0.42109375 0.0296875 0.0265625
23 0.01796875 0.38828125 0.0296875 0.0265625
23 0.01796875 0.121875 0.0296875 0.0265625
23 0.01796875 0.15390625 0.0296875 0.0265625
23 0.01796875 0.1859375 0.0296875 0.0265625
23 0.01796875 0.22109375 0.0296875 0.0265625
23 0.01796875 0.25390625 0.0296875 0.0265625
23 0.01796875 0.2890625 0.0296875 0.0265625
23 0.01796875 0.32109375 0.0296875 0.0265625
23 0.6078125 0.321875 0.03046875 0.028125
23 0.23828125 0.09921875 0.03046875 0.028125
23 0.6078125 0.18125 0.03046875 0.028125
23 0.6078125 0.228125 0.03046875 0.028125
23 0.6078125 0.271875 0.03046875 0.028125
10 0.67578125 0.25625 0.03203125 0.07734375
10 0.2421875 0.06171875 0.04375 0.04140625
28 0.17421875 0.028125 0.03203125 0.05546875
6 0.2390625 0.01484375 0.0203125 0.0296875