6 0.698160861035848 0.03368913535552025 0.049331614653892686 0.04796602773541671
6 0.9816417463819554 0.07390886616947834 0.02901911465389233 0.047493249050069464
1 0.45934402250123724 0.04115295675872381 0.21334320499752552 0.08230591351744762
1 0.6223209780645897 0.14079442695864533 0.0733832683173656 0.060230291603125076
23 0.3181359305757244 0.5551894609623261 0.10909944029820454 0.13128832722232636
6 0.5181105178671398 0.80413153476618 0.03407178482570892 0.06945916802802081
23 0.4853799050222696 0.8033327541809718 0.020138759610938452 0.041824477298576565
23 0.5589335074632318 0.21873889542350647 0.01857625961093845 0.04178810970739581
23 0.8033972376755282 0.09522408776847155 0.020138759610938452 0.04182447729857641
23 0.7791784876755281 0.09578778543177018 0.01857625961093845 0.04178810970739586
23 0.616176119403591 0.24315636075423558 0.01857625961093845 0.0417881097073959
23 0.7293013184082227 0.094607798349548 0.01857625961093845 0.04178810970739584
23 0.7558638184082227 0.09398954929947853 0.01857625961093845 0.04178810970739584
23 0.5897364501362856 0.24143085980430506 0.01857625961093845 0.0417881097073959
6 0.5170093583223144 0.11047310695451344 0.027708920171816587 0.022493249050069462
6 0.30600433853461073 0.0010145365933592499 0.01529412935321357 0.0020290731867184998
6 0.3320788376300996 0.02114176928295111 0.018494372455808695 0.040225609707395846
6 0.4053348739261467 0.127117705928333 0.018494372455808695 0.04022560970739582
6 0.5731365275896199 0.11150762367201339 0.018494372455808695 0.04022560970739582
6 0.5875852091813971 0.006521423989313993 0.016235831637205676 0.013042847978627986
6 0.6547727091813972 0.005739520778932019 0.016235831637205676 0.011479041557864039
6 0.26465232021724505 0.0570442081125345 0.05105788896415202 0.05112739532659725
23 0.46787249547744414 0.11005618607670101 0.0294351944820761 0.025654616641249996
23 0.32300373077812317 0.07519348964767333 0.02943519448207601 0.025654616641250037
23 0.6324982394845504 0.050823390389513355 0.0294351944820761 0.025654616641250017
23 0.3833979189286211 0.21814274943131914 0.018699090343632995 0.0441318597073959
23 0.42864954319345205 0.12891594206062465 0.018699090343633172 0.04413185970739582
23 0.3794307931934521 0.13006152118281217 0.018699090343632995 0.04413185970739586
23 0.34974329319345204 0.13075250541524275 0.018699090343632995 0.04413185970739582
23 0.3233036239261467 0.1290270044653122 0.01878097749876275 0.04569435970739581
23 0.28566310379975873 0.23680379008451363 0.01886286465389251 0.047256859707395814
23 0.326454120873929 0.42624684337114555 0.04333059814554918 0.03768249116628475
17 0.2646656083223145 0.11634647293017338 0.05237472749876275 0.04647626291777782