6 0.7284234268265901 0.9744718204953887 0.048238923198680436 0.048511911069925875
6 0.9995168960142848 0.9375819780219355 0.0009662079714303218 0.04780258293962447
1 0.4894973191464581 0.9609282234540917 0.21123066818411546 0.07814355309181664
1 0.6550420996295591 0.8665477038905003 0.07201740399835047 0.06104911660488845
23 0.36036346780103934 0.44885917376861545 0.10609453879637121 0.13248017250267097
6 0.5662568004748537 0.2024008691367772 0.032469170691397944 0.06981399219545174
23 0.5334897645814763 0.20281753138782926 0.01917354882550093 0.0420337325768048
23 0.5934393584050477 0.7879117832019278 0.01761104882550093 0.04197916887447395
23 0.8351531484550602 0.9142014978073834 0.01917354882550093 0.04203373257680489
23 0.8109343984550602 0.9133557604212552 0.01761104882550093 0.04197916887447377
23 0.6512829506457736 0.7641766720393349 0.01761104882550111 0.04197916887447395
23 0.7610025946149943 0.9139534719466678 0.01761104882550093 0.04197916887447377
23 0.7875650946149942 0.9148810548862922 0.01761104882550093 0.04197916887447377
23 0.6247886468057076 0.7655928390997103 0.01761104882550093 0.04197916887447395
6 0.5489655958686355 0.8956225902808367 0.0271989974927175 0.02280258293962447
6 0.3618496922659963 0.9812673830052002 0.01756558471887839 0.037465233989599514
6 0.4376189189090313 0.8776860674153459 0.01756558471887839 0.04041666887447413
6 0.6051473997087015 0.8952431335647475 0.01756558471887839 0.04041666887447413
6 0.6169918333322231 0.9968607781707478 0.015616639812585476 0.006278443658504429
6 0.6841793333322231 0.9980338977708613 0.015616639812585476 0.0039322044582775105
6 0.2952244819202973 0.9460764249497418 0.04989235141192579 0.05169147477225664
23 0.49979230997525814 0.8954663336574147 0.028852425705962935 0.02598214664195524
23 0.3540311805875138 0.9286185956383143 0.028852425705962935 0.02598214664195524
23 0.6631250357603633 0.9565824268486584 0.028852425705962758 0.02598214664195524
23 0.41779450072491586 0.7864608666897065 0.017679244985435005 0.04432291887447395
23 0.46098822274909723 0.8761607729503087 0.017679244985435005 0.044322918874473774
23 0.41176947274909725 0.8744420163268867 0.017679244985435005 0.044322918874473774
23 0.3820819727490973 0.8734053059826007 0.017679244985435095 0.044322918874473774
23 0.3555876689090313 0.874821473042976 0.01772470909205772 0.04588541887447413
23 0.32044212760537766 0.7666716671451935 0.01777017319868044 0.047447918874474124
23 0.36567675659741056 0.5778199874709463 0.04247465650563305 0.03816468811176765
17 0.29662184586863544 0.8868105523544034 0.05131845909205772 0.04705853847458741