25 0.022443333267048504 0.98828125 0.04488666653409701 0.0234375
23 0.966016779201188 0.987326784573229 0.045930665340544866 0.025346430853542046
6 0.02432737395569522 0.8062871039192082 0.04865474791139044 0.30710545783841636
17 0.9775189952260049 0.8193355833322231 0.02809882268458992 0.1328041398125855
23 0.9307530832272775 0.8085966601335427 0.03951812802354411 0.1745286385589445
28 0.9686819865929579 0.571338352532553 0.05216357869190773 0.18739235141192587
1 0.48636947326545765 0.501307093065402 0.8163235534690847 0.9973858138691959
6 0.027805731978046467 0.47117631802583093 0.055611463956092934 0.29547763605166183
23 0.9743700072804116 0.4183270127991097 0.043151110677908736 0.08404003087881247
6 0.03203125 0.13608826418576497 0.0640625 0.27217652837152995
19 0.9403608233211369 0.11723587424016538 0.06615335335772628 0.18155152837152994