6 0.046961452600382536 0.7075297578045483 0.06802918028020859 0.3068154843909035
18 0.872052371578334 0.6826263729738564 0.11663033444052076 0.31553820916315994
18 0.7723251285121882 0.6978371999230312 0.11299684137437538 0.32712054990733286
6 0.5890424626683688 0.818392780500403 0.2031282660519098 0.17492562204718426
6 0.3845731682154521 0.8349156255057452 0.1847964933504862 0.19223960761921396
0 0.18255737974645908 0.8896651568087565 0.161012848023889 0.14301093393541642
9 0.8652068787965286 0.8924106007413378 0.09033732532246538 0.15849703547936259
9 0.7725108857303827 0.9073758910300238 0.10465374525034736 0.1363591406515056
25 0.03969838573038272 0.9329662674231951 0.03590374525034734 0.13395833774894825
1 0.48286781069225776 0.959712239663563 0.388609211531007 0.061188048178052415
9 0.49041006050482655 0.1466796875 0.979710909478646 0.293359375
9 0.7562766755305559 0.41144583213701635 0.08476143218006964 0.2543179669677082
12 0.5080768712939936 0.49751977450995327 0.31054594823197945 0.4300347626986897