29 0.9046875 0.8381368092034475 0.18984375 0.13742304003761846
29 0.3625 0.8500730068829011 0.225 0.14901179745199258
29 0.6 0.8302393734613537 0.23984375 0.13946038391583926
29 0.93515625 0.6493953027776567 0.1296875 0.13028436068413446
29 0.50234375 0.6623435607235031 0.23515625 0.15489438292725594
29 0.77734375 0.4784819193932902 0.225 0.1388555474519924
9 0.1078125 0.4999920416254757 0.21484375 0.9999840832509514
29 0.98984375 0.247166957910853 0.0203125 0.13598392095052708
29 0.8546875 0.15267415308166785 0.1296875 0.24044061068413453
29 0.325 0.15941351479156657 0.1296875 0.2302843606841345
29 0.4671875 0.14815106813787696 0.11484375 0.24999202422028777
29 0.975 0.08292804437469971 0.05 0.15672484387822053
23 0.9875 0.007479647187349855 0.025 0.01495929437469971