29 0.1078125 0.39560697726258703 0.1453125 0.2457647806460784
23 0.50234375 0.22953106072350313 0.225 0.1294805474519924
19 0.7671875 0.21405200486855377 0.23515625 0.13926938292725594
29 0.1625 0.14103488239578327 0.225 0.14432429745199235
29 0.6875 0.05566808520023196 0.225 0.11133617040046392
29 0.425 0.06756687819430479 0.1203125 0.13513375638860958
9 0.5 0.8749390612177947 1 0.2501218775644105
29 0.1328125 0.021120283716810306 0.11484375 0.04224056743362061
1 0.97265625 0.018240733651196574 0.0546875 0.03648146730239315
29 0.18515625 0.6572992109509647 0.2203125 0.13866454646340926
29 0.47265625 0.6408969836511966 0.225 0.14901179745199222
29 0.26484375 0.5142084441450507 0.2296875 0.11951529844057554
29 0.89765625 0.46576706068632207 0.125 0.2402496096955513