6 0.5953401554724954 0.02930023914586615 0.024904824739800803 0.0586004782917323
6 0.9425427040930145 0.02336647260963735 0.0272485747398008 0.0467329452192747
6 0.6209509871097012 0.054414267301312894 0.026590155472495526 0.061384557326946275
6 0.9196341485750905 0.04346132067153028 0.026672042627625105 0.06294705732694628
6 0.5680683265488231 0.07677062415328932 0.04485215456798421 0.03818939676606816
6 0.9761264880142125 0.06008557666442409 0.04320776741285428 0.03654500961093843
6 0.5855767311168074 0.11188925260199181 0.04567434814554901 0.03901159034363304
6 0.9600001990046317 0.09618352894841622 0.04008276741285464 0.03638123530067892
9 0.28311230890882594 0.49391931804063827 0.2958711742400871 0.9878386360812765
1 0.782275747963835 0.3373828182966811 0.32140684701389527 0.45392169662978255
6 0.6076796189493057 0.5635336397571216 0.04152243668015991 0.03411937245580869
6 0.9810513233541339 0.548609166103546 0.03789735329173212 0.03638123530067894
6 0.5846039670948548 0.6015625842391976 0.04004182383528967 0.03559998530067894
6 0.9908955134829963 0.5812612138195539 0.018208973034007415 0.03794373530067894
6 0.9466878872666713 0.6045216514042249 0.023506099050060313 0.06200203301668665
6 0.6443441372666714 0.6203668159218318 0.02642638116223601 0.05825955732694634
23 0.6811857179993661 0.6207862177762827 0.027412349050060313 0.06220675090451113
23 0.7969302267057934 0.6319550118742459 0.026631099050060315 0.06216580732694617
6 0.621558412481442 0.648979816826343 0.02807076831736559 0.0599039444820761
6 0.9708999932141367 0.6330217876548435 0.02498671189493038 0.06052142017181659
12 0.5837585193334185 0.7050151328597166 0.0591846494796016 0.11840916327441153
6 0.8140944725219217 0.7352471082107728 0.026672042627625105 0.06294705732694617
6 0.7852291660994867 0.7375432705806733 0.026753929782755037 0.06450955732694616
23 0.448050070667471 0.7912502832438294 0.04184998530067894 0.040369372455808517
23 0.4501791367008446 0.8318752832438292 0.04555151741285464 0.03666784034363317
23 0.4516497834669127 0.8748849768213942 0.04341248530067894 0.04045125961093845
23 0.4539426238105458 0.9186349768213944 0.047977154567984216 0.038353171076327894
23 0.45619452057661397 0.9616037268213942 0.043207767412854634 0.03654500961093845