6 0.96953125 0.70859375 0.0609375 0.3046875
18 0.14453125 0.7125 0.109375 0.31171875
18 0.24453125 0.72421875 0.10546875 0.3234375
6 0.43046875 0.83828125 0.19921875 0.16796875
6 0.63515625 0.84765625 0.18046875 0.1859375
0 0.83828125 0.8953125 0.1578125 0.1375
9 0.15625 0.921875 0.08671875 0.15546875
9 0.24921875 0.93359375 0.1015625 0.1328125
25 0.98203125 0.93359375 0.0328125 0.1328125
1 0.53984375 0.97578125 0.3875 0.04765625
9 0.51328125 0.15859375 0.9734375 0.26953125
9 0.25390625 0.4375 0.07890625 0.2515625
12 0.50390625 0.51484375 0.30078125 0.41953125