1 0.4814241505410967 0.926307093065402 0.8064329080203627 0.14738581386919591
6 0.026349583267048504 0.98828125 0.05269916653409701 0.0234375
19 0.9331957358768694 0.9264353358070847 0.05422551802195343 0.1471293283858305
19 0.9353229519016864 0.7516790704000994 0.05429824335613524 0.16949179757185978
23 0.45577181190327715 0.7260028396669364 0.10239884134309048 0.07483016693047428
23 0.9902928099140949 0.661841332078582 0.006432908020362759 0.15013639231986814
2 0.015754625298387972 0.6083580692794721 0.031509250596775944 0.1870286385589443
23 0.6148388239179129 0.622782214435827 0.1635277926877718 0.16017428503544745
2 0.057062686585003755 0.60342652837153 0.05436187802354438 0.17496054757185994
7 0.24864165925368548 0.5941521314328083 0.28272487738699753 0.4034051109788372
23 0.4576899425923216 0.5611590896669363 0.10247156667727228 0.08108016693047429
23 0.4620154579487751 0.39091478582687034 0.10630509134309048 0.0749438271970309
9 0.49989545733211366 0.17626726411925797 0.9997909146642273 0.31659702823851593