29 0.425 0.9553388270351256 0.1203125 0.059589858706968354
29 0.1328125 0.9094320553234766 0.11484375 0.1749920242202876
29 0.0203125 0.874172329049473 0.03984375 0.1313110084029571
29 0.65 0.8485145295831332 0.21015625 0.11871946098814554
1 0.97265625 0.7627110448689913 0.0546875 0.3975408448668036
29 0.3296875 0.8092225138029834 0.11015625 0.22948852323170463
29 0.64765625 0.7009537800774247 0.225 0.1443242974519922
29 0.0453125 0.6856536571103626 0.08984375 0.12866085228117755
29 0.14765625 0.6463272188596301 0.11484375 0.2593670242202878
29 0.44765625 0.5864469055903069 0.125 0.22540585969555132
29 0.59765625 0.4983036239556452 0.125 0.2300933596955513
29 0.2328125 0.47332611756703563 0.225 0.1544805474519924
23 0.7921875 0.40522083292944355 0.11484375 0.23983577422028776
29 0.95703125 0.35866021483093524 0.0859375 0.1488141847906915
29 0.5375 0.2929423033091293 0.2453125 0.1303082184025195
29 0.10234375 0.28332981174926736 0.2046875 0.1434966265014653
29 0.0953125 0.11877256323214211 0.18984375 0.1624230400376186
23 0.1 0.02734375 0.2 0.0546875