9 0.45375352103089917 0.12191486431520829 0.19500704206179834 0.24382972863041658
2 0.6537036906368888 0.3206191214397559 0.03595851141996072 0.09148149310259504
2 0.5693286906368888 0.3250410278167625 0.03221603573022023 0.09440177521477064
2 0.9852552658578453 0.30622027024198895 0.029489468284309338 0.09690929952503016
2 0.8194924649471481 0.3150640829960022 0.03197037426483078 0.08971427521477064
2 0.7351584085247131 0.32026723937300877 0.03612228573022023 0.09460649310259503
2 0.9040312392574078 0.31376717661899556 0.03554575361804453 0.09847179952503016
24 0.09685498360319826 0.6373085702172452 0.1298600768875074 0.3371458751693421
24 0.368811870758328 0.6246227052246682 0.13368443973237767 0.3357880930571664
24 0.5026103386461525 0.6215276034610744 0.12911977046507223 0.3378861815917773
24 0.2338603386461524 0.6356121941433918 0.12587193973237767 0.3353786572815178
4 0.6797460487320606 0.6232118549314125 0.13169149253676798 0.2382956173674259
4 0.8618182423096254 0.6144532513587964 0.13000616180407362 0.23586998021229633
4 0.9892893085701416 0.6106211651990348 0.021421382859716686 0.2354328889641522