19 0.471875 0.06875 0.665625 0.1375
23 0.0390625 0.0265625 0.05 0.053125
17 0.02421875 0.20859375 0.0484375 0.1328125
23 0.61640625 0.2453125 0.1578125 0.16796875
1 0.325 0.2515625 0.1390625 0.13203125
2 0.1390625 0.278125 0.10546875 0.078125
23 0.75546875 0.3984375 0.09765625 0.078125
1 0.32109375 0.41953125 0.146875 0.14375
28 0.0359375 0.4578125 0.07109375 0.1859375
9 0.13515625 0.49375 0.08984375 0.28125
23 0.7578125 0.5 0.1015625 0.078125
23 0.75390625 0.5984375 0.109375 0.071875
9 0.9171875 0.54453125 0.08984375 0.91015625
23 0.03984375 0.6109375 0.07890625 0.08359375
23 0.31796875 0.6375 0.16171875 0.15
23 0.75390625 0.69453125 0.109375 0.08359375
19 0.08671875 0.7546875 0.1125 0.09609375
19 0.0921875 0.853125 0.11640625 0.08984375
23 0.08984375 0.9578125 0.1125 0.071875
1 0.57734375 0.87734375 0.3796875 0.2453125