23 0.6173842106142752 0.4040322144358271 0.15578801802195344 0.16619696450233407
23 0.45963534528168426 0.39397158966693635 0.10247156667727211 0.08108016693047429
6 0.03122899865730725 0.29155701418576496 0.0624579973146145 0.30733277837152995
23 0.4638972259707286 0.22919603582687031 0.1063050913430903 0.074943827197031
25 0.028125 0.06722460391920826 0.05625 0.13444920783841652
23 0.9767164939926822 0.08234404869248704 0.046567012014635624 0.10913095909205776
1 0.4906335433243186 0.0807047115328332 0.8062329133513628 0.1562265149106808
9 0.4958887459520363 0.8533203125 0.9917774919040726 0.293359375
23 0.45744449458945813 0.5822528396669363 0.10239884134309048 0.07483016693047428
4 0.9589080919398665 0.47102010378619424 0.07652996873008817 0.469256116851332
4 0.8425382046069572 0.46450802784280454 0.15238394406426964 0.477711126022532
7 0.2623785372772298 0.42105561223247845 0.28272487738699753 0.4034051109788372