9 0.5485416490042081 0.14090483278842034 0.1904167019915839 0.26566373051823944
2 0.35248507142206115 0.36027462134490434 0.03438741288402421 0.09038922077900677
2 0.43686007142206124 0.36174739244822274 0.030590290288686005 0.09344603693163096
2 0.01800094401739944 0.35756308400953163 0.033797135842182205 0.09584433400953163
2 0.18675094401739947 0.36050862621616836 0.030426599181693346 0.08875853693163087
2 0.271098662166234 0.3627626473194867 0.034496540288686005 0.09351422077900677
2 0.10226681661273773 0.36216085511285 0.03385169954451306 0.09740683400953162
24 0.914347632044349 0.6569754866007289 0.12406750489414123 0.3332136948044244
24 0.6424180683420182 0.6537923908233696 0.12791919119181064 0.33171937865180023
24 0.5086879090861911 0.6553667532431156 0.12331353674530696 0.33398130803494935
24 0.7774379090861911 0.660057801942574 0.12010669119181046 0.3315830109570486
4 0.33174346316987513 0.6632223433417271 0.12763395979613215 0.234117675729701
4 0.1496849313187097 0.6608262260540126 0.12598961424263583 0.23174665219075052
4 0.015478633943265657 0.6621551266232054 0.030957267886531314 0.23368525324641087