6 0.4057117974602621 0.06727464366603872 0.0238938569862416 0.05819432954530477
6 0.05861854265093862 0.06746991801906325 0.02623760698624167 0.05823523985373027
6 0.3805654645206375 0.09341440381230845 0.02553820253973793 0.060565353084255105
6 0.08196427341364494 0.09289265787279352 0.025592766242068788 0.0621278530842551
6 0.4337896682415018 0.11388659090609518 0.04422371515360979 0.03668752232113435
6 0.02581347713450923 0.11145569724005647 0.04260665145127882 0.03509774878218401
6 0.41690970308789216 0.1495513555165918 0.04503224700477517 0.037482409090609535
6 0.04255454383206498 0.14692559293798538 0.03948165145127883 0.03504320170428334
9 0.7255902108076224 0.5056159283663801 0.2784797965335898 0.9887681432672398
1 0.22432286588709832 0.3814893279204517 0.31374261850380514 0.44349049593951495
6 0.4027032931142748 0.6011411290555422 0.04096230589778251 0.03272672524323372
6 0.028320852007282217 0.5992966164769357 0.03948165145127882 0.03504320170428343
6 0.4264210461094997 0.6382962556787476 0.03945436960011328 0.034261951704283256
6 0.01447354499198683 0.6325767207790068 0.02894708998397366 0.036605701704283435
6 0.06471965427686768 0.6538710681812191 0.022440484390903383 0.061292056006354304
6 0.36706340427686773 0.6591484979681098 0.025429075135076216 0.05744035308425506
23 0.3302628087233714 0.6608513198027769 0.026346734390903313 0.06136023985373029
23 0.21481885799773198 0.6760342146899269 0.025565484390903316 0.06134660308425506
6 0.3903272894860777 0.6869149878218401 0.027046138837407162 0.05903012662320535
6 0.041026693932581425 0.683163101866439 0.023948420688572523 0.05975682954530477
12 0.4290698417556632 0.7415303498345489 0.05716271397248338 0.11655230032431163
6 0.1994716217927301 0.7797359131477993 0.025592766242068788 0.06212785308425524
6 0.22835058994156468 0.7810217236183805 0.025647329944399645 0.06369035308425505
23 0.566158124787955 0.8228775815706044 0.04118056070710594 0.03897672524323355
23 0.5647394685273527 0.8635025815706043 0.04495040145127884 0.035138659090609536
23 0.5640202167132542 0.9064849683400796 0.04274306070710594 0.03900399878218401
23 0.5624924330479902 0.9502349683400795 0.04734871515360961 0.0367420693990347
23 0.5609919312338917 0.9878274219744938 0.04260665145127884 0.024345156051012395