1 0.025 0.8328125 0.05 0.3
23 0.1046875 0.9140625 0.02265625 0.0578125
23 0.075 0.91484375 0.0234375 0.06015625
12 0.14296875 0.91640625 0.04921875 0.11640625
18 0.29453125 0.93515625 0.0453125 0.1296875
18 0.340625 0.9375 0.05234375 0.125
18 0.39140625 0.9390625 0.0421875 0.121875
9 0.6234375 0.9515625 0.2875 0.09609375
9 0.83515625 0.4015625 0.3296875 0.375
9 0.2765625 0.41796875 0.553125 0.38359375
6 0.621875 0.446875 0.03984375 0.0328125
1 0.62421875 0.51640625 0.04140625 0.04921875
23 0.625 0.5796875 0.03828125 0.0359375
9 0.6234375 0.69375 0.26796875 0.07734375
9 0.3390625 0.71171875 0.0953125 0.0765625
12 0.14453125 0.73046875 0.05234375 0.11328125
12 0.0875 0.73046875 0.0515625 0.115625