9 0.553125 0.13125 0.18125 0.2625
2 0.36484375 0.35390625 0.03125 0.08984375
2 0.44921875 0.35390625 0.02734375 0.09296875
2 0.03046875 0.35703125 0.03046875 0.0953125
2 0.19921875 0.35703125 0.02734375 0.08828125
2 0.28359375 0.3578125 0.03125 0.09296875
2 0.11484375 0.36015625 0.03046875 0.096875
24 0.93671875 0.640625 0.1125 0.33125
24 0.66484375 0.6421875 0.11640625 0.3296875
24 0.53125 0.64609375 0.11171875 0.33203125
24 0.8 0.64609375 0.10859375 0.3296875
4 0.3546875 0.65703125 0.11953125 0.23203125
4 0.17265625 0.6578125 0.11796875 0.2296875
4 0.025 0.66171875 0.05 0.2328125