19 0.4610389252069149 0.9332731527447093 0.6672249573519992 0.1334536945105814
23 0.027735529201187898 0.973642088479802 0.05061816534054512 0.052715823040395904
17 0.020000680617456808 0.7921109436526516 0.040001361234913616 0.13422188730530316
23 0.6076246658975502 0.7726230900626477 0.15976699335613526 0.17256062476889084
1 0.3162911412317319 0.7578940341775177 0.1405988226845901 0.1360775554894186
2 0.1306627239020045 0.7259213054894186 0.10637781667727224 0.0811938271970309
23 0.7484689365850038 0.6235443955520663 0.09856531667727228 0.08096650666391766
1 0.31433938458786725 0.589811623910961 0.14854768268618096 0.148023626022532
28 0.03312862080284231 0.5432331744523217 0.06625724160568462 0.188006116851332
9 0.1292654979312759 0.5101826452228619 0.09311639003818009 0.2838641861308041
23 0.7519944732654577 0.5220500917120003 0.10247156667727228 0.08108016693047429
23 0.7492336472788207 0.42349893144544365 0.11021134134309066 0.07505748746358769
9 0.9118876412715029 0.4821561805875138 0.10043437679022169 0.9127704361308041
23 0.03762803680976245 0.3902218347188784 0.0752560736195249 0.08588968738444543
23 0.3137506806174568 0.3717519456977156 0.16346415802036268 0.15470553503544746
23 0.7503517992918656 0.3274051814454436 0.11034770134468133 0.08677623746358769
19 0.08386428063336518 0.2478357579175588 0.11361815201304486 0.09936716567683304
19 0.09047845464672818 0.14955738229073817 0.1174516766788631 0.09323082594338974
23 0.08935285399427298 0.044801686130804166 0.11333634134309045 0.07514841567683303
1 0.5759165153166826 0.13945523739708068 0.38254196936663476 0.2563602779093115