19 0.5297251740119445 0.06533976860432152 0.668825348023889 0.13067953720864303
23 0.9615557490500695 0.01022067115190868 0.051236498100139014 0.02044134230381736
17 0.9774359753987152 0.17451871789438053 0.04512804920256954 0.1345039747722565
23 0.3893034618153474 0.2319171110777749 0.1617220160519098 0.1734796839354164
1 0.6808551821800697 0.22799098059307027 0.14213556145475703 0.13688741950744615
2 0.8674109312301391 0.24806040001569843 0.10728712955902786 0.08180804990733277
23 0.253804985751042 0.3898982805852211 0.09947462955902786 0.08153523139567849
1 0.6886709482319795 0.39582332133724313 0.15022081838861112 0.14887898801910043
28 0.9685037287703299 0.42414669566186197 0.06299254245934023 0.18842014845605384
9 0.876335908813056 0.4635489907598712 0.0963899164125003 0.28438741288402414
23 0.2538251291777782 0.49154262613871735 0.10338087955902786 0.08167164065150559
23 0.2600225374221533 0.5898437168828903 0.11104790919430556 0.07569445916315978
9 0.09548660552642406 0.5416393737764646 0.11102787186267438 0.9132936628840242
23 0.966975010043759 0.5774081049176891 0.06604997991248211 0.08634921696770821
23 0.6968692272016672 0.6136829439325814 0.16521003875333343 0.15564734319124368
23 0.26225914427975755 0.6859374668828903 0.11132066612815983 0.08741320916315978
19 0.9308467965402091 0.7227950159876148 0.11473660685760408 0.10002233656782167
19 0.9276692047845841 0.8214234889457728 0.11849738649288213 0.09390874582364858
23 0.9324495833936813 0.9260291433922765 0.11417290919430556 0.07580358656782167
1 0.4430766524478827 0.8625842685195035 0.38539721181534736 0.2585714796663979