20 0.29815617646209663 0.84901765860089 0.2905215237259962 0.12581775310037174
20 0.09412920414242554 0.9685552260131939 0.07835976334587284 0.06288954797361228
20 0.5129747046367171 0.9804918481689319 0.07507559585538673 0.039016303662136306
1 0.30541687262149464 0.9796190334984459 0.2706600098858317 0.040761933003108194
9 0.8518541794278462 0.8690294827317938 0.07934789627312852 0.2619410345364123
6 0.7418571665390838 0.4283350550006707 0.04918425790866543 0.03971962551672874
9 0.8912032505314726 0.43841002997928014 0.17331677768032883 0.13907327026387967
6 0.743990010911596 0.48067880500067073 0.04833934091247105 0.03812073821317572
9 0.3006193542955249 0.5075942919755014 0.5654578567298019 0.13706358395100277
9 0.7602490222803024 0.5352400264646235 0.046010178364900865 0.057506438998963995
23 0.6439846937251211 0.5524381809316842 0.05159167490485963 0.041391287427387444
9 0.7646937831547174 0.5869116883752823 0.04585101087441501 0.053600188998963995
1 0.895113453610953 0.6109207307650685 0.1442022806460784 0.15175305272886846
2 0.6461175380976332 0.6047819309316841 0.0691293433839288 0.050785558105551944
6 0.8061292080595772 0.6278299408564816 0.02727476581733086 0.0761280064101408
18 0.7748447159682426 0.6638016741072587 0.053770940227898835 0.11401115012383442