9 0.7794861041384429 0.05510091624937576 0.06290279172311415 0.04033820967712844
6 0.6538952046588413 0.16515865880577768 0.025682752713533576 0.073675094499482
12 0.6266776074178033 0.17642149048497807 0.033202003618044526 0.09818494292790544
25 0.1778207055633525 0.11870726633493825 0.06367407564431193 0.08479668507002258
23 0.2363657886708963 0.2718001871369372 0.05476274310259503 0.03372433664159917
23 0.23473136759456864 0.31793032444049013 0.05476274310259503 0.03372433664159917
9 0.3844713387617534 0.4494265351510759 0.2395372127994418 0.09454632836943162
9 0.38035596958530504 0.6176136089723935 0.33546718848918217 0.09589696670644177
23 0.03448068097017955 0.06569992865988179 0.0689613619403591 0.07983735731976357
23 0.03258012663968017 0.16808006596343472 0.06516025327936034 0.07991013192686944
23 0.029877850520398364 0.27120506596343474 0.05975570104079673 0.07991013192686944
23 0.027175574401116547 0.3743300659634347 0.054351148802233094 0.07991013192686944
8 0.032498239484550426 0.06729881596343472 0.03354616236990041 0.030398129445670063
8 0.021747767978681425 0.1678253548385642 0.029639912369900413 0.03021619292790545
8 0.0185231914298583 0.27418451674922306 0.032147436680159916 0.03345035483856425
8 0.014380394476904878 0.37656465405277595 0.028760788953809756 0.03021619292790545
8 0.2363657886708963 0.2718001871369372 0.01747078301668683 0.021076633374611475
8 0.2323466740170038 0.31860241252983135 0.01886950870642732 0.01802440798171734