9 0.090625 0.8671875 0.059375 0.265625
12 0.309375 0.52109375 0.128125 0.0640625
25 0.34765625 0.40703125 0.05703125 0.075
9 0.309375 0.709375 0.2046875 0.0546875
23 0.2109375 0.8546875 0.0203125 0.075
23 0.240625 0.8546875 0.0203125 0.075
1 0.28046875 0.8515625 0.03984375 0.07109375
19 0.32265625 0.84921875 0.021875 0.07421875
24 0.27578125 0.9984375 0.16796875 0.003125
25 0.4390625 0.36953125 0.03359375 0.05625
12 0.41796875 0.56328125 0.05078125 0.146875
6 0.4765625 0.49140625 0.02265625 0.07265625
12 0.4265625 0.7828125 0.0265625 0.11015625
6 0.46015625 0.78828125 0.02109375 0.07109375
28 0.7390625 0.81875 0.1328125 0.11640625
23 0.5015625 0.35390625 0.02109375 0.07578125
23 0.534375 0.3453125 0.01875 0.05625
23 0.58359375 0.34453125 0.02265625 0.05859375
23 0.759375 0.35546875 0.02109375 0.075
23 0.78984375 0.3546875 0.01796875 0.075
6 0.74375 0.4796875 0.02109375 0.07265625
1 0.89609375 0.62109375 0.2078125 0.25625
12 0.7546875 0.628125 0.0359375 0.12109375
1 0.57421875 0.615625 0.23984375 0.259375
12 0.62734375 0.43984375 0.12578125 0.0578125
12 0.571875 0.81015625 0.15390625 0.08203125
12 0.85703125 0.45390625 0.12890625 0.06875
2 0.953125 0.35703125 0.0390625 0.05078125
12 0.98984375 0.4453125 0.01953125 0.06484375
24 0.95 0.9921875 0.1 0.01484375
12 0.90390625 0.81171875 0.16953125 0.0859375
1 0.6265625 0.35234375 0.040625 0.04765625
8 0.29921875 0.515625 0.0515625 0.04375
8 0.2109375 0.85390625 0.0140625 0.025
8 0.24140625 0.85390625 0.01171875 0.025
8 0.759375 0.3546875 0.0109375 0.0328125
8 0.7890625 0.35546875 0.0125 0.03125
8 0.8390625 0.4453125 0.028125 0.04921875
8 0.96328125 0.996875 0.07265625 0.00625
8 0.50234375 0.35078125 0.01484375 0.02890625
8 0.584375 0.35859375 0.01328125 0.021875