24 0.95 0.9921875 0.1 0.01484375
24 0.2765625 0.9984375 0.16796875 0.003125
23 0.58359375 0.34453125 0.02265625 0.05859375
23 0.534375 0.3453125 0.01875 0.05625
1 0.6265625 0.35234375 0.040625 0.04765625
23 0.5015625 0.35390625 0.02109375 0.07578125
23 0.78984375 0.3546875 0.01796875 0.075
23 0.759375 0.35546875 0.02109375 0.075
2 0.953125 0.35703125 0.0390625 0.05078125
25 0.4390625 0.36953125 0.03359375 0.05625
25 0.34765625 0.40703125 0.05703125 0.075
12 0.62734375 0.43984375 0.12578125 0.0578125
12 0.98984375 0.4453125 0.01953125 0.06484375
12 0.85703125 0.45390625 0.12890625 0.06875
6 0.74453125 0.4796875 0.02109375 0.07265625
6 0.4765625 0.49140625 0.02265625 0.07265625
12 0.309375 0.52109375 0.128125 0.0640625
12 0.41796875 0.56328125 0.05078125 0.146875
1 0.5765625 0.615625 0.23984375 0.259375
1 0.896875 0.62109375 0.20546875 0.25625
12 0.75546875 0.62890625 0.0359375 0.12109375
9 0.309375 0.709375 0.2046875 0.0546875
12 0.4265625 0.7828125 0.0265625 0.11015625
6 0.46015625 0.78828125 0.02109375 0.07109375
12 0.571875 0.81015625 0.15390625 0.08203125
12 0.9046875 0.81171875 0.16953125 0.0859375
28 0.7390625 0.81875 0.1328125 0.11640625
19 0.32578125 0.84921875 0.021875 0.07421875
1 0.28046875 0.8515625 0.03984375 0.07109375
23 0.2109375 0.8546875 0.0203125 0.075
23 0.240625 0.8546875 0.0203125 0.075
9 0.090625 0.8671875 0.059375 0.265625