6 0.00625 0.30078125 0.0125 0.07421875
6 0.08125 0.3390625 0.05390625 0.03203125
12 0.13515625 0.36640625 0.0265625 0.10546875
24 0.103125 0.08515625 0.20546875 0.16953125
9 0.74296875 0.0296875 0.21484375 0.05859375
9 0.63125 0.5484375 0.5625 0.903125
1 0.04453125 0.5765625 0.0890625 0.421875
6 0.1421875 0.5625 0.0546875 0.0328125
6 0.1421875 0.60234375 0.053125 0.03515625
12 0.1421875 0.7078125 0.06953125 0.03828125
6 0.13359375 0.753125 0.0515625 0.02890625
23 0.28984375 0.45390625 0.0546875 0.0296875
23 0.2890625 0.4984375 0.053125 0.03125
6 0.28984375 0.54453125 0.05390625 0.0296875
12 0.28203125 0.58984375 0.06953125 0.0359375
23 0.28984375 0.63515625 0.0546875 0.02890625
23 0.29140625 0.68125 0.05234375 0.0296875
23 0.35546875 0.571875 0.02890625 0.028125
6 0.01796875 0.84921875 0.021875 0.07421875
1 0.05859375 0.9765625 0.11640625 0.046875
12 0.02109375 0.921875 0.04140625 0.03515625
12 0.078125 0.86953125 0.0703125 0.03515625
6 0.07890625 0.91953125 0.05234375 0.0296875
6 0.14140625 0.99296875 0.02109375 0.0140625
2 0.228125 0.93046875 0.03984375 0.0671875
29 0.18671875 0.92421875 0.0484375 0.1515625
23 0.34375 0.9296875 0.0234375 0.103125
12 0.26953125 0.99296875 0.0921875 0.0140625
8 0.090625 0.0125 0.18125 0.025
8 0.0515625 0.14296875 0.05546875 0.02265625
8 0.025 0.6046875 0.05 0.2375
8 0.290625 0.4515625 0.01640625 0.01875
8 0.29140625 0.49921875 0.01640625 0.01796875
8 0.28984375 0.6359375 0.01640625 0.01875
8 0.3546875 0.571875 0.015625 0.015625
8 0.290625 0.68125 0.01484375 0.0171875
8 0.34453125 0.92734375 0.0140625 0.02890625
8 0.1890625 0.93515625 0.0109375 0.11796875
8 0.040625 0.996875 0.08125 0.00625