24 0.8970805483943913 0.08265084999889215 0.20583890321121742 0.1653016999977843
6 0.9365195126631563 0.3337173688611848 0.055584936680159916 0.0323448673882468
12 0.8840462878779268 0.3613747362494316 0.032089882971258275 0.10562328610435348
23 0.7339444685651928 0.44977468179831376 0.05624335594746519 0.03000566256778665
23 0.7370595024863908 0.4943013866187739 0.05476274310259512 0.03155907220870695
6 0.7386939235627186 0.5403996817983138 0.05546210594746537 0.03000111738824689
9 0.3847057864075888 0.5408961481298471 0.6104039857509049 0.9173350292686624
6 0.8872918758467107 0.5575093928652899 0.0564071302577247 0.03313066256778665
23 0.6745019487774891 0.5681252268796577 0.03038021879233561 0.028293171642972938
1 0.965049547150181 0.5710037454228137 0.06990090569963811 0.4223931504675383
12 0.7488811510614812 0.5856667300029157 0.07141465456798421 0.036342020979043
6 0.8893799983025193 0.59735314286529 0.05496746099041942 0.03546532220870695
23 0.7434433785602441 0.6310246817983137 0.0562024123699004 0.02922441256778665
23 0.7433924689038772 0.6747883173369332 0.05389960594746519 0.02999202702916719
12 0.8949073812737776 0.7028218928652898 0.07153748530067894 0.038685770979043
6 0.9058758587725404 0.748084395890352 0.0530774123699004 0.02920623184962743
12 0.9656838606672487 0.8641679381430254 0.06863227866550262 0.03556531615858276
6 0.969284340793859 0.9141724833225654 0.05389960594746519 0.02999202702916719
23 0.7049728573022024 0.9258695491865605 0.028842052238563554 0.10326135538619426
2 0.8206388008797673 0.9259781126146688 0.04336489767057934 0.0674193041565303
12 0.7825080370849573 0.9887190071302786 0.09292448439616763 0.014598831185697492
6 0.9106330370849574 0.98797359768575 0.021830734396167627 0.014185219847574615
29 0.8617175022592483 0.919487218099059 0.05638055404758582 0.15184430113146802
1 0.9665771448145744 0.9710855586545304 0.06684571037085121 0.04755223175143151
9 0.25858710594746526 0.029056986559063303 0.2179145183173657 0.058113973118126605