9 0.3571507587064272 0.016774018882089174 0.5642605738352897 0.03354803776417835
12 0.730997694482076 0.02301034765644867 0.09402663896415202 0.04602069531289734
6 0.8601496059474651 0.027025291304768738 0.024164518317365945 0.054050582609537476
29 0.8202826017635939 0.13110312183239653 0.06239925994962263 0.26220624366479306
1 0.9416117983943912 0.09176677476512304 0.11677640321121743 0.1835335495302461
2 0.7777675531430748 0.12285765779420865 0.039540534825709094 0.06895907825883123
12 0.8650185696514182 0.13250939286528987 0.03024077792830404 0.10014544574527391
23 0.7101573292623565 0.17482922395279146 0.07433493668015992 0.03245395169720222
23 0.9492508067611194 0.21876453455222933 0.05480368668015991 0.03234032220870695
23 0.9899126188656495 0.22317932377984082 0.020174762268700873 0.0353380571815924
2 0.7821418718899819 0.23614799815328827 0.040939260515449584 0.06584316861791084
23 0.26141661408806566 0.2462108829063408 0.05468085594746537 0.02999657220870695
23 0.2645316480092636 0.2907375877268009 0.05468085594746528 0.02999657220870695
23 0.743516463138126 0.30436218784843794 0.07429399310259513 0.031672701697202224
9 0.4220276447299033 0.4179853680756179 0.8086357728399216 0.18433721866922442
23 0.7833989139517801 0.49872072102592524 0.05636618668015991 0.03234941256778665
24 0.9067058809639935 0.515103724247379 0.18658823807201302 0.187151062937129
9 0.4394828968776098 0.6914046873574586 0.5394021732240344 0.32257197511213215