24 0.8915525947588838 0.8887473527985812 0.20645505396013847 0.1755097800208823
6 0.989682064311871 0.6703035781879748 0.012931792056281921 0.07458246285298138
6 0.9149047781093216 0.6342046053058634 0.05409260236113198 0.033599761678482484
12 0.8611576093932151 0.6084293669843459 0.02717609923787414 0.10624163981258547
23 0.7069791695016736 0.5254303135399915 0.0548602168225127 0.031278743731793845
23 0.7080194947354427 0.4808763314866801 0.05330680718159222 0.03279577962517113
6 0.7075064103282914 0.43480531353999147 0.054078966822512696 0.031256011678482486
9 0.3535910699692118 0.4559401114410557 0.5678178600615764 0.9118802228821113
6 0.8552671994577071 0.4125402054641481 0.0548783975406721 0.03440374373179385
23 0.6420404916121847 0.40937105601814405 0.029069876463433175 0.02896608597251955
1 0.9530052626894235 0.3956361988002305 0.09151689695149656 0.42446645407749284
12 0.7155825307416004 0.38926549300687807 0.06974032825883114 0.0379606527447093
6 0.8554990036142373 0.3726964554641481 0.05332953307929138 0.03670202962517113
23 0.7080336511549092 0.3441803135399914 0.054855671642972934 0.030497493731793845
23 0.7059444312091385 0.3004985096999254 0.052516466822512695 0.03121054757185977
12 0.8561126028521115 0.2672277054641481 0.06975396379745077 0.0403044027447093
6 0.8649699732654204 0.22166515287772331 0.05173067164297294 0.030406565518548413
6 0.9811540303488169 0.1222070589876449 0.022306792056281922 0.0748552474927175
12 0.921115955016852 0.10364492709261812 0.07051703307929139 0.03720213479802066
6 0.9206255965073996 0.05366765914592948 0.052516466822512695 0.031210547571859815
12 0.9784517320460191 0.04964173720089028 0.04239203307929138 0.0363837808788124
23 0.6558409338414173 0.051560528009072015 0.024037463699254857 0.10312105601814403
2 0.771470479020957 0.04707198132839553 0.040234635440423536 0.06834683471887837
29 0.8128403675846385 0.06430156307777302 0.04931926483072289 0.12860312615554603
1 0.9412698946138057 0.010588206865764746 0.11667896077238851 0.02117641373152949
9 0.25138613701155743 0.9628336544605689 0.21518463846548563 0.0648450646606186