9 0.21953125 0.01875 0.0609375 0.0375
23 0.96484375 0.06328125 0.0703125 0.0765625
25 0.81640625 0.11015625 0.059375 0.08203125
6 0.3390625 0.134375 0.021875 0.07265625
12 0.365625 0.146875 0.028125 0.096875
23 0.9640625 0.16640625 0.071875 0.0765625
23 0.75 0.26015625 0.053125 0.03125
23 0.9640625 0.26953125 0.071875 0.0765625
23 0.74921875 0.30625 0.053125 0.03125
23 0.9640625 0.37265625 0.071875 0.0765625
9 0.59296875 0.43046875 0.23515625 0.08359375
9 0.99140625 0.58125 0.0171875 0.0546875
9 0.58828125 0.5984375 0.33125 0.08046875