12 0.6559963689593806 0.9643397008452945 0.028315897540672097 0.03363085391920819
6 0.7442321671639825 0.969583478821113 0.021974993949875808 0.017823997492717326
23 0.10516057680490294 0.9897407984297896 0.05476931323171654 0.01565374373179367
23 0.27157591716398255 0.9833363710744741 0.05478749394987581 0.018778743731793668
6 0.09908329362741568 0.9602351548562804 0.051753397540671965 0.034312815518548236
23 0.1874781731159109 0.9381351828320987 0.054088057181592396 0.03281851167848231
23 0.990648624911309 0.9069541320280408 0.008257927594901205 0.07678982053311359
1 0.02420241552395425 0.9046958601874145 0.0484048310479085 0.18982702962517095
25 0.08683327850210516 0.9176301177092618 0.03935339149054777 0.05113660266556721
6 0.18769634173382171 0.9006351828320988 0.0532977168225127 0.031233279625170952
4 0.5792071308632373 0.8712776741231174 0.08662382211051103 0.1204692758642473
25 0.08555712481311312 0.8684568318158845 0.040111915592848726 0.04725308471887857
2 0.7973349621471307 0.8375916812492534 0.04178349990180408 0.06604854882550129
2 0.8481207573266705 0.8353328477840162 0.04178349990180408 0.06604854882550129
2 0.74812984768575 0.8366800506078678 0.04178349990180408 0.06604854882550093
2 0.69656734768575 0.8381803661264161 0.04178349990180408 0.06604854882550129
23 0.992025293431024 0.8045876499747294 0.006695427594901204 0.07674435642649087
7 0.18737870004688223 0.8209704148854102 0.09521757211051111 0.12071932845067224
23 0.27879858558550163 0.8159670146479833 0.019972132415361443 0.07634955133278361
25 0.08661108558550165 0.8215590997625732 0.038567596311007944 0.05033262061225585
2 0.6985889108192708 0.7592286520197935 0.04178349990180408 0.06604854882550111
2 0.7993747059988106 0.7555149671426306 0.04178349990180408 0.06604854882550111
2 0.8493792511783503 0.7532788657307048 0.04178349990180408 0.06604854882550093
2 0.7485980011783504 0.7562113006078677 0.04178349990180408 0.06604854882550093
23 0.012651837166927176 0.7706618409870846 0.025303674333854352 0.03602006802583091
23 0.9926298023098186 0.7006813999747294 0.006695427594901204 0.07674435642649087
23 0.2801752541052166 0.7136005325946722 0.020757927594901294 0.07715353338609496
2 0.798275814311871 0.6758729312492532 0.04178349990180408 0.06604854882550093
2 0.749057064311871 0.6773050506078677 0.04178349990180408 0.06604854882550093
2 0.699057064311871 0.6787599020197935 0.04178349990180408 0.06604854882550111
2 0.8498519498504905 0.6720288657307047 0.04178349990180408 0.06604854882550093
25 0.4959956968254284 0.673732735880742 0.05747213241536144 0.07744068989172774
23 0.9932252208295335 0.5983376499747294 0.006695427594901204 0.07674435642649087
2 0.747971808163551 0.5953192647144905 0.04178349990180408 0.06604854882550093
2 0.8503201033430908 0.5915601157307048 0.04178349990180408 0.06604854882550093
2 0.7979763533430908 0.5930831633025646 0.04178349990180408 0.06604854882550093
2 0.6971951033430909 0.5960155981797275 0.04178349990180408 0.06604854882550093
24 0.04789850556389731 0.4782553806413855 0.09579701112779462 0.18877900666391767
9 0.9030325337666625 0.3924035502121563 0.18938066256778682 0.06018865690134447