12 0.6625785651288624 0.014522273080749225 0.029844630257724703 0.02904454616149845
6 0.7504503793532136 0.006443880077670408 0.02277575870642714 0.012887760155340816
23 0.11130599219808388 0.006788082894620226 0.05542448439616776 0.013576165789240452
23 0.2777941293532137 0.007866521273630581 0.05558825870642732 0.015733042547261163
6 0.10661184814554917 0.03610969594166561 0.05328213025772479 0.03311248184962738
23 0.1959166875846711 0.055127340653667214 0.055543993102595036 0.0315636173882468
23 0.9967693190298205 0.058267396086743695 0.006461361940359111 0.0766079517953981
1 0.03151667288534999 0.0943767138956465 0.0629924021931351 0.188590322208707
25 0.09636374491161734 0.07915116881430255 0.041682888964152065 0.05022725897699045
6 0.19788197930778512 0.09262734065366722 0.05468085594746528 0.029996572208706995
4 0.5902299315917773 0.10831895570422297 0.09211998021229632 0.11846871974937896
25 0.09738069029820454 0.12837900917338216 0.04225942107632767 0.04632555415653021
2 0.809631706806548 0.1343946006126163 0.044804566937884614 0.06508464451560987
2 0.860453900384113 0.13488041394252873 0.04480456693788497 0.06508464451560987
2 0.7605357875392424 0.13702469692362426 0.044804566937884614 0.06508464451560991
2 0.7089732875392425 0.13732467877325166 0.044804566937884614 0.06508464451560987
7 0.2012769742194025 0.172319385833207 0.10071373021229632 0.11851871672431687
23 0.2928060549520971 0.1741313498270494 0.023502777023792998 0.07589487948849523
25 0.10061855495209708 0.17524946399384236 0.04086069538658719 0.049441463797450604
2 0.7146710888732951 0.21622183841417203 0.044804566937884614 0.06508464451560983
2 0.8154932824508598 0.21641676025353668 0.044804566937884614 0.06508464451560983
2 0.8655342260284247 0.2169071187629889 0.04480456693788497 0.06508464451560983
2 0.7647529760284248 0.2174934469236242 0.044804566937884614 0.06508464451560983
23 0.02684021822650865 0.22881989158874366 0.031529960990419416 0.0353289668225127
23 0.2989509136130958 0.2764705546475096 0.024324970601357875 0.07668067466803503
2 0.8181070273624773 0.29611335061261623 0.044804566937884614 0.06508464451560983
2 0.7688882773624772 0.2963996969236242 0.044804566937884614 0.06508464451560983
2 0.7188882773624773 0.29669058841417206 0.044804566937884614 0.06508464451560983
2 0.869792358095172 0.2981571187629889 0.04480456693788497 0.06508464451560983
25 0.5163364874483856 0.30880983509452237 0.06100277702379309 0.07611304810640611
2 0.7716248530067892 0.37844003728270387 0.044804566937884614 0.06508464451560991
2 0.8740095465843541 0.3786258687629889 0.04480456693788497 0.06508464451560983
2 0.8216657965843541 0.3789303957921561 0.044804566937884614 0.06508464451560983
2 0.7208845465843542 0.37951672395279146 0.044804566937884614 0.06508464451560991
24 0.07648717265820738 0.5200261536889921 0.10740082146044047 0.18650564744247616
9 0.9199832482467485 0.5759821369133615 0.16003350350650294 0.055787433448633905