9 0.09140625 0.115625 0.059375 0.23046875
24 0.27578125 0.0921875 0.16796875 0.18359375
18 0.5234375 0.25 0.1015625 0.04921875
18 0.80703125 0.05078125 0.11015625 0.05
23 0.7046875 0.15390625 0.05546875 0.0328125
23 0.70390625 0.1890625 0.05546875 0.0328125
23 0.70390625 0.234375 0.05546875 0.0328125
23 0.83828125 0.23359375 0.05390625 0.0296875
23 0.8234375 0.3078125 0.02109375 0.0765625
23 0.8546875 0.3125 0.021875 0.0765625
12 0.771875 0.2859375 0.028125 0.1109375
12 0.72578125 0.375 0.06953125 0.03515625
12 0.66640625 0.42578125 0.02578125 0.1109375
6 0.896875 0.3 0.0234375 0.075
6 0.95859375 0.30078125 0.02109375 0.07421875
6 0.9953125 0.30078125 0.00859375 0.07421875
24 0.95 0.08515625 0.1 0.16953125
12 0.03515625 0.4046875 0.02734375 0.1109375
23 0.0671875 0.41484375 0.0203125 0.07578125
6 0.12421875 0.4109375 0.02421875 0.07421875
6 0.16953125 0.409375 0.02109375 0.075
6 0.20625 0.41015625 0.021875 0.07578125
6 0.25546875 0.40390625 0.02109375 0.07421875
12 0.3390625 0.38125 0.02578125 0.1078125
12 0.4 0.4671875 0.0265625 0.1109375
6 0.42890625 0.47265625 0.02265625 0.075
19 0.53203125 0.47421875 0.1703125 0.234375
1 0.1921875 0.69375 0.3078125 0.42578125
12 0.0046875 0.76328125 0.00859375 0.03515625
6 0.40390625 0.66640625 0.0515625 0.03203125
6 0.40390625 0.70234375 0.05390625 0.03203125
12 0.40703125 0.78359375 0.071875 0.0359375
4 0.5234375 0.71796875 0.08359375 0.1125
6 0.634375 0.47265625 0.02265625 0.075
6 0.72578125 0.41875 0.05234375 0.03125
25 0.72265625 0.4625 0.03828125 0.053125
6 0.72578125 0.58203125 0.053125 0.0296875
6 0.72734375 0.65 0.05390625 0.0328125
25 0.72421875 0.74921875 0.040625 0.0546875
23 0.68984375 0.84140625 0.0203125 0.07578125
23 0.72265625 0.840625 0.0203125 0.07578125
12 0.77421875 0.85 0.02421875 0.096875
1 0.89296875 0.5765625 0.2140625 0.421875
12 0.0234375 0.95078125 0.046875 0.0359375
6 0.07734375 0.96171875 0.02109375 0.075
6 0.12890625 0.9609375 0.02109375 0.07421875
6 0.16953125 0.96171875 0.0203125 0.07265625
6 0.203125 0.96171875 0.021875 0.07265625
6 0.25 0.97109375 0.021875 0.0578125
23 0.28828125 0.9625 0.0203125 0.075
12 0.33828125 0.96171875 0.028125 0.0765625
6 0.4046875 0.8671875 0.053125 0.03203125
23 0.83359375 0.85078125 0.0234375 0.0765625
6 0.8671875 0.8484375 0.02265625 0.07265625
6 0.896875 0.8484375 0.02109375 0.075
23 0.92734375 0.8484375 0.0203125 0.078125
6 0.95625 0.84921875 0.02109375 0.071875
6 0.98828125 0.85 0.021875 0.075
12 0.87578125 0.96328125 0.0671875 0.03515625
23 0.8890625 0.99140625 0.0546875 0.0171875
23 0.72265625 0.99296875 0.0546875 0.0140625
1 0.9734375 0.9765625 0.053125 0.046875
12 0.98671875 0.921875 0.0265625 0.03515625
8 0.96328125 0.0125 0.07265625 0.025
8 0.70546875 0.15234375 0.01953125 0.0203125
8 0.70390625 0.18671875 0.0171875 0.0203125
8 0.70546875 0.234375 0.01796875 0.01875
8 0.8390625 0.23203125 0.0171875 0.01875
8 0.82421875 0.303125 0.0125 0.02265625
8 0.85546875 0.31171875 0.0125 0.02578125
8 0.278125 0.01796875 0.12109375 0.0359375
8 0.28046875 0.1546875 0.05703125 0.028125
8 0.06640625 0.41328125 0.01328125 0.02421875
8 0.1890625 0.66875 0.21640625 0.265625
8 0.92734375 0.84765625 0.0109375 0.02890625
8 0.7234375 0.840625 0.0125 0.025
8 0.6890625 0.8375 0.0109375 0.025
8 0.83359375 0.84765625 0.01484375 0.02890625
8 0.9171875 0.6046875 0.16484375 0.2375
8 0.9890625 0.996875 0.02109375 0.00625
8 0.8875 0.99453125 0.015625 0.0109375
8 0.721875 0.9953125 0.01640625 0.00859375
8 0.28828125 0.9625 0.01328125 0.025
19 0.41796875 0.24921875 0.040625 0.04765625
19 0.703125 0.0515625 0.0375 0.05