9 0.22341296471195243 0.3412599501774852 0.06487430605504292 0.40756945253973803
9 0.22983951877781306 0.8220715653793909 0.06437431938254319 0.3558568692412184
9 0.4255225467456782 0.5966543222246694 0.08489009810626787 0.7854588395630465
9 0.6614418654121328 0.6033309412766286 0.08489009810626787 0.7854588395630465
9 0.8919795093491356 0.14750756032858783 0.06208401869827114 0.2348859206885725
23 0.913565250039771 0.3247521066077235 0.025436899347544895 0.10553323738612833
2 0.9549533187062256 0.3246355447194912 0.04297838800922662 0.06944196996293313
4 0.9470964600572701 0.454776912505506 0.08496644068268111 0.12088790807470069
6 0.9759627063673507 0.5511534047009577 0.04807458726529852 0.03388641587924912
23 0.9767827285367483 0.5910244365521231 0.0464345429265034 0.03307788402808356
6 0.9773372592098845 0.6863096547009577 0.045325481580231045 0.033023320325752795
6 0.9768787278803159 0.7394073728497924 0.04624254423936804 0.02839038402808356
12 0.9730885207172818 0.7971107454451307 0.053822958565436355 0.03733879809323426
12 0.9952731507300084 0.9837072831807234 0.009453698539983079 0.03258543363855324
8 0.9127294560391345 0.3200373247565581 0.013626695337363515 0.030151291469812234
8 0.978356645408951 0.5909698728497923 0.016615335335772842 0.01854166887447395