6 0.9779867226375227 0.3470659001193253 0.016389639868663153 0.0748009468568469
6 0.9009804873368438 0.38185396897824414 0.055584936680159916 0.034541973945152016
12 0.8456412121220731 0.406686995033092 0.032089882971258275 0.1067059183207995
24 0.8924121500454285 0.12692887447876217 0.2143535063315781 0.17910111083442026
9 0.2554753940525347 0.04165892286891354 0.2179145183173657 0.06860025847705539
9 0.3400076085494571 0.550475188998964 0.6098307756649965 0.8990496220020721
1 0.9252523897571215 0.6210641722452318 0.1111720318850331 0.4260231526050339
6 0.8283331241532894 0.6024532593011157 0.0564071302577247 0.035359611248705035
6 0.8262450016974807 0.6422970093011158 0.05496746099041942 0.03763058664159917
12 0.8207176187262224 0.7477657593011158 0.07153748530067894 0.04151972001621065
6 0.8269366412274597 0.7934785196401979 0.0530774123699004 0.03130781203449331
23 0.6863680314348072 0.4869823089296122 0.05624335594746519 0.03223461124870504
23 0.6848154975136092 0.5315499462331651 0.05476274310259512 0.03372433664159917
6 0.6816185764372815 0.5776073089296122 0.05546210594746537 0.03219822394515202
12 0.6870563489385187 0.6232836819651415 0.07141465456798421 0.03917597001621065
23 0.6768691214397559 0.6682323089296122 0.0562024123699004 0.031453361248705035
23 0.6728909503634283 0.7142532843225065 0.05389960594746519 0.032125449338046154
23 0.6145605512225109 0.6018945254311662 0.03038021879233561 0.02947133023145838
6 0.9375255811869799 0.8949575905660314 0.025764639868663154 0.07523759449948209
1 0.890226778043905 0.9971304233332929 0.11886286465389233 0.005739153333414038
12 0.9305928284734464 0.9674682913518197 0.04324871099041942 0.037084777088305286
12 0.876304798170293 0.9124682681924557 0.07215496099041943 0.038431107319763666
6 0.872903159206141 0.962431880888903 0.05389960594746519 0.032125449338046154
2 0.7231111991202328 0.965948889834847 0.04336489767057934 0.06810222033030619
29 0.7648449977407518 0.942594338294229 0.05638055404758582 0.11481132341154207
23 0.6075271426977976 0.954072262715583 0.028842052238563554 0.09185547456883399
8 0.908719902758962 0.054854821335609004 0.1825601944820761 0.03344185442427945
8 0.9409448253056277 0.18714293651325545 0.05665611374938138 0.025239748552257923
8 0.9433096709647859 0.650098854834055 0.06244684757972223 0.23982878742738745
8 0.6857096121675017 0.48460217162605923 0.017388895861557074 0.019514133374611477
8 0.6824308039360443 0.5322220343225064 0.017347952283992284 0.018732883374611476
8 0.676828177862191 0.6690135589296122 0.017388895861557074 0.019514133374611477
8 0.6153418012225108 0.601930912734719 0.016443871551297562 0.016352746071058633
8 0.6736722003634282 0.7142896716260593 0.01574450870642714 0.017878858767505612
8 0.6068687234304923 0.9578726976809072 0.0155774123699004 0.02956122146395259
8 0.7619280376548435 0.9568435924815347 0.017119980212296326 0.0863128150369306