6 0.7495496206467864 0.043525561410811556 0.02277575870642714 0.018206344499481997
12 0.6608589348711377 0.047226296109330615 0.029844630257724703 0.03412244292790543
4 0.5785200684082227 0.13893645305759067 0.09211998021229632 0.12197135339082213
2 0.8457960996158871 0.17957868547979813 0.04480456693788497 0.0667722770883052
2 0.7950557931934521 0.1764322607488578 0.044804566937884614 0.06677227708830524
2 0.7457142124607575 0.17648361062502327 0.044804566937884614 0.06677227708830524
2 0.6941517124607575 0.17408204859052998 0.044804566937884614 0.0667722770883052
2 0.8422782739715753 0.2616463227833511 0.04480456693788497 0.0667722770883052
2 0.7923192175491401 0.2585362853559636 0.044804566937884614 0.0667722770883052
2 0.7414970239715751 0.25695236062502325 0.044804566937884614 0.06677227708830528
2 0.6915789111267049 0.2530610731976358 0.044804566937884614 0.06677227708830528
2 0.838020141904828 0.3428963227833511 0.04480456693788497 0.0667722770883052
2 0.7865804726375227 0.3381510107488578 0.044804566937884614 0.06677227708830528
2 0.7373617226375228 0.33585861062502326 0.044804566937884614 0.06677227708830528
2 0.6873617226375227 0.3335298231976358 0.044804566937884614 0.06677227708830528
2 0.8338029534156458 0.42336507278335106 0.04480456693788497 0.06677227708830528
2 0.7815001469932108 0.42014587344530485 0.044804566937884614 0.06677227708830528
2 0.7315001469932108 0.4178170860179174 0.044804566937884614 0.06677227708830528
2 0.6815001469932108 0.41548829859052994 0.044804566937884614 0.06677227708830528
25 0.48534884328430916 0.33273564888098023 0.06100277702379309 0.07843752315936374
23 0.11056900780191611 0.012198247104515876 0.05542448439616776 0.01660961124870501
23 0.2768933706467863 0.021511242761289687 0.05558825870642732 0.019734611248705007
23 0.19002081241532895 0.06523766397757338 0.055543993102595036 0.03376072394515208
23 0.2743814450479029 0.18898984118971313 0.023502777023792998 0.0766909325888232
6 0.1880555206922149 0.1027376639775734 0.05468085594746528 0.032161836641599176
6 0.10354440185445084 0.041631035979645375 0.05328213025772479 0.0352140620344933
25 0.08801125508838266 0.0839812018192456 0.041682888964152065 0.051819365177646425
25 0.08386930970179547 0.1331271772121397 0.04225942107632767 0.047949502481199335
25 0.08219394504790292 0.18003856451569267 0.04086069538658719 0.051001727874093516
7 0.18309802578059756 0.18238877667402048 0.10071373021229624 0.12237161372990438
23 0.2697990863869042 0.29136997849326607 0.024324970601357875 0.07750856989237613
1 0.02655226410560878 0.09576841832079958 0.05310452821121756 0.19075558664159914
24 0.03782536903600643 0.5226049001238344 0.07565073807201286 0.19048591294411601
23 0.9927363766396802 0.1104563120299841 0.011043720601357877 0.07688998573197633
23 0.9881540179786814 0.21283644933353701 0.010262470601357876 0.07685359842842346
23 0.9827085221625529 0.31674269933353705 0.010262470601357876 0.07685359842842346
23 0.9773449135015542 0.419086449333537 0.010262470601357876 0.07685359842842346
9 0.8750067282917323 0.6234228848178444 0.1919285504295413 0.06349322745980875
21 0.2727725209193575 0.5335039745643246 0.1448189343053107 0.19067000351465674
8 0.0012479696689612742 0.22845248573197638 0.0024959393379225484 0.015498721463952769
8 0.0107421875 0.066915672249741 0.021484375 0.13379495719592907
8 0.11233622568974048 0.008364771711621732 0.015952548620519025 0.006977746071058574
8 0.19080206241532893 0.06527405128112632 0.016689533016686787 0.021040246071058588
8 0.278578701379481 0.01924026736839555 0.01784259724103805 0.013300520678164429
8 0.1798911386254678 0.18380572745980875 0.0865793091359686 0.07573205417661048
8 0.27466805009085704 0.1835210911897131 0.013810194482076099 0.025582196856846862
8 0.26984002996446904 0.29058872849326606 0.013069888059640888 0.026327059553293886
8 0.2710053030315331 0.5373374499572188 0.12184177973732649 0.1537500463187275
8 0.02291079828183474 0.4523822913563288 0.04582159656366948 0.02976458271265763