9 0.10071564011772187 0.8682514921954517 0.062465826702725644 0.2634970156090965
12 0.3154384747374058 0.5318973630615094 0.1288704346753633 0.06853672359113006
25 0.35239248738858836 0.4191716737686154 0.05790395401018138 0.07699157513507622
9 0.31762932542963196 0.7201786130615095 0.2053238466740906 0.061835345005342116
23 0.2208826894493583 0.8620535998146656 0.02118520401018138 0.07570932813030104
23 0.25057018944935827 0.8630903101589518 0.02118520401018138 0.0757093281303014
1 0.29037757678226744 0.8613566845683887 0.0406710006763177 0.0724851244094367
19 0.3325378047819493 0.8604861545313216 0.02273861334340861 0.07498264183263217
25 0.4433623853834977 0.3848636503549705 0.03424827800763595 0.05742311960011346
12 0.42452312074313286 0.577877040373504 0.052490295353271856 0.1486483203257528
6 0.4822805294000424 0.508048179210911 0.023501682009863245 0.07344742368379738
12 0.43567134810626784 0.7977083907363236 0.027844284014953757 0.11108383293962465
6 0.4693287327736769 0.804350260336437 0.021921000676317703 0.07183035998146643
28 0.7485895187778131 0.8445586312024949 0.13416700934913575 0.12104416469812271
23 0.5056805720480433 0.3714211984482047 0.021975544676954152 0.07651785998146651
23 0.5383930747135433 0.3639732861971527 0.019404528007635945 0.05690476442797028
23 0.5876027340467707 0.3649107928205747 0.02333805000795408 0.05938492368379737
23 0.7635112533815887 0.3819867093327959 0.02196645401018138 0.07573660998146661
23 0.7939709127148159 0.3822694515282476 0.01884145401018138 0.07562748257680481
6 0.7493316693984516 0.5056598223094874 0.021939182009863244 0.07339285998146643
1 0.8989618553667938 0.6523860332867458 0.20207628926641236 0.2635069724100038
12 0.7619963960852688 0.6544792682258034 0.03734655334977184 0.12234871515360979
1 0.5813821954169052 0.6356771606065895 0.24286185136854394 0.26775052830778634
12 0.6324617953930427 0.4617510764858386 0.12645395934118148 0.0622048780376339
12 0.5813020214433131 0.8301265650530933 0.1548607700111358 0.08740577467958914
12 0.8623129273949518 0.48383444072847437 0.12970622867599957 0.07325150544229561
2 0.9572794347151341 0.39031510842182204 0.03965339334022673 0.05214534255827141
12 0.9924412711946917 0.4798786054265971 0.01511745761061647 0.06552579627913566
12 0.9133514527768586 0.8432838517984 0.17053122334499946 0.09185766170289789
1 0.6306623907144978 0.3742237946346732 0.041179530673136 0.04907490626060227
8 0.30521859006999674 0.5260739489963588 0.0520715773392725 0.04555060217691818
8 0.22087359878258556 0.8612723498146655 0.014353401336727068 0.02549107332097762
8 0.25134234878258555 0.8623363420101173 0.012009651336727068 0.025409227767481467
8 0.763502162714816 0.3812054593327959 0.011319308004454243 0.033194445916316
8 0.7931987533815887 0.3830234196770822 0.012863626670908878 0.03168650961864685
8 0.8442441800604519 0.4746132081516696 0.02869771200668154 0.050200896641955414
8 0.5064254593809523 0.3683234802993701 0.015180104670590744 0.02942460517214318
8 0.5885476160486796 0.3790005746717401 0.013535788669636162 0.022338791469812234