17 0.9300317429910534 0.6643604079772082 0.09059950305221776 0.30114943114108106
6 0.9665136341029121 0.3418325905660314 0.04547403154634892 0.19851242865988175
25 0.6855680127787571 0.7712310303935649 0.09006283525525038 0.1273309414801634
25 0.5840873999338869 0.7649381809316842 0.0886641095655099 0.13038316687305757
25 0.5924775113084191 0.5899017936281312 0.08850033525525056 0.12725816687305755
6 0.8058539365686184 0.6577935767122925 0.029667567842395926 0.09022689371369381
6 0.7716050893275803 0.6687289226595166 0.035337713703953 0.10919521753501123
18 0.7966913777713339 0.503868056034128 0.08807096732199753 0.20828984305173998
9 0.359781197988579 0.5469543525622527 0.11898677464894378 0.23311006058675118
24 0.3227471082107728 0.7903575961521119 0.07996189620024126 0.24687930810555195
19 0.14883148914586614 0.766235083746115 0.29766297829173227 0.36997016749223005
9 0.8014496353461075 0.08431753535596363 0.330694479307785 0.10892350558157127
1 0.3125 0.22158617142117149 0.625 0.44317234284234297
8 0.0638671875 0.10064000889134014 0.127734375 0.20124363047912736
8 0.1710384390550091 0.1285724179065148 0.10479812188998179 0.24491870181924558
8 0.25996482021724504 0.07554377129733697 0.035539109565509895 0.12790883023145835
8 0.4986964495704587 0.07804814888098023 0.10425813206674697 0.08590757485477488
9 0.7371116598835096 0.5050088709641055 0.050652854477127106 0.20810575248119942