25 0.702984479873612 0.14003453432250634 0.09240658525525039 0.12744010339082218
18 0.40890693125309296 0.13260290818660514 0.11265488749381411 0.23125646215832782
4 0.18238537483065786 0.12126934015625582 0.1359109237898611 0.12479029238978616
25 0.1875940959978426 0.24603389970954975 0.0886641095655099 0.13038316687305757
18 0.1035765428547678 0.36977530665780983 0.063234741632257 0.21025044933804615
9 0.5175737658309749 0.4650237640586267 0.11059442051050077 0.251423412944116
9 0.5063994911820311 0.6931851513621796 0.11224545171816516 0.22344396215832774
9 0.49711526515360627 0.9012966537932844 0.11545233887329509 0.19740669241343128
24 0.8356896800098976 0.402307710086904 0.1567224700355311 0.283966239246633
24 0.823058046699955 0.7329947839082216 0.15553178425988215 0.2761173519430802
24 0.8152201339913704 0.9653506533789995 0.14853707654882306 0.06929869324200091
9 0.2894587319097769 0.4990390833318303 0.12269935210227807 0.36343326137253945
9 0.27427863071201003 0.833523245242489 0.11979568012143922 0.2931571486760923
2 0.6733811097926525 0.3313123517336831 0.04620661465389268 0.04891268899896399
2 0.6614455173013128 0.6487181755550007 0.051221663274411536 0.055381012820281586
2 0.6463473032586757 0.9766113310054241 0.04895980042954129 0.046777337989151846
23 0.6704807598380811 0.41654137634078897 0.05113977611928178 0.053818512820281585
23 0.6660588534610744 0.500916376340789 0.049741050429541286 0.05687073821317572
23 0.6569826673467414 0.7338744255550007 0.050976001809022266 0.05069351282028158
23 0.653754768771651 0.8253534501621065 0.049577276119281775 0.05374573821317554
8 0.8331080760985973 0.8102122553721743 0.0340275192218769 0.08419521753501122
8 0.847053225916883 0.4694053188544096 0.031438107756487456 0.07939855562435252
8 0.6695114020815934 0.49481192555500064 0.018415807326946164 0.02423802067816432
18 0.06451404285476782 0.36795594148016336 0.063234741632257 0.21025044933804624
18 0.02896602541301303 0.36461046360606986 0.05793205082602606 0.21025044933804615
18 0.01091538825788328 0.36646190798171735 0.02183077651576656 0.20944992865988182