2 0.3248738372607717 0.2956006646244565 0.04593323821317572 0.0473840773392725
18 0.9702799112380097 0.35139120520373324 0.059440177523980606 0.20842157467377245
24 0.16219620884855893 0.36080913598027364 0.1551049927612897 0.2789982513526355
18 0.8943002334556649 0.3538536812142327 0.062022772745078926 0.20842157467377245
18 0.9333627334556649 0.3533991478755966 0.062022772745078926 0.20842157467377237
18 0.9883214358451156 0.3541980318666879 0.023357128309768882 0.20822158000477256
23 0.32727755334804093 0.38077509595800196 0.05083906203449331 0.05212612133990877
9 0.4798610519002988 0.43449843793763926 0.10915463792272533 0.2480113333465903
23 0.3312073821317572 0.46515009595800194 0.049422111248705033 0.055232940006363404
9 0.7077163782028159 0.47640248524032247 0.12060802233079429 0.35980280868077213
2 0.33495958250326074 0.6128427086250928 0.05091183664159917 0.053688621339908774
9 0.48970489453775395 0.6626325286044119 0.11096969499482015 0.21992269601368122
24 0.17290053825144774 0.6913324299809099 0.1539598697257604 0.2711766606858628
23 0.33892579859052996 0.6979989586250929 0.05069351282028158 0.04900112133990877
23 0.3416206131062226 0.7894233899586383 0.04927656203449331 0.05210794000636341
9 0.7209463941234693 0.8108047572406406 0.11811441501103062 0.2894993993475449
9 0.49769513874678584 0.8845348006047302 0.11416746960192584 0.2215215586807723
2 0.34811682381680836 0.9456824806254112 0.048640861248705036 0.05522384933959046
24 0.17925766190614958 0.945302314648319 0.14791742328319835 0.10791359201940835
4 0.8169585217116218 0.10305479722314144 0.1352183701400449 0.12025905068427192
18 0.5904324090151747 0.11016996929703575 0.11133356803034929 0.2203399385940715