9 0.8559523496158873 0.18005172042598622 0.18497030076822546 0.28761993217453846
9 0.7802364608788778 0.6534677956950459 0.3763267203742151 0.5186452619917119
2 0.6919873518791947 0.9745688532861237 0.04661605042954129 0.050862293427752545
23 0.6365595454567596 0.9732680071841064 0.04731541327441171 0.053463985631787024
10 0.5652056823847468 0.54242532609312 0.07552670171816533 0.22173375889134023
6 0.6268214495704587 0.08401566666366053 0.0336557049975255 0.09197133023145836
6 0.5751737403890615 0.06829646732561431 0.04879602611928178 0.05370935090962279
9 0.4343950163968017 0.6624209948282043 0.11031113749381394 0.23114730024766902
25 0.46504971562857617 0.9414486188470963 0.08981717378986112 0.11710276230580732
25 0.3792759899388357 0.9363768981070144 0.08545722241038015 0.1272462037859711
12 0.45502617820087526 0.4331337551672865 0.18386482417397385 0.2665261821745384
12 0.4629835996158872 0.16174890673886305 0.18340780076822566 0.2875471575674326
19 0.28453777928710056 0.7423717063673596 0.04871413896415202 0.0521468509096227
19 0.3003099434660232 0.6655737659206535 0.029831342152655437 0.09335189371369382
23 0.27366555631089345 0.6658990975998539 0.028886317842395925 0.09019050641014079
23 0.2860670590244269 0.5936431079389362 0.04871413896415202 0.0521468509096227
23 0.3131042718238687 0.511104589741971 0.035136317842395834 0.09048160483856424
6 0.31653356626051615 0.4008391778313123 0.028968204997525594 0.0917530064101408
23 0.2877501469932108 0.3971490975998539 0.03201131784239584 0.09033605562435251
19 0.259543259838081 0.39740165467194843 0.03217509215265535 0.09346105562435252
1 0.2427098846687389 0.5093922324222075 0.08250264077317437 0.10203984305173996
6 0.2103743402320914 0.6183113141014079 0.03521820499752559 0.09204410483856425
6 0.21139568690730254 0.4045570291552198 0.028886317842395835 0.09019050641014079
23 0.12946293419376906 0.4735745487999269 0.061955524648943786 0.23045378742738745
28 0.11973165083839803 0.7190325980141387 0.1247963613745322 0.18038532092583354
6 0.166452758367743 0.21607241790651482 0.10256947930778511 0.09829841294411609
10 0.05957423733684384 0.34266484305173994 0.07231981456303549 0.2200257096771284
17 0.03434543475858112 0.6217144882131758 0.06869086951716225 0.3019863391227986
6 0.0026331374380431944 0.2964576230355293 0.005266274876086389 0.19760274607105863
8 0.24571205393604428 0.5118815316364191 0.04064933344622812 0.07671020326698752
8 0.2745286934660232 0.6643729849034068 0.012820904567984215 0.03644692224974104
8 0.1316019663059447 0.4775899607105858 0.03550148801421238 0.11232021753501123