25 0.29140625 0.10703125 0.0859375 0.1234375
18 0.58515625 0.11328125 0.10078125 0.2265625
4 0.81171875 0.1125 0.1296875 0.11875
25 0.8 0.23671875 0.08203125 0.1265625
18 0.87734375 0.3640625 0.05234375 0.2078125
9 0.459375 0.43984375 0.09765625 0.246875
9 0.45859375 0.66796875 0.10078125 0.21875
9 0.45625 0.88984375 0.10390625 0.2203125
24 0.1453125 0.3625 0.1421875 0.27734375
24 0.140625 0.69296875 0.14140625 0.26953125
24 0.13515625 0.946875 0.14296875 0.10625
9 0.68515625 0.484375 0.10390625 0.35859375
9 0.6828125 0.81875 0.1046875 0.28828125
2 0.3109375 0.29921875 0.04375 0.046875
2 0.30625 0.61640625 0.0484375 0.053125
2 0.30390625 0.94921875 0.04609375 0.0546875
23 0.309375 0.384375 0.0484375 0.0515625
23 0.309375 0.46875 0.046875 0.0546875
23 0.30625 0.7015625 0.0484375 0.0484375
23 0.3046875 0.79296875 0.046875 0.0515625
23 0.99609375 0.72890625 0.0078125 0.090625
8 0.1265625 0.76953125 0.0296875 0.0828125
8 0.13046875 0.42890625 0.02734375 0.078125
8 0.30625 0.4625 0.0171875 0.0234375
18 0.91640625 0.3640625 0.05234375 0.2078125
18 0.9546875 0.3625 0.05234375 0.2078125
18 0.98203125 0.365625 0.03515625 0.2078125