17 0.9672193160929092 0.43091123755992716 0.06556136781418154 0.3015868334462281
6 0.9945620430126635 0.755372326999049 0.010875913974673069 0.19871746099041943
25 0.7349148053606578 0.30045469640263994 0.08862344269935693 0.1278184627994417
25 0.6334159723568522 0.29669453131920615 0.08718827669174586 0.13086157564431194
25 0.639765425930624 0.4716535877416412 0.08706094269935694 0.12773657564431212
6 0.8538159970714314 0.4251824587271118 0.028629018783080086 0.0903726944820761
6 0.8197129111018764 0.41092188489182224 0.03408052273741298 0.10936835594746519
18 0.8428678626984819 0.5774067000206846 0.08568412650146513 0.20874091417892265
9 0.406695599352609 0.4914017644721785 0.11632663144438116 0.23373427012638803
24 0.37251296444818677 0.2456012635676673 0.07711955140632512 0.24727114767057934
19 0.17389905091203348 0.25000440128862395 0.3425774081361269 0.3718838025772479
9 0.8389712413963736 0.9699221026959904 0.3220575172072529 0.06015579460801916
1 0.34481100056865366 0.79296875 0.6418717539915136 0.4140625
8 0.10083019030226108 0.9023539858943913 0.13530212452429896 0.19529202821121744
8 0.2131882688574424 0.8831267605154496 0.10199221741393627 0.23374647896910083
8 0.3014496142185377 0.9432390147272065 0.03406327669174569 0.11352197054558708
8 0.5400810326976069 0.9641764439162491 0.10331068380210837 0.0716471121675017
9 0.7833336952079959 0.570388738125754 0.04824779349765969 0.20833812245580868