2 0.28238285220681536 0.7062086842511176 0.0456600098858317 0.047638659090609534
18 0.9287113655526884 0.6541641322986578 0.06081146049385424 0.2087261635548364
24 0.11933636555268827 0.6400364391223816 0.15348839182450447 0.2798256420444808
18 0.8514312825488826 0.6512515921206159 0.06081146049385424 0.2087261635548364
18 0.8904937825488826 0.6519334305943744 0.06081146049385424 0.2087261635548364
18 0.9561824495450771 0.6515164192302887 0.04362396049385424 0.20842615462638267
23 0.28429020349940975 0.6210251607121673 0.050538510874414924 0.052407979707460584
9 0.43655038186431067 0.5681746704513999 0.10771563539871387 0.24857959618439623
23 0.2877282212939069 0.5366501607121673 0.04910334486680377 0.05550570616851012
9 0.6641461412558508 0.5275844468297242 0.11851782562661288 0.36040744034019756
2 0.2906197524342769 0.3889393636342666 0.0506021778706093 0.053970479707460495
9 0.4450645133086918 0.34003603368192475 0.1096946294672149 0.2205091432622969
24 0.12811443524780208 0.3094858685055306 0.15238880684353254 0.27199950527500577
23 0.2940896037268712 0.3037831136342667 0.05041117688202608 0.04928297970746058
23 0.9850475261602731 0.28848063108084177 0.011505185779274996 0.09076136769475171
23 0.2962516230042431 0.2123495900953163 0.04897601087441492 0.052380706168510205
9 0.6754271284414506 0.19316853652129856 0.11643406079786515 0.29010857710967275
9 0.45176147676829537 0.11812012337349927 0.11288329646340926 0.2221261903401976
2 0.30183707262368226 0.05608595332584112 0.04832209486680368 0.05549206939903502
24 0.1329915721293907 0.055484161119204414 0.1472981057412186 0.10874552881395612
4 0.7755558961615856 0.9016686034847016 0.1345261917107738 0.12101370373287815
18 0.5490252296596829 0.891385934352877 0.11001296444818678 0.21722813129424595