23 0.6956705050172779 0.8487826537750148 0.059347119581383015 0.17461821969684657
9 0.616347760948777 0.8726904652858327 0.11530795950527092 0.20873427012638784
1 0.5442486319758538 0.6529677855030777 0.03314276384016459 0.06722179952503016
6 0.49389580490354723 0.6799530093837959 0.04020850593149916 0.03017217887824373
25 0.3524099363479284 0.9001758989137748 0.08146485870696818 0.12432497060135787
25 0.13951068832509472 0.8983733022385636 0.08290002471457933 0.12128185775648745
25 0.04879018783080315 0.8912800972410381 0.029584023725996188 0.1138101944820761
9 0.26414729650059027 0.628153734734852 0.3623328567298018 0.12968965852471329
23 0.9944436904750447 0.3229692627746978 0.011112619049910677 0.09168953301668684
23 0.9694808063492409 0.31742526967210277 0.03019151878308044 0.09045458163720585
8 0.6934395015572369 0.8322945166198851 0.020179848821136482 0.07433825870642714
8 0.9720155573378241 0.3222356004047974 0.013709672927693362 0.03034259724103805
18 0.9830051190963868 0.691476923335576 0.03398976180722642 0.21055571969684655
18 0.7379004728883248 0.6989774055840371 0.041030859695551314 0.12688340456798422
18 0.701054388895936 0.693928057438488 0.04063161167271758 0.13621746099041943
18 0.6643356388959359 0.6920037092929388 0.04063161167271758 0.13621746099041943
18 0.6245873893902276 0.69225933683713 0.048490532623244674 0.15689845318850323
9 0.8643528849416032 0.6837762087271118 0.22448002965749508 0.15208920171816515