25 0.7449794383250947 0.9301045748513423 0.09096719269935694 0.12794129353213607
18 0.45097477034031713 0.8962688394670073 0.11001296444818678 0.20746232106598547
4 0.2244441038384144 0.8973674021931352 0.1345261917107738 0.12554663387576923
25 0.23110132764096028 0.7737628058566083 0.0871882766917457 0.1308615756443121
18 0.14856871745111735 0.6423656416776855 0.060811460493854066 0.21055571969684675
9 0.5634496181356894 0.5884892056748942 0.10771563539871387 0.2519929471956095
9 0.5549354866913082 0.36040514925245903 0.1096946294672149 0.224031721505869
9 0.5482385232317046 0.13865297998515363 0.11288329646340926 0.22575799581612851
24 0.8806636344473115 0.6822922738559744 0.15348839182450433 0.2847954811168073
24 0.8718855647521979 0.35206918532136355 0.15238880684353262 0.27694203753924257
24 0.8670084278706092 0.09844954036431766 0.14729810574121843 0.1137426746943723
9 0.3358538587441492 0.5321252617586449 0.11851782562661288 0.3640392458161285
9 0.3245728715585494 0.1978730924913396 0.11643406079786525 0.2937676893936934
2 0.7176171477931845 0.7368934854122206 0.0456600098858317 0.049167840343633175
2 0.7093802475657232 0.4199516468776098 0.05060217787060939 0.05566350180902226
2 0.6981629273763177 0.08726197761030445 0.048322094866803764 0.057103171076327675
23 0.7157097965005903 0.6518191225673503 0.05053851087441501 0.05410100180902226
23 0.7122717787060932 0.5674441225673503 0.04910334486680377 0.057144114653892686
23 0.7059103962731287 0.3347953968776098 0.05041117688202625 0.050976001809022266
23 0.7037483769957568 0.24347103403273956 0.04897601087441501 0.05401911465389251
23 0.014952473839726924 0.2712984678878244 0.011505185779274707 0.09103443577564878
8 0.8828283819386726 0.27624366971753134 0.033061850798302574 0.08436835594746536
8 0.8928015371090501 0.6166639518297069 0.030527099809719616 0.07955802521477065
8 0.7156514466908707 0.5738578968776098 0.01814250494291585 0.02433825870642714
18 0.10950621745111735 0.6403184627994417 0.060811460493854066 0.21055571969684655
18 0.07128863444731173 0.6398747274987627 0.060811460493854066 0.21055571969684655
18 0.04381755045492295 0.6353167022839921 0.043623960493854065 0.20965496099041941