9 0.45625 0.00078125 0.10390625 0.0015625
24 0.13515625 0.0828125 0.14296875 0.165625
24 0.13203125 0.3671875 0.14375 0.27109375
9 0.14375 0.7171875 0.16796875 0.32421875
9 0.1375 0.9765625 0.1703125 0.046875
25 0.46484375 0.16796875 0.0859375 0.1203125
2 0.2984375 0.28359375 0.04921875 0.053125
23 0.30390625 0.034375 0.04609375 0.05
23 0.3015625 0.121875 0.04609375 0.05
23 0.29921875 0.371875 0.046875 0.0515625
23 0.2984375 0.459375 0.04765625 0.0546875
23 0.42734375 0.621875 0.04609375 0.0546875
6 0.2484375 0.8703125 0.0265625 0.090625
17 0.284375 0.89140625 0.04609375 0.0484375
6 0.29375 0.81953125 0.02578125 0.0921875
6 0.321875 0.859375 0.0265625 0.109375
6 0.5125 0.54921875 0.02734375 0.09375
6 0.540625 0.9046875 0.02734375 0.0875
6 0.5734375 0.9046875 0.03203125 0.1
12 0.53046875 0.9859375 0.16953125 0.028125
12 0.57109375 0.76328125 0.04921875 0.1671875
23 0.5125 0.7359375 0.028125 0.0890625
23 0.57109375 0.53515625 0.0421875 0.053125
23 0.571875 0.59375 0.04453125 0.0546875
23 0.571875 0.65 0.04453125 0.0515625
1 0.48984375 0.65 0.0625 0.0671875
1 0.41484375 0.85546875 0.15390625 0.26171875
1 0.6234375 0.85859375 0.0546875 0.1265625
6 0.66875 0.8703125 0.0265625 0.0875
6 0.69921875 0.87109375 0.025 0.0921875
9 0.74375 0.50390625 0.1078125 0.50078125
25 0.6484375 0.1640625 0.0828125 0.121875
25 0.7375 0.16328125 0.0796875 0.1140625
8 0.11953125 0.10625 0.03203125 0.078125
8 0.11484375 0.44921875 0.0296875 0.075
8 0.56875 0.5328125 0.01640625 0.0265625
8 0.56875 0.58984375 0.0171875 0.025
8 0.2953125 0.459375 0.0171875 0.0234375
8 0.2984375 0.11328125 0.01640625 0.0234375