9 0.38365223905122303 0.8494831716692159 0.11530795950527092 0.20499323741809833
23 0.304329494982722 0.8199535844132735 0.059347119581383015 0.1727886635548362
23 0.5599401664275406 0.8017429212621788 0.02784776878308044 0.08948523985373029
18 0.26209952711167517 0.6667643547058129 0.041030859695551314 0.1256272913958579
18 0.3754126106097724 0.6679604362797125 0.048490532623244674 0.15542388555165906
18 0.298945611104064 0.6642802828711459 0.04063161167271767 0.13498865462638268
18 0.335664361104064 0.6649212110364788 0.04063161167271767 0.13498865462638268
6 0.5061041950964528 0.6647690267820658 0.04020850593149916 0.02880683847375849
18 0.01699488090361326 0.6411431972400565 0.03398976180722652 0.2087261635548364
9 0.1356471150583967 0.6426665612813602 0.22448002965749522 0.14444329545304768
1 0.4557513680241462 0.6341814999967047 0.03314276384016459 0.06615683400953162
9 0.7358527034994097 0.6289072134688156 0.36233285672980176 0.11718314041962792
23 0.005556309524955215 0.27127102800317726 0.01111261904991043 0.09097955600635448
23 0.030519193650759058 0.267910248782184 0.030191518783080306 0.08952615016215582
25 0.8604893116749054 0.9086237613574951 0.08290002471457925 0.11855117694751698
25 0.9512098121691969 0.9078618766166148 0.02958402372599629 0.11293637662320535
25 0.6475900636520716 0.8955259232907737 0.08146485870696818 0.12164890340856652