9 0.8635814417686738 0.3784341355229365 0.23106913353734768 0.7133363889546558
6 0.4479542546969745 0.6073377562016992 0.14287482864272896 0.32392689647650313
1 0.24128150753957192 0.3798252069804867 0.15702062862861163 0.339157091382796
6 0.29885660203790365 0.6318567199126104 0.10262374203690498 0.07473923871722903
6 0.12401549673387954 0.6696652938109361 0.18118762876978595 0.19167433762187222
6 0.10561702332458747 0.38055732970431344 0.051887265643841204 0.15437526293212372
23 0.03544103121709525 0.38085519490629277 0.03912122611071517 0.21639788981258556
25 0.04085105510638008 0.16575303213245363 0.07000793408792755 0.13072481426490726
6 0.007834886803468076 0.04078412437317938 0.015669773606936152 0.08156824874635876
10 0.6352281995905944 0.44822248363615697 0.19806358660582396 0.253779532528165
6 0.27000793408792756 0.13654421991261043 0.1096927893919517 0.08898359514371963
6 0.16969014469597585 0.04783340940862688 0.2151615393919517 0.09205242234075062
13 0.4495882892507773 0.24705948574772804 0.13868858660582398 0.25205189647650317
6 0.48330532366340584 0.03590067689309713 0.20562764469597586 0.048879083860948545
23 0.6821145499858826 0.03466610048748897 0.07672909997176518 0.0318697771178887
25 0.3092165203408157 0.7561663981258558 0.12716028142885677 0.16124504005001228
8 0.63706371537561 0.4529554477427796 0.09219447625188941 0.06975622202418137
8 0.24311702332458748 0.3845581710871094 0.11673101564384121 0.15626202335696499
8 0.03217952332458747 0.37842051669304744 0.023990507821920602 0.07713080133278352