23 0.09202756229301616 0.9094204641066227 0.08243161035393447 0.18115907178675456
23 0.24089697277400757 0.9586509087984331 0.1526615393919517 0.08269818240313391
23 0.4095104648814997 0.9587394885027465 0.1560595551769673 0.08252102299450711
19 0.5856634412039765 0.9541576172470435 0.1732848525320138 0.09168476550591294
19 0.7561502464515308 0.9733144456977156 0.13231124203690497 0.05337110860456882
6 0.9640835325148664 0.9122406235809241 0.0718329349702671 0.17551875283815194
6 0.8856410544005083 0.9187155254020289 0.07020462613894977 0.16256894919594203
6 0.999693611528178 0.7316537269057324 0.0006127769436439223 0.08707410266556703
6 0.9703125 0.08370196021268497 0.059375 0.11266513605166188
6 0.9438864293957308 0.5126931267474479 0.11222714120853858 0.0939666118367672
23 0.727968707412515 0.5273537056603385 0.15747013673288102 0.11923103628908863
19 0.7189290944277447 0.34536791976696113 0.13367632096198284 0.09904055674305985
19 0.5456736049510884 0.34344640393184356 0.1741494025178966 0.12439590940862688
23 0.3745798549510883 0.33846808425666 0.16032212094786535 0.11463446450233405
23 0.20582985495108833 0.3335579607414104 0.16344712094786534 0.1147253927155795
23 0.06512853121709525 0.38171901293212374 0.08552578925077736 0.23646634890464338
19 0.7100517072713407 0.675018315847753 0.06883954721387227 0.16422763605166182
6 0.5433794177382147 0.7325627282258808 0.06938557878390342 0.17360263605166182
6 0.5309571995200073 0.5192814782258807 0.06208131299888784 0.16871054757185977
1 0.39756711782291926 0.6394084586298394 0.15649844190984813 0.20967417986259812
6 0.2306596098598243 0.7063051389546559 0.11699705517696728 0.09387568362352176
6 0.2228177468044667 0.5984471748480331 0.11281778939195171 0.08907452335696497
23 0.11990995257436618 0.06354332594338975 0.11477440251789646 0.122668273356965
23 0.7445771676676275 0.8125099556603385 0.15774315251789658 0.12391853628908862
8 0.7447136755601352 0.8148537056603384 0.04886941048099143 0.04899744114536908
8 0.39756711782291926 0.6394084586298393 0.09969543408792755 0.13158863229073817
8 0.7293946995200072 0.5250554197669611 0.04547139469597585 0.044219012932123644
8 0.3801851128435961 0.34097095862983934 0.05566544205102257 0.05855429757185977
8 0.4118920122365465 0.9761025747886762 0.05226742626600682 0.04779485042264753