9 0.08173101716874112 0.9939323278636893 0.10124504146981228 0.012135344272621395
12 0.4013713945734028 0.9948077628935504 0.05302579627913566 0.010384474212899165
1 0.7576313182572003 0.9756065973582988 0.1382291754978958 0.0487868052834024
12 0.3287969901268991 0.9911776726581337 0.0954042692372937 0.017644654683732598
1 0.5432414360432152 0.9827586283473874 0.0914806610699257 0.03448274330522523
6 0.6017905460246816 0.9650041911559551 0.03715774881887359 0.06999161768808974
1 0.6489383645363359 0.9558430140567363 0.06138642250267097 0.0883139718865273
12 0.5211680286014865 0.9436279391139237 0.05905259618646852 0.11274412177215254
12 0.4548163423038174 0.9413017196991321 0.05759922359113005 0.1173965606017358
4 0.22004203822013335 0.93087336597566 0.12294148139567848 0.10043837072531261
6 0.7331422389457728 0.9256144358828825 0.054062506623422026 0.05043706430454868
2 0.29338033449926904 0.9130332089655558 0.022440484390903313 0.06141027868534721
19 0.36684511635043443 0.9139612357510419 0.09347223620500192 0.10599738649288212
6 0.7895013663504344 0.9237986691653827 0.055570442921091076 0.048910931895728996
6 0.5306472107228044 0.8356758476426392 0.050828379218760135 0.047239329122187715
1 0.6129066392159253 0.8086607123840283 0.04283482994439965 0.06422680737069442
4 0.08413679847175237 0.7924440327694098 0.10650794954451306 0.0992752610179167
4 0.22484364402524867 0.79337336597566 0.12040675843752044 0.09491506933854162
4 0.37023798957874493 0.7944118019554518 0.12302332694917481 0.1027821207253126
12 0.7246353128997226 0.7885865613578478 0.10208334437236992 0.0843405920399654
2 0.15125237660205348 0.7736771553945834 0.02233135698624169 0.058285278685347205
2 0.2974006903043843 0.7755150251699655 0.022358638837407165 0.05906652868534721
2 0.44438481770904603 0.7758085787409379 0.020796138837406986 0.05903016109416672
6 0.6524800599044978 0.7501585345723617 0.03637649881887377 0.08046940321038214
6 0.6287523832254754 0.7355323369090631 0.014836315516429366 0.044840374525034754
19 0.37837292650938625 0.673408970933403 0.09487104509800943 0.10134625408406243
12 0.10652520836055171 0.6662997600679862 0.10270090326537736 0.07967127583555574
12 0.7363218357652135 0.6778308993137506 0.11646579210278443 0.1385377827694098
1 0.6232861224257022 0.6681629989531602 0.041272329944399645 0.06419043977951393
4 0.23128959538386024 0.6535659835668405 0.11987104509800935 0.10192813554295163
2 0.30387392351416137 0.6349263927611462 0.02082342068857255 0.059811411094166725