9 0.13445186715304266 0.13526796561506954 0.033306062521204535 0.08195916802802086
12 0.6290376808553735 0.1452158082237158 0.08810268992586626 0.08635703371934036
6 0.7458730059904498 0.09085757617548675 0.015317465153609789 0.03626480832062502
24 0.9738070330322918 0.10163599448784803 0.05238593393541642 0.15890352773541672
24 0.8589632830322917 0.09896297653607711 0.18441718393541642 0.16197658919017374
9 0.31215277041842004 0.06199738582729193 0.08350695916315995 0.11122974715020839
9 0.42934027041842004 0.0647249551658337 0.08428820916315996 0.11124793094579868
7 0.20161457450210407 0.07037097064906267 0.13895835099579185 0.13437761284152788
9 0.547690966334736 0.056533208299965734 0.08274306733052797 0.08935474715020839
9 0.6649057481859014 0.0584795276385075 0.0826885036281972 0.08779224715020839
18 0.7352554537208643 0.03666038544604228 0.03261409255827132 0.03978985182361113
9 0.17425841161807984 0.4362135229857641 0.3485168232361597 0.25055204597152814
9 0.6747841681566837 0.4473062915062159 0.6286061827542901 0.25193793369868106