1 0.11740658525525041 0.12925148801421238 0.23481317051050082 0.25850297602842476
1 0.40904412935321355 0.030007241066430112 0.25011950870642713 0.030248501243195426
1 0.84609375 0.15293564450276065 0.3078125 0.23331926956056112
23 0.5192424021931351 0.2149764625722991 0.08186855495209713 0.17958900271353348
6 0.4272186765033946 0.21327012041964374 0.08684265999505118 0.18530341417892277
1 0.5379613404551746 0.6961382854194214 0.9124866276557329 0.6077234291611573
8 0.056356220601357844 0.07930571969684669 0.1126714976251508 0.15783018939369337
8 0.5199008214604405 0.21267365614986397 0.032389776119281774 0.05311835594746528
8 0.9626953125 0.09653623755992716 0.074609375 0.09607713986866324
8 0.8194017752147706 0.07021167571042511 0.13020980042954128 0.06136130314307477
8 0.5427107954527003 0.7912372017749509 0.5763842740831169 0.41752559645009824