9 0.2793599853175757 0.9969412561260939 0.08012400961864685 0.006117487747812333
9 0.3965747671687411 0.9977145573464672 0.08093254146981232 0.004570885307065708
7 0.1694046319595311 0.9672069902163543 0.1367758029025577 0.06558601956729149
9 0.5148436175315608 0.9903029173624308 0.08077877404661712 0.01939416527513842
9 0.6320856812338917 0.9901042020317018 0.08088790145127885 0.019791595936596452
18 0.7018351860432152 0.9851405422671183 0.032859629218760136 0.029718915465763374
23 0.011120906006148215 0.9353932925530557 0.01927827885594054 0.037918227298576565
9 0.7027726926666371 0.9444547016504519 0.029789192921091077 0.04831086664124982
6 0.534077256368968 0.9389645018029519 0.041852683302444224 0.03610180737069442
6 0.18421366562479508 0.926911911378507 0.03511160998146652 0.021893837005972472
6 0.8281819204341186 0.9356453589448964 0.015453874409436708 0.040171058320625265
12 0.6569071211597579 0.9144574239150354 0.06915179328391083 0.057813806420763926
6 0.5964061307784048 0.9005390878589935 0.026374016242068875 0.06228244766329851
23 0.012921508183066458 0.8838307925530555 0.018442465153609682 0.036337543502986236
23 0.014803955913480984 0.8299245425530557 0.019169151451278826 0.03479322729857657
6 0.1424478062763007 0.824294751234271 0.04179811960011341 0.03453930737069442
6 0.898380347746113 0.8285972315700703 0.01687996515360979 0.036301175911805574
6 0.7390326295972784 0.8241064872696533 0.014508933302444228 0.03546537452503458
6 0.7781596169834066 0.8007787432535771 0.015262901451278843 0.03470230832062491
9 0.9501164625369029 0.8024354282834383 0.03505953547936258 0.08746428561920147
23 0.015741462536902943 0.7806876087574653 0.0199231196001134 0.03403016109416672
1 0.8205108080903992 0.797073168215452 0.07619296696770839 0.08061552678548622
23 0.8659051536438955 0.7957840783596882 0.015317465153609789 0.03626480832062491
6 0.7402330310485572 0.7897314872696535 0.014481651451278842 0.034684124525034755
6 0.14494037841615204 0.7305265674386807 0.043415183302444274 0.03613817496187508
23 0.01770575582081375 0.7244376087574653 0.018497028855940546 0.03790004350298606
23 0.870113993206942 0.7200391959508688 0.014563497004775171 0.037027874525034754
23 0.019506357997731993 0.6728751087574653 0.020813497004775118 0.037173344889756876
9 0.9523461398488975 0.6938053106922577 0.05076638103285873 0.09017171153100705
23 0.9560738297747637 0.6094484944878481 0.013754965153609789 0.0362284407294446
23 0.9693550797747637 0.6097576190128827 0.013809528855940556 0.037790940729444424
23 0.9771948616259291 0.6091582069687856 0.005997028855940556 0.03760910277354164
1 0.7104711530957413 0.5896580988769103 0.08730408175849824 0.10819566612815983
1 0.3886060767795388 0.5594919412981254 0.43497032167651517 0.6307129778672571
9 0.8293774097191633 0.5431669182154522 0.08352680653075453 0.15650587955902787
18 0.9231546915703287 0.5445677236862855 0.03037203547936258 0.08735518284565984
6 0.6301958652541261 0.5150743665443408 0.039427087748947896 0.0337035059839236
6 0.15401531117044215 0.49304475123427094 0.043469747004775086 0.03770067496187508
23 0.621049043747247 0.4859317272016672 0.02331101442797028 0.019277330072118026
1 0.7144815852170592 0.4748143488769103 0.08655011360966362 0.1089587323325695
23 0.6210316855798789 0.464038543406077 0.022338791469812234 0.013790396276527872
1 0.9650545040915333 0.4642269134657995 0.04702880054030487 0.22903418977951392
9 0.48981889111484184 0.43752798195131987 0.17569449228026954 0.35926916327836816
9 0.9109498466498046 0.42387336397888964 0.05928077467958914 0.15516093189572916
6 0.15580847886378976 0.3969146336430904 0.043469747004775086 0.03770067496187508
28 0.8362325888452563 0.3916407858066327 0.07414188284695733 0.13364960780753474
6 0.15630947586856486 0.36017769984750014 0.041907247004775126 0.037664307370694504
1 0.7219171177011969 0.35144958405927146 0.08412451805616747 0.10656043094579867
23 0.029412159171009127 0.32203930737069447 0.016879965153609677 0.036301175911805574
6 0.15845481842683626 0.3211333836430904 0.04271577885594056 0.038463741166284746
23 0.03221226615725079 0.26424499116628475 0.01685268330244425 0.03551992591180557
6 0.979551057627063 0.27300250142170224 0.026711322139851036 0.09429551386770836
6 0.19068945426901845 0.2264936840799307 0.016125997004775083 0.03706424211621524
6 0.20397070426901848 0.22680280860496546 0.013782247004775084 0.03700969072944442
6 0.4742832042690185 0.23309440187920177 0.04171627404661713 0.0321955573706945
23 0.03328618203649989 0.2111018073706945 0.017715778855940546 0.0378818597073959
1 0.931324377952816 0.2210574885039244 0.07923612141421188 0.07834451196784728
6 0.8228397553574777 0.21540494091687568 0.04023561960011364 0.03450293977951393
12 0.6987400564459367 0.18671428362243114 0.05728176506094247 0.14262456430454867
6 0.7522197205110872 0.17779453172257006 0.014454369600113282 0.03390287452503475
6 0.8249305342134182 0.17792312471246596 0.04026290145127902 0.03528418977951393
6 0.40545384791574895 0.16659592648048646 0.023948420688572548 0.059884146276527786
23 0.03514134791574899 0.15797680737069447 0.016798119600113404 0.033957425911805575
6 0.9836061297669143 0.1792706852172925 0.015235619600113636 0.033921058320624996
6 0.9930084116180797 0.17870764076437584 0.004325401451279021 0.034447735182361106
6 0.6630852986413884 0.15539089522968808 0.025900301088459088 0.026363131458888932
9 0.31737349455770436 0.1363979737831947 0.08146330952597962 0.11976894576343758
9 0.19870534011120067 0.13129028685347238 0.08240825063297219 0.12447462955902786
6 0.8262673449205241 0.13964187471246597 0.039427087748947896 0.033703505983923646
19 0.9084895678786822 0.13608242324944522 0.02038691106992587 0.04731141109416672
6 0.987532227134509 0.13401273660406332 0.017361114790789854 0.027725609707395814
23 0.03629710934849437 0.1024898735751042 0.018360619600113405 0.03399379350298615
6 0.8267683419252994 0.1029049409168757 0.040208337748948254 0.03372168977951393
23 0.03941467486492376 0.05799499116628476 0.019923119600113393 0.03403016109416668