28 0.11015625 0.8 0.04140625 0.04765625
23 0.125 0.85 0.01640625 0.03671875
2 0.09921875 0.8625 0.01796875 0.05546875
9 0.15546875 0.8828125 0.03046875 0.20234375
12 0.346875 0.903125 0.1 0.1609375
24 0.04296875 0.92109375 0.08515625 0.1578125
9 0.24609375 0.87421875 0.10546875 0.2515625
9 0.71328125 0.8296875 0.3109375 0.340625
9 0.61015625 0.52734375 0.11484375 0.1578125
2 0.80390625 0.528125 0.028125 0.08359375
2 0.76328125 0.5296875 0.03828125 0.025
2 0.7640625 0.56796875 0.0375 0.02734375
9 0.0390625 0.56953125 0.078125 0.23828125
9 0.14140625 0.5828125 0.071875 0.34140625
23 0.809375 0.584375 0.02421875 0.02265625
24 0.63046875 0.58984375 0.15234375 0.38515625
9 0.80546875 0.621875 0.0328125 0.046875
18 0.8390625 0.62734375 0.03515625 0.0953125
2 0.56484375 0.63125 0.03671875 0.02734375
18 0.196875 0.66015625 0.0265625 0.09140625