6 0.046875 0.34609375 0.09375 0.2140625
17 0.2078125 0.33828125 0.20546875 0.23125
1 0.46171875 0.33828125 0.20625 0.1640625
23 0.64453125 0.3453125 0.0859375 0.175
9 0.8921875 0.26953125 0.215625 0.50390625
1 0.8890625 0.88671875 0.221875 0.2265625
23 0.596875 0.51015625 0.16484375 0.08515625
23 0.596875 0.5953125 0.16015625 0.08828125
23 0.3421875 0.58828125 0.16484375 0.08984375
23 0.1671875 0.58671875 0.16953125 0.078125
1 0.590625 0.8296875 0.25 0.340625
1 0.15390625 0.90859375 0.3078125 0.18203125
8 0.16953125 0.584375 0.0421875 0.0328125
8 0.3453125 0.5859375 0.0359375 0.03203125
8 0.21484375 0.309375 0.08203125 0.0640625
8 0.45390625 0.33203125 0.0828125 0.11875
8 0.646875 0.3421875 0.02890625 0.04296875
8 0.59609375 0.50390625 0.04296875 0.03046875
8 0.59453125 0.58515625 0.04609375 0.034375
8 0.5890625 0.84765625 0.1921875 0.125
8 0.94765625 0.93671875 0.1046875 0.1265625
8 0.03671875 0.9515625 0.0734375 0.096875
8 0.18203125 0.96015625 0.12734375 0.0796875