2 0.33046875 0.803125 0.040625 0.0328125
9 0.43515625 0.70703125 0.17109375 0.5859375
9 0.5421875 0.8078125 0.0328125 0.0484375
2 0.33046875 0.84140625 0.03984375 0.0296875
9 0.54140625 0.85703125 0.03359375 0.05390625
6 0.621875 0.8640625 0.0265625 0.0234375
6 0.66953125 0.86640625 0.02578125 0.0234375
12 0.8171875 0.875 0.06875 0.0765625
2 0.33125 0.8796875 0.03828125 0.03203125
12 0.68671875 0.91015625 0.06953125 0.053125
2 0.3296875 0.92109375 0.040625 0.0296875
23 0.68359375 0.9234375 0.0140625 0.0359375
23 0.696875 0.92421875 0.01171875 0.0390625
23 0.7109375 0.92421875 0.015625 0.0390625
6 0.60703125 0.98515625 0.0171875 0.0296875
1 0.7078125 0.9796875 0.021875 0.040625
6 0.72890625 0.99609375 0.0140625 0.0078125
12 0.6078125 0.4953125 0.0828125 0.05703125
18 0.58046875 0.55625 0.06484375 0.0625
9 0.63125 0.56015625 0.03203125 0.04765625
9 0.82734375 0.56796875 0.3453125 0.2421875
2 0.3296875 0.64375 0.0421875 0.0328125
2 0.33046875 0.68515625 0.03984375 0.0296875
18 0.61953125 0.7109375 0.0421875 0.0859375
2 0.33046875 0.7234375 0.04375 0.03671875
9 0.5421875 0.76171875 0.0359375 0.04765625
2 0.33046875 0.76328125 0.04140625 0.0296875
9 0.62421875 0.7796875 0.0328125 0.04296875
9 0.575 0.78046875 0.040625 0.32109375