24 0.9765625 0.00859375 0.046875 0.01640625
24 0.86171875 0.00859375 0.17890625 0.0171875
9 0.3140625 0.00625 0.0796875 0.0125
9 0.43125 0.00703125 0.08046875 0.01328125
7 0.203125 0.034375 0.134375 0.06875
9 0.54921875 0.015625 0.0796875 0.03125
9 0.66640625 0.0171875 0.0796875 0.034375
18 0.7359375 0.0234375 0.03125 0.04609375
23 0.04375 0.065625 0.01796875 0.0375
9 0.73515625 0.07265625 0.028125 0.04765625
6 0.56640625 0.07421875 0.040625 0.03515625
6 0.21640625 0.078125 0.034375 0.02109375
6 0.86015625 0.084375 0.0140625 0.03984375
12 0.68828125 0.1015625 0.0671875 0.05625
6 0.62734375 0.1140625 0.02421875 0.06171875
23 0.04375 0.1171875 0.0171875 0.0359375
23 0.04375 0.17109375 0.01796875 0.034375
6 0.17109375 0.1796875 0.040625 0.03359375
6 0.9265625 0.19296875 0.015625 0.0359375
6 0.7671875 0.19375 0.01328125 0.03515625
6 0.80546875 0.21796875 0.0140625 0.034375
9 0.97734375 0.2203125 0.03203125 0.08671875
23 0.04296875 0.2203125 0.01875 0.03359375
1 0.84765625 0.22265625 0.0734375 0.07890625
23 0.89296875 0.225 0.0140625 0.0359375
6 0.7671875 0.228125 0.01328125 0.034375
6 0.1703125 0.2734375 0.0421875 0.03515625
23 0.04296875 0.2765625 0.0171875 0.0375
23 0.89453125 0.30078125 0.01328125 0.03671875
23 0.04296875 0.328125 0.01953125 0.03671875
9 0.97578125 0.32890625 0.04765625 0.0890625
23 0.9765625 0.41328125 0.0125 0.0359375
23 0.98984375 0.41328125 0.0125 0.0375
23 0.99765625 0.4140625 0.0046875 0.0375
1 0.73046875 0.42734375 0.08359375 0.10625
1 0.4078125 0.45 0.41328125 0.62109375
9 0.84765625 0.4765625 0.078125 0.1546875
18 0.94140625 0.47734375 0.02734375 0.08671875
6 0.64765625 0.5 0.03828125 0.0328125
6 0.17109375 0.5109375 0.0421875 0.03671875
23 0.6375 0.52890625 0.02265625 0.01875
1 0.73046875 0.5421875 0.0828125 0.10703125
23 0.63671875 0.55078125 0.021875 0.01328125
1 0.98046875 0.55859375 0.0390625 0.228125
9 0.5046875 0.57421875 0.16328125 0.35546875
9 0.925 0.59765625 0.05390625 0.15390625
6 0.16953125 0.60703125 0.0421875 0.03671875
28 0.84921875 0.628125 0.06953125 0.13203125
6 0.16875 0.64375 0.040625 0.03671875
1 0.73359375 0.665625 0.08046875 0.1046875
23 0.040625 0.67890625 0.015625 0.0359375
6 0.16953125 0.6828125 0.04140625 0.0375
23 0.04140625 0.73671875 0.015625 0.03515625
6 0.98828125 0.75 0.0234375 0.09375
6 0.1984375 0.778125 0.01484375 0.03671875
6 0.21171875 0.778125 0.0125 0.03671875
6 0.48203125 0.778125 0.040625 0.03125
23 0.040625 0.78984375 0.01640625 0.0375
1 0.93828125 0.80078125 0.0765625 0.0765625
6 0.8296875 0.80390625 0.0390625 0.03359375
12 0.7046875 0.8296875 0.05234375 0.14140625
6 0.7578125 0.83984375 0.01328125 0.03359375
6 0.83046875 0.84140625 0.0390625 0.034375
6 0.4109375 0.84296875 0.021875 0.059375
23 0.040625 0.84296875 0.015625 0.03359375
6 0.9890625 0.84375 0.0140625 0.03359375
6 0.9984375 0.84453125 0.003125 0.034375
6 0.66796875 0.86015625 0.025 0.02578125
9 0.321875 0.87109375 0.07734375 0.11796875
9 0.203125 0.8734375 0.078125 0.12265625
6 0.83046875 0.8796875 0.03828125 0.0328125
19 0.9125 0.88515625 0.01875 0.046875
6 0.99140625 0.8890625 0.01640625 0.02734375
23 0.03984375 0.8984375 0.0171875 0.03359375
6 0.8296875 0.91640625 0.0390625 0.0328125
23 0.04140625 0.94296875 0.01875 0.03359375