20 0.8402663896415206 0.5185679124256712 0.26334527928304113 0.9628641751486576
1 0.13928490728151774 0.11559510176359378 0.27778856456303547 0.23114925994962268
6 0.4910554471956095 0.12312315524535282 0.16659435775648762 0.0866412641334942
7 0.47084468226914583 0.5848518713241548 0.3195334085247133 0.37357577736247727
23 0.1431966378324983 0.457826867367426 0.17243159995457144 0.09395911917644835
23 0.15180807722619166 0.5626781416776856 0.167126624264831 0.09679751413349429
6 0.09060938489182221 0.8072260018090223 0.10817542740790576 0.22070200361804454
8 0.2247919600859083 0.02268830676111939 0.06360547659425161 0.02436923620519007
8 0.07897817107632768 0.050106220601357845 0.15717509215265538 0.1001714976251508
8 0.4764362630018404 0.587482226367109 0.14666471732199754 0.21181168249628843
8 0.15263027080375655 0.5635003352552503 0.047772436680159916 0.03444692107632772
8 0.1454994442549334 0.45716844810012064 0.04534679952503016 0.03276159034363317