1 0.5801065189828396 0.9562961392231341 0.1480233269491748 0.08740772155373193
23 0.7998733819595311 0.9842511693091496 0.04486855589778251 0.03149766138170094
19 0.44198896008983224 0.9563682477188893 0.02710070253973811 0.060738131458888844
6 0.7783084060061481 0.9532497798227091 0.020967264427970277 0.01922277868534721
6 0.8252106878573138 0.9535595575581258 0.025009923683797553 0.02321994766329851
1 0.6892558296899456 0.928502393329827 0.03413195253973793 0.060901785619201475
9 0.7386928344992689 0.9233979724520145 0.05962302586071573 0.07554616707809032
23 0.4481496800527653 0.914289850492431 0.024928078130301047 0.020876197663298512
14 0.45287438558772825 0.8909432694703824 0.03295883293962447 0.027308035619201476
6 0.4265946277831798 0.8598380866247226 0.02562004809323426 0.06304551386770854
14 0.2602156596343453 0.8551836881639933 0.020550602176918266 0.051998911094166544
18 0.7361878825925032 0.8607888696784729 0.07531994773041469 0.05561552678548622
9 0.9110341151693081 0.846875106095105 0.08243553248413775 0.12525587955902787
9 0.14139319825736418 0.7300648137584982 0.28278639651472837 0.5398703724830035
7 0.8045137858578807 0.7849725585080563 0.07438247422410242 0.25230868882958324
1 0.5849106139881817 0.7595322281515978 0.2350099501774853 0.22482273451677096
6 0.4407613099044978 0.7452307259673963 0.02657242368379755 0.023256315254479177
14 0.26948899983036395 0.6568007395507641 0.032150301088459086 0.026508601823611144
19 0.7982762318590146 0.4486168312094799 0.37662947658635504 0.10009810429215307