29 0.6738814441022175 0.013247823101135472 0.1120386977304145 0.026495646202270944
6 0.9642683419252993 0.05909925472181297 0.07068206614940138 0.11819850944362593
29 0.4096626874787955 0.05963179104574551 0.07895586841898705 0.1172118334462281
6 0.7539632697854479 0.13750564902937573 0.1177133227728234 0.2221792944366475
29 0.49009917722717644 0.19032519109117402 0.11724455290255768 0.07476870590203673
29 0.15006445426901846 0.21360439733189507 0.11691717068857255 0.06539370590203672
29 0.49505700653860396 0.24933169889309018 0.11222967068857255 0.06514804443664754
23 0.291949364705972 0.28181108548239303 0.058643368418987055 0.11614730042954129
23 0.2905009373939775 0.3902820047496984 0.06375745435383653 0.10627765547249543
17 0.5685440918404812 0.37804984113660256 0.08083831614940173 0.17111808344622811
29 0.505771273328827 0.3891378273417926 0.06411211841898705 0.11643390547249552
17 0.11255698666833806 0.4167636968569252 0.08051093393541646 0.16174308344622812
29 0.015440200366744317 0.44178138625061864 0.030880400733488633 0.06174972749876275
29 0.20293396080762244 0.486110161126705 0.11187500662342194 0.05499179443664755
23 0.4246452697006299 0.47916968509828023 0.11691717068857255 0.06539370590203682
6 0.31518842414713355 0.4872455359573628 0.10692461179556512 0.06954893939369348
29 0.6306571675237116 0.5198411934660232 0.12290427586071573 0.08052406094499087
29 0.5027950623515685 0.5413587466090981 0.06879961841898705 0.11667956693788462
23 0.2770038886677711 0.5758067469477822 0.06863592731199449 0.11199206693788462
29 0.042535924506028666 0.5910067803031532 0.08507184901205733 0.06954893939369348
23 0.5011010983790852 0.6568609158764034 0.07443205952597971 0.12165367198083885
29 0.28035208876043827 0.6809070047496985 0.07391370435383653 0.10680992198083886
23 0.045667736689542576 0.7110326752601992 0.09133547337908515 0.06539370590203682
29 0.2173486025554364 0.787924966644629 0.06411211841898705 0.11643390547249552
29 0.7403024637180293 0.8190046325210323 0.07426836841898705 0.11696617198083885
29 0.3286729937550962 0.8826875107425922 0.06394842731199449 0.11174640547249552
6 0.5497270490199065 0.961561703981473 0.19117063702330855 0.0256152329258299