6 0.9671875 0.08359375 0.06484375 0.1671875
29 0.6703125 0.03203125 0.11015625 0.05390625
29 0.4125 0.08125 0.075 0.11328125
6 0.76015625 0.17734375 0.11015625 0.21640625
29 0.1578125 0.221875 0.11484375 0.059375
29 0.49765625 0.21171875 0.11484375 0.06875
29 0.5046875 0.27578125 0.11015625 0.059375
23 0.30234375 0.29765625 0.0546875 0.11328125
17 0.12734375 0.4234375 0.075 0.1578125
29 0.02265625 0.44296875 0.0453125 0.059375
23 0.3046875 0.40625 0.06015625 0.103125
17 0.5828125 0.40859375 0.075 0.1671875
29 0.5203125 0.41640625 0.06015625 0.11328125
29 0.21484375 0.49765625 0.11015625 0.04921875
6 0.32734375 0.5 0.1046875 0.0640625
23 0.4421875 0.49765625 0.11484375 0.059375
29 0.52265625 0.56875 0.06484375 0.11328125
29 0.65 0.55390625 0.1203125 0.07421875
23 0.525 0.684375 0.0703125 0.11796875
23 0.29765625 0.5859375 0.06484375 0.10859375
29 0.3 0.696875 0.0703125 0.103125
29 0.05234375 0.59375 0.1046875 0.0640625
23 0.0578125 0.7140625 0.11484375 0.059375
29 0.23984375 0.80078125 0.06015625 0.11328125
29 0.3546875 0.9015625 0.06015625 0.10859375
29 0.76484375 0.859375 0.0703125 0.11328125
6 0.57890625 0.9921875 0.1890625 0.015625