6 0.17159836103584794 0.0520272186903171 0.03362804952503016 0.030841467337681606
12 0.1965707055633525 0.1125107326941351 0.12083147840327398 0.07089485001590838
6 0.07882328358251366 0.18149599534531763 0.03140048620519007 0.06282726400381797
12 0.18951844414339175 0.20232721069381693 0.12227114767057934 0.0685692813494538
6 0.15828173224846118 0.26137494668999894 0.045015928878243815 0.03956248667249973
1 0.2519598111721335 0.30858684870304376 0.15679663387576942 0.13143290802036267
6 0.15442639190482815 0.3051067653564535 0.04814092887824382 0.03959884933959064
6 0.14818635798363022 0.34959256202258987 0.03325955732694626 0.023810217337681648
9 0.0265625 0.3792153326702726 0.053125 0.7584306653405452
12 0.17406278324382937 0.40774141669318065 0.119596527023793 0.07712666868236298
12 0.08031278324382939 0.4066505366804539 0.06992739767057932 0.06796020667568144
12 0.3308716259623116 0.5182260253819069 0.121159027023793 0.07714485001590835
6 0.22930912596231162 0.517044238701453 0.017549348145549183 0.03690056333545435
6 0.05163450531552527 0.5063778166772723 0.02223684814554916 0.03695510733609062
12 0.3265282847141674 0.5861856847151341 0.12259869629109836 0.0748192813494537
1 0.13442267186929718 0.5823868806890444 0.16182604986371443 0.2571959766868172
6 0.22111044437053437 0.6287357167011348 0.022564396766068206 0.0432051073360908
6 0.040522185664107105 0.6438323633434087 0.020797178878243793 0.03928067600254544
1 0.03940234170242944 0.7845300886775904 0.047724849050060324 0.06145566800604527
6 0.03641013851392614 0.8267084980108177 0.030915807326946276 0.023782945337363515
12 0.01225413189841979 0.959048283338636 0.02450826379683958 0.06563463800922661
1 0.27385690185445083 0.039927755370771 0.15072369629109836 0.07514654535327181
6 0.17812832202626736 0.01692551269095343 0.04374335594746528 0.03017839600572701