23 0.6585284729762071 0.0834901354232686 0.04661272840327406 0.07003123667249973
23 0.6040523349165661 0.10865322008272346 0.028193599050060313 0.06122840133672711
1 0.7744500440979633 0.12392532610594967 0.12429175033868436 0.22630905601527201
6 0.6972324468569252 0.13553444076222287 0.027947937584671047 0.05654090133672711
23 0.6362230257805976 0.1809463907542687 0.04817522840327406 0.07004941800604518
23 0.5965496941433918 0.20706344808240526 0.02605788896415202 0.050272720003181705
6 0.6853355551792397 0.25812705609481384 0.02963326831736559 0.05890283267027261
23 0.6437279093176826 0.27640434142263226 0.046367066937884616 0.06534373667249974
23 0.558121279964469 0.2840072087444055 0.027947937584671047 0.05654090133672707
23 0.5907700056542096 0.2875140167488598 0.0293876068519765 0.054215332670272606
9 0.23731745703369053 0.28965503536758935 0.11869576831736568 0.05993916868236297
9 0.9012361148810353 0.3896241461250397 0.19752777023792945 0.75964881468809
23 0.6376992373368439 0.3466895694223141 0.04648989767057934 0.06768748667249973
1 0.7575613579836302 0.3566832821053133 0.12104391960598945 0.2239289433481811
19 0.26265829375927896 0.3431072993714074 0.045015928878243815 0.03956248667249973
23 0.2157423501817141 0.343343109365044 0.04826375961093845 0.04194259933959064
6 0.6786617520361649 0.3854708060948138 0.02963326831736559 0.05890283267027252
23 0.6447227640219525 0.4960810420909958 0.04489309814554918 0.03721873667249973
23 0.6422252057904951 0.5437372920909957 0.04489309814554918 0.03721873667249973
6 0.48729536635137316 0.5614776807367695 0.02963326831736559 0.05890283267027243
12 0.43729536635137317 0.5608958780633152 0.06992739767057934 0.06796020667568144
6 0.5143525113084191 0.5672646040738147 0.02256439676606803 0.04320510733609062
19 0.34576960764494596 0.5770288607176794 0.10691946460846405 0.13319485534690845
2 0.16756936454235088 0.6062243700270442 0.036330325644311975 0.08240396733768166
2 0.2017805902320914 0.609749359365044 0.03801565637700657 0.08476589867122701
2 0.23763620307696165 0.6117300300365892 0.037892825644311935 0.08242214867122702
6 0.2771524044564426 0.6184436540419981 0.03494488805964089 0.026172148671227014
23 0.667790692561512 0.6824003500954501 0.04489309814554918 0.03721873667249973
23 0.34439413613907693 0.6778555640515431 0.027947937584671047 0.05654090133672707
23 0.3756031925615121 0.6790004407224519 0.02963326831736568 0.05890283267027261
6 0.41729936963073355 0.688866336728179 0.04814092887824373 0.03959884933959064
23 0.19534248247560382 0.6878470873647258 0.03119576831736568 0.058921014003817974
23 0.2295946517429092 0.6905908267027255 0.03119576831736568 0.058921014003817974
6 0.26475090174290916 0.6909999067074981 0.03119576831736568 0.058921014003817974
23 0.15858278889803895 0.6882010760264079 0.03522484905006031 0.06131021733768165
17 0.30229516734674144 0.7055078493793615 0.04771820499752559 0.09112498667249973
6 0.6589203035973601 0.7323276247612684 0.03116146879233561 0.028470445337363516
1 0.5441584407524898 0.7294287967456782 0.2106287200355311 0.27962550735995323
6 0.4261896907524898 0.7280561060629971 0.03128429952503016 0.030814195337363515
6 0.3453524485544059 0.7341510173854067 0.04477026741285446 0.03487498667249973
6 0.6625875361845055 0.7667662594286775 0.04357625961093845 0.04188805533895419
1 0.8850556784280179 0.8475275527927669 0.1504581026681052 0.15946700135263542
6 0.1832818164876588 0.8135647026973167 0.10799728573022023 0.09416871801399936
6 0.49238349954977406 0.8820447194064057 0.046455598145549185 0.03723691800604527
23 0.617055950929255 0.8897492260900414 0.03119576831736559 0.05892101400381833
6 0.5571077408433468 0.8999958354153144 0.01956222749876275 0.04551249466899989
23 0.48626629636127083 0.9241867660725422 0.009163638059640888 0.025872156667727353
23 0.46509065920614107 0.9255038180696786 0.012534299525030157 0.03059601933481808
6 0.8922363353708512 0.9640883441279033 0.029837986205190247 0.06280908267027244
6 0.5141489569221489 0.9440543707431328 0.017876896766068205 0.04315056333545471
7 0.7580151436023088 0.9096230478795206 0.259867402193135 0.18075390424095872
23 0.6136985775689352 0.9538117260900414 0.028193599050060313 0.061228401336727245
6 0.47434947252598114 0.9576623374044967 0.027790807326946165 0.02374658267027243
6 0.4696686165785158 0.9873134747374059 0.021090427973732773 0.015080107336090975
6 0.509884180802867 0.9922760507041574 0.019896420171816587 0.015447898591685317
9 0.26615851424909515 0.9148261160089086 0.3746325870642727 0.17034776798218268
6 0.8271799756897404 0.012752016112313014 0.028452548620519026 0.006577264003818006
28 0.6624214348711377 0.024124226090041313 0.0493758802577247 0.03336703067313607
23 0.6149289591813971 0.020444695416905245 0.02947613805964089 0.026108514003818008
6 0.7069526848711376 0.02464239409608649 0.0314071302577247 0.03315794533736345
23 0.5461789591813971 0.019644716740905677 0.03103863805964089 0.026126695337363448
23 0.5813352091813971 0.02005379674567818 0.02947613805964089 0.026108514003818008
9 0.25912933853461073 0.0077056013685438355 0.07935662935321357 0.009511907344044963