7 0.19453125 0.0421875 0.25 0.084375
6 0.4375 0.009375 0.01875 0.01875
23 0.46953125 0.01484375 0.0109375 0.0296875
23 0.4890625 0.01484375 0.0125 0.0296875
6 0.346875 0.021875 0.04140625 0.0390625
9 0.6859375 0.10625 0.365625 0.2125
19 0.2265625 0.0640625 0.03203125 0.0328125
23 0.3484375 0.06484375 0.04140625 0.0390625
6 0.48984375 0.0625 0.0203125 0.0390625
6 0.46015625 0.0984375 0.03203125 0.08046875
0 0.428125 0.1015625 0.0296875 0.078125
6 0.2140625 0.11875 0.04609375 0.0390625
17 0.33984375 0.12109375 0.06328125 0.05625
17 0.27265625 0.16328125 0.06484375 0.140625
23 0.21640625 0.165625 0.04765625 0.04140625
6 0.35078125 0.1765625 0.04296875 0.04140625
6 0.48828125 0.17421875 0.0265625 0.05859375
23 0.4578125 0.175 0.0265625 0.0609375
6 0.4265625 0.17734375 0.0265625 0.0609375
6 0.21640625 0.215625 0.04453125 0.04140625
12 0.36484375 0.246875 0.06796875 0.06484375
12 0.446875 0.24453125 0.06796875 0.0609375
12 0.25 0.27734375 0.1109375 0.06953125
0 0.6359375 0.3109375 0.06015625 0.0453125
23 0.5328125 0.31796875 0.04296875 0.034375
23 0.58046875 0.31640625 0.04140625 0.034375
23 0.53515625 0.37578125 0.04140625 0.03671875
23 0.5796875 0.37578125 0.04296875 0.03671875
0 0.634375 0.37421875 0.06015625 0.04765625
9 0.7765625 0.4015625 0.21484375 0.35703125
23 0.47421875 0.421875 0.04296875 0.06953125
6 0.5359375 0.42109375 0.04296875 0.03671875
28 0.58671875 0.43828125 0.04453125 0.0671875
28 0.64765625 0.4390625 0.04296875 0.0734375
6 0.6484375 0.5078125 0.04453125 0.03671875
12 0.54453125 0.58046875 0.06953125 0.06484375
1 0.4703125 0.609375 0.07265625 0.15390625
23 0.54140625 0.66328125 0.04140625 0.03671875
0 0.64140625 0.659375 0.06484375 0.05
23 0.58828125 0.6625 0.04140625 0.0390625
6 0.490625 0.70546875 0.028125 0.02578125
0 0.64296875 0.7140625 0.06171875 0.04296875
23 0.58828125 0.71953125 0.04140625 0.03671875
23 0.54140625 0.72265625 0.04140625 0.0390625
9 0.7890625 0.74453125 0.21328125 0.35078125
6 0.5453125 0.76484375 0.04296875 0.03671875
20 0.48359375 0.7734375 0.04296875 0.0671875
28 0.5953125 0.7875 0.04765625 0.06953125
28 0.65390625 0.7859375 0.04609375 0.0734375
6 0.65546875 0.85390625 0.04296875 0.03671875
12 0.5546875 0.92109375 0.06484375 0.0625