20 0.7849925920101172 0.24140625 0.08418160407583475 0.41953125
20 0.6700348024392215 0.59609375 0.0387500198702659 0.14765625
9 0.7617386967189242 0.78359375 0.21302831197305033 0.28359375
23 0.6055432604212551 0.78515625 0.036274805897782515 0.03203125
23 0.6452605248492252 0.80390625 0.029843756623422025 0.04921875
23 0.6774182604212551 0.78515625 0.03638393330244423 0.03515625
19 0.7140105248492252 0.80390625 0.030171138837406984 0.05859375
8 0.605597824123586 0.78671875 0.017061014427970277 0.01875
8 0.6452332429980598 0.803125 0.013400301088459087 0.02578125
8 0.6781722285700896 0.784375 0.017896828130301044 0.0203125
20 0.6832565765706566 0.95234375 0.038457353991016775 0.09453125