20 0.41327449908577896 0.7748442579840658 0.19365579399195115 0.21398124663478768
20 0.5895239812912818 0.6852408857224574 0.13721479300336803 0.2076570387963713
20 0.6366696008354837 0.46016667788404086 0.15176938292725595 0.23929348370266404
20 0.5681411408359214 0.25644829598901414 0.10732436315559254 0.14436141693047427
6 0.03354596494247835 0.22820155634734843 0.043009853764052274 0.09801160266556704
20 0.08582604794628396 0.2251160087754886 0.04198586463846719 0.14948317445232168
20 0.3247293804557979 0.2142537504622184 0.20861494912514758 0.15979385180763722
6 0.13372503707186906 0.17209865736356283 0.04275518577927473 0.09176160266556703
20 0.24613485376405225 0.08982806347348442 0.11563692885919252 0.06110864773014439
20 0.5591296022811776 0.08234785542058545 0.08779045456235508 0.1646957108411709
9 0.7425270341061194 0.1517393785963215 0.11317906821223893 0.303478757192643
20 0.07434342539915137 0.040610628134103086 0.03931185079830275 0.08122125626820617