9 0.0018325791508149356 0.971875 0.003665158301629871 0.05625
12 0.38370885741780325 0.15142942405313392 0.12259869629109836 0.07481928134945379
12 0.378625209747224 0.21859874271958848 0.12239397840327389 0.07091303134945379
23 0.09810552903105765 0.2511636053469085 0.1962110580621153 0.3726306200270442
12 0.20578417401700375 0.30961299936345316 0.12103619629109837 0.07480110001590834
9 0.9272563822938897 0.3555309567949941 0.1343505823145744 0.47783519334818114
9 0.7931679873368439 0.3484986121100858 0.15943246946970416 0.4796885946849082
6 0.17446557496694343 0.3702232353596352 0.045015928878243815 0.03956248667249973
23 0.11833840569963808 0.3672249573519991 0.046578428878243816 0.039580668006045185
1 0.2690886782008753 0.4143192280394527 0.1536716338757694 0.13139654535327186
23 0.11678587177844013 0.41176529801877193 0.04489309814554918 0.03721873667249973
6 0.16986992820087526 0.4131647133593169 0.046578428878243816 0.039580668006045275
6 0.1635480071245476 0.45921301002545345 0.03083392017181654 0.022220445337363514
23 0.11367083785724222 0.45628745735199916 0.04320776741285455 0.03485680533895437
6 0.0484995392367232 0.46178293200986326 0.027947937584671068 0.05654090133672725
6 0.00903254438087668 0.461264764003818 0.01806508876175336 0.061228401336727245
12 0.1887250695398765 0.5157902740292715 0.12259869629109836 0.0748192813494537
12 0.1824131145423509 0.6063970926957258 0.11926897840327393 0.07087666868236298
6 0.15117640264742033 0.6654448286919079 0.04489309814554918 0.03721873667249973
1 0.2472801187262224 0.711121502705271 0.15704229534115868 0.13612040802036277
6 0.1464988687262224 0.7099488066915898 0.04320776741285455 0.03485680533895419
6 0.14104008480502447 0.7544436940244988 0.029353307326946253 0.023764764003817974
12 0.167121227953048 0.8086862986950896 0.11914614767057934 0.06853291868236297
12 0.16044078075743853 0.9063243673615442 0.12247586555840373 0.07247553134945406
6 0.12690126244007285 0.9645635813574079 0.046455598145549185 0.03723691800604527
1 0.22484743950929437 0.9730522413470675 0.14982293758467105 0.05389551730586497
6 0.12600382575991292 0.9954425893439656 0.04354196008590825 0.009114821312068954