20 0.55546875 0.91015625 0.08046875 0.1796875
20 0.55703125 0.72734375 0.1015625 0.14140625
20 0.38125 0.2140625 0.18515625 0.20859375
20 0.5609375 0.2984375 0.12890625 0.20390625
20 0.6171875 0.521875 0.1421875 0.23515625
9 0.7359375 0.83828125 0.1 0.3234375
6 0.02421875 0.77109375 0.0390625 0.096875
6 0.1265625 0.82421875 0.0390625 0.090625
20 0.0765625 0.77265625 0.0359375 0.1484375
20 0.315625 0.7765625 0.20234375 0.15390625
20 0.2421875 0.903125 0.11328125 0.0578125
20 0.07265625 0.95859375 0.0359375 0.0828125