6 0.4122156377209567 0.2041368007240428 0.046578428878243726 0.039580668006045185
6 0.27426193634147567 0.19627775270527095 0.044770267412854545 0.03487498667249973
6 0.36624471845365125 0.20125670138445217 0.046578428878243816 0.039580668006045185
6 0.3194925491863459 0.19836751137808886 0.045015928878243815 0.03956248667249973
6 0.2282500734966054 0.1941789033656803 0.04489309814554918 0.03721873667249973
6 0.17841384780686492 0.1904721006922261 0.046578428878243816 0.039580668006045185
6 0.08647200927225415 0.18471190201304485 0.04501592887824377 0.03956248667249973
6 0.13306040422930004 0.19072609201940818 0.04489309814554918 0.03721873667249973
9 0.5328280308689802 0.25947937607413296 0.19718701775153882 0.2615113066915898
9 0.7067291983272632 0.3123151167647682 0.1964710447753319 0.33723801269095344
9 0.005028336725588436 0.3446221566677272 0.010056673451176872 0.4767443133354544
9 0.22808521992398934 0.376319241366953 0.4083668571906607 0.2834879460534522
6 0.5125487511316538 0.40777142540576944 0.046455598145549004 0.03723691800604527
6 0.4609453075540889 0.4079526913987698 0.04164526741285464 0.034838624005408825
23 0.49401675712454757 0.4630583620703149 0.026385437584671045 0.0565227200031817
17 0.45577977272837983 0.4766845100652243 0.050761317842395924 0.08959884933959064
6 0.6824341259623117 0.522316825429632 0.02963326831736577 0.05890283267027261
6 0.5029104002725712 0.5171009720719058 0.043207767412854634 0.03485680533895419
6 0.38799472919624345 0.5618856660566338 0.04489309814554918 0.03721873667249973
6 0.3395572291962435 0.5613220447167249 0.04333059814554918 0.03720055533895419
6 0.10649574570458684 0.548447685351681 0.04489309814554918 0.03721873667249973
6 0.2928460035065029 0.5576516047103616 0.045015928878243724 0.03956248667249973
6 0.24531258423919758 0.5547533240372255 0.045015928878243724 0.03956248667249973
6 0.15254855212702195 0.5497652846912716 0.045015928878243815 0.03956248667249973
6 0.20004102781676245 0.5534448153644076 0.04513875961093845 0.04190623667249973
6 0.0583039071699761 0.5431965640117722 0.04670125961093843 0.04192441800604527
24 0.8250100503179997 0.6060571207829037 0.17703164800926352 0.29406926802195343
23 0.6758765094993968 0.6176111440960865 0.032758268317365766 0.05893919533736351
17 0.5822493402320914 0.6141765140833598 0.16375039800926353 0.29391472668681723
28 0.4553249920865422 0.6494407573997242 0.10945132236495159 0.21130167401336308
12 0.26293609622498526 0.6659635440404073 0.07282110357261615 0.18276759400859052
12 0.3573035719147257 0.6701885147199066 0.07537289348670786 0.17186645667568143
12 0.07272053200063397 0.6559329213478631 0.0740151113745322 0.1757545253421359
12 0.16614298338011496 0.6632738013605897 0.07245261137453225 0.17573634400859053
6 0.6705947879935278 0.7183923940960865 0.029510437584671045 0.05655908267027261
6 0.08874392243512406 0.782759050684272 0.014547178878243795 0.03920795066836362
12 0.5152411454113311 0.863549258076042 0.19653192051050078 0.2490113066915896
12 0.16893935549723935 0.8485755020289533 0.1802108796918979 0.23554824335613525
12 0.341063338988896 0.860740789385725 0.18970871042459247 0.23800108135740813
23 0.07869945782666003 0.9147539380171811 0.014547178878243795 0.03920795066836362
6 0.09786885968111086 0.9517181360200446 0.02770892017181652 0.022184082670272432
0 0.588336729423386 0.9863646780414413 0.060395267412854635 0.027270643917117355
6 0.09520420511312658 0.9876465453532719 0.029353307326946253 0.023764764003817974
23 0.511446680802867 0.9922669600373848 0.026146420171816585 0.015466079925230502
23 0.41851887438043195 0.9909357246976349 0.029353307326946167 0.018128550604730266
23 0.448946680802867 0.9918987880330894 0.027708920171816587 0.01620242393382121
23 0.480196680802867 0.9920760560351575 0.029271420171816588 0.0158478879296851
6 0.24014821291504268 0.9945959793523172 0.025736984396167804 0.010808041295365455
9 0.7800063302824688 0.8772851247115547 0.34217196913101977 0.24542975057689062
12 0.1570048422682563 0.9851022533418178 0.16882524310259503 0.029795493316364486