7 0.20567640746335764 0.9510193190598084 0.250981792011454 0.09310519237293705
6 0.44902696546781196 0.9753471633473604 0.018968176002545432 0.01940476442797028
23 0.4809945808004029 0.9687598574495778 0.011282945337363515 0.030069445916316086
23 0.5005258308004029 0.9680778111704422 0.012845445337363514 0.030124009618646853
6 0.3582565147994484 0.9660118580825501 0.041860783338636146 0.04050843811176748
9 0.6963372227879944 0.8697965346767542 0.36809766136218053 0.22526790634542024
19 0.23745311879372144 0.9280257631620259 0.032413058004454334 0.03393105589778252
23 0.3593190281269487 0.9229885443802193 0.041860783338636146 0.04050843811176748
6 0.5007525501272669 0.9203942793192766 0.020767033338636054 0.039771828130301404
6 0.47064687945572165 0.885493489663563 0.03296758867759042 0.08158730589778251
0 0.43857926678863074 0.8834870455613455 0.030596566677272286 0.07916171034428636
6 0.22431677211963086 0.8737747727806727 0.04654828333863614 0.040672129218760136
17 0.3500707501193127 0.8670386447430388 0.06393577800763595 0.05845982994439965
17 0.28239235411358565 0.8271973839432658 0.06648007001909004 0.14288939364673042
23 0.22611508211326753 0.8268179272271766 0.048138055338954364 0.04307044292109126
6 0.3603628127784494 0.8111879488267227 0.043450555338954276 0.04290675181409824
6 0.4978900847787676 0.8087300930216076 0.02724430000795408 0.05952133293962447
23 0.46741224411199483 0.8090128352170594 0.027271572008272217 0.06186508293962447
6 0.4361349721116767 0.8077603592636764 0.027271572008272394 0.06186508293962447
6 0.22553327943981327 0.7768179272271765 0.04501305533895428 0.042961315516429364
12 0.3736071527689044 0.7403843755057451 0.06872327534213599 0.0672172710513923
12 0.4556656747692226 0.7398635311333752 0.0686778220082724 0.0633110210513923
12 0.25840886676476826 0.7139260576270631 0.11174656934277234 0.07340527286549073
0 0.6439554680935411 0.6668550731513416 0.06068350867281787 0.04741320253973793
23 0.5407486520925866 0.6634250275051782 0.043368739337999784 0.0358755018140986
23 0.5884230834261321 0.663323334584087 0.04180623933799978 0.035820938111767654
23 0.5424196927514051 0.6055306819516819 0.04183351133831792 0.03816468811176765
23 0.5869509427514051 0.6039756164352525 0.04339601133831792 0.0382192518140986
0 0.6416566240849507 0.6036283868536725 0.060710780673136 0.04975695253973793
9 0.7835259507479053 0.5713193399415647 0.21899818471513405 0.3645337590704926
23 0.4809458434118145 0.5615649163425852 0.04377781934277216 0.0710317518140986
6 0.5426736840785873 0.5601909001005165 0.04339601133831792 0.0382192518140986
28 0.5932549394095874 0.5412300797747636 0.045313047342454206 0.06874256551642936
28 0.6541833487428146 0.5383208453838602 0.04382327267663584 0.0749380018140986
6 0.6541646200668151 0.46954356353269483 0.04495851133831792 0.03827381551642937
12 0.549412938056952 0.40051579973769674 0.0702857753421359 0.06727183475372307
1 0.4748578333863612 0.37420132559841235 0.07444711135422644 0.15644346215838478
23 0.5453243273790433 0.31781242714235847 0.04183351133831792 0.03816468811176765
0 0.645369780712907 0.31822660019318366 0.06542555267345414 0.0522643936467305
23 0.592208418045816 0.3169567660724327 0.041860783338636055 0.04050843811176765
6 0.4940521813733163 0.27739824746811126 0.02842499200349984 0.026763396641955418
0 0.6462959340388164 0.2634845364908528 0.06221873667249973 0.045124016242068785
23 0.5915447993714074 0.25992551607243275 0.04183351133831792 0.03816468811176765
23 0.5446334367043164 0.25843742714235846 0.041860783338636055 0.04050843811176765
9 0.7920351480346802 0.22791408032291782 0.21736295938095224 0.3582291953681619
6 0.5480487906985895 0.21611351788653135 0.04339601133831792 0.0382192518140986
20 0.4862300433640895 0.20967503412860014 0.043750547342454024 0.06868800181409851
28 0.5977851613621805 0.19171122941194393 0.048465319342772165 0.07119544292109108
28 0.6563970926957259 0.19122759057453684 0.04694827267663584 0.07504712921876026
6 0.6571687046864991 0.12320427687220596 0.04339601133831792 0.03821925181409851
12 0.555605657344045 0.05953613567254619 0.06557100334181776 0.0647643936467305