20 0.5586061628840242 0.08984375 0.0867435757680484 0.1796875
20 0.5665526160567343 0.27265625 0.10650051506094246 0.14140625
20 0.40869554227242044 0.7859375 0.1924405042611692 0.20859375
20 0.5854366023465543 0.7015625 0.13602681315417656 0.20390625
20 0.6338839929132419 0.478125 0.15039933720079368 0.23515625
9 0.7415848431912435 0.16171875 0.11129468638248703 0.3234375
6 0.03221233239147038 0.22890625 0.042445449544513056 0.096875
6 0.13270091651222127 0.17578125 0.042227194735189676 0.090625
20 0.08450151868913952 0.22734375 0.0411210517214313 0.1484375
20 0.3234276094333124 0.2234375 0.2077182746795893 0.15390625
20 0.24557044954451307 0.096875 0.11530010698624168 0.0578125
20 0.07410218811176768 0.04140625 0.03882937622353535 0.0828125