1 0.7048873584488976 0.20523316013885357 0.5902252831022048 0.41046632027770713
6 0.6523704255305559 0.4300274719128222 0.08301513459302097 0.14389599801081765
6 0.5061441632783682 0.1574359512651395 0.08290603181947934 0.1392084980108177
23 0.3083496282278476 0.5231171372931381 0.1554531790459377 0.13536643002068088
23 0.13256837822784767 0.5251625373170008 0.1679531790459376 0.13551188068904452
6 0.15249313962701408 0.20609436397995545 0.1747857137152085 0.19416926535645346
6 0.39433188145888887 0.022963690642910185 0.08866376291777778 0.04592738128582037
9 0.5123654443853995 0.8089711792648213 0.9752691112292009 0.35526787480103933
8 0.8640806837955903 0.049669999283911366 0.27183863240881934 0.09933999856782273
8 0.3165258041396532 0.538651230625411 0.04922005642076392 0.067742030673136
8 0.1373104296146185 0.5274517433163645 0.05156380642076393 0.06776930267345413