23 0.4700709910693755 0.6556467319382756 0.07674956363895866 0.2773806600095451
23 0.3064241055264241 0.5411131592934564 0.16052188554295146 0.11824256468808994
23 0.7567864750174657 0.4842962538988228 0.16764405452090295 0.12223063068904452
1 0.7109895446403479 0.7997581692393678 0.27738599648461815 0.307051620703362
1 0.23947952697291738 0.8880796133036377 0.44259146276527794 0.22384077339272465
9 0.9067202719389243 0.8154542525461874 0.10727351823611145 0.3136636053469083
9 0.47509483824024323 0.19999616860282113 0.9487719936348267 0.3945298221275851
8 0.30882240691319496 0.5434296372931382 0.05432578371934031 0.08576532467377226
8 0.4692897410693756 0.6556558226050483 0.03999117999586819 0.10746760200509069
8 0.7638177250174657 0.48421443789786833 0.05156380642076393 0.06776930267345431
8 0.7035946187285423 0.7842149852403224 0.10124041736243079 0.255796561346272