1 0.306203491632257 0.2076092291254757 0.6115847896869492 0.4152184582509514
6 0.38074090343633055 0.4229202578714843 0.08718017469437234 0.146215766805914
6 0.5062134577110591 0.1430033117120863 0.08693451322898298 0.141528266805914
23 0.7315022212787264 0.49788051821442664 0.1593451017635939 0.1398012821289532
23 0.9072834712787264 0.49071798114255766 0.17184510176359388 0.1403106180985084
6 0.863234741632257 0.17308215357595944 0.18038462008095948 0.19912720258518868
6 0.607560194482076 0.013539940685009532 0.09012038896415202 0.027079881370019064
9 0.5170435946679464 0.7946613122063779 0.9659128106641072 0.3840830420891471
8 0.13880355042954132 0.05390625 0.2774433265488231 0.1078125
8 0.7245085928300239 0.5138238531953986 0.05117739767057934 0.06912934338392898
8 0.902718802011421 0.4932527321311408 0.05352114767057934 0.06922484387822045