10 0.4833406463875013 0.9590688448136826 0.1380754080747007 0.08186231037263489
10 0.6257389667132541 0.9152114068348375 0.06461311542376222 0.1517276360516618
1 0.8707811374018266 0.8590997487954063 0.20990331197305032 0.28180050240918747
10 0.616123408453219 0.7874584798752333 0.04166171034428636 0.03086956677218975
10 0.6173510917556632 0.7523022298752332 0.044032742195451745 0.03171901293212365
10 0.6179066524627691 0.7139982478219219 0.04363343811176783 0.04263378087881229
10 0.47033224801626544 0.7073581397460786 0.22024310044763773 0.3396632082341279
6 0.6992781927514551 0.623302703153056 0.07157738883740698 0.0606169027447093
6 0.8555281927514551 0.627849113815324 0.07481151624206887 0.06383283095795456
6 0.9563367246026205 0.630000298692487 0.047522329944399644 0.06459970909205773
1 0.8874776303150685 0.38478107541466433 0.21014884863353914 0.29644440564770325
9 0.5490922313108605 0.2435517040109858 0.3236632555271136 0.4628626790046682
1 0.9952827289486077 0.0969975820785819 0.008506959163160133 0.10951139231986803
6 0.785208324502104 0.0885389097378313 0.05536460099579195 0.13272758346523714
17 0.8945560426509387 0.09250264720141896 0.12104416469812271 0.13619957594338974