23 0.6646081039061988 0.25004104790106424 0.06745288402808355 0.054253242478152594
10 0.6185416357573642 0.24791860675569516 0.023221734390903314 0.061551265439406144
9 0.4879836057202973 0.2018893897460786 0.21628228674530678 0.3379870479675713
23 0.6666269608924404 0.19222854790106422 0.06753472958158006 0.0565969924781526
10 0.6198338064459368 0.1885208747023838 0.023249016242068876 0.06233251543940623
6 0.8784548382971021 0.19526393434843753 0.07300347958158007 0.056756116851332014
1 0.9654836123437193 0.16651446021268498 0.06208582694917482 0.10170490399835055
1 0.772623989748381 0.15777464304478386 0.10448663647515452 0.22078752461060622
23 0.6292286538135314 0.1434356952354972 0.03775546034428636 0.030755906505633
6 0.8804191315810129 0.1390139343484375 0.07090526624206887 0.06371917069139794
23 0.7103794500926672 0.12624584672656528 0.026374016242068875 0.06242344365265158
10 0.6318551460089832 0.11301240934211987 0.04090774219545175 0.03162808471887839
6 0.9899776700556003 0.09215095770540252 0.016770837748947897 0.033267141066226816
6 0.8806299519067657 0.08818722024181484 0.04406002404661713 0.032500262932123734
23 0.724618054083684 0.032032845472924044 0.044486609981466606 0.02236674498543507
9 0.6497370389379236 0.4967341914745734 0.16863098202865068 0.22499530298213627
23 0.6547841814035277 0.3522029414745735 0.09188988883740698 0.06120793613080418
6 0.6594642469199571 0.3077626196878189 0.0375917692372937 0.026068406505632958