6 0.8858555219780644 0.9999544880405281 0.022021332939624473 0.0000910239189437334
6 0.8671328038292299 0.9989345514807588 0.01738839664195524 0.00213089703848226
23 0.9397890538292298 0.9999574938797693 0.02207589664195524 0.00008501224046142397
23 0.8507265538292298 0.9986901819076621 0.01816964664195524 0.0026196361846757554
23 0.7820038356803953 0.9968632574553403 0.024474210344286363 0.0062734850893193085
23 0.8007538356803954 0.9971815062016992 0.01822421034428636 0.005636987596601628
23 0.8163788356803954 0.9974088267348126 0.01822421034428636 0.005182346530374815
23 0.8335936175315608 0.9968776293212371 0.01827877404661713 0.006244741357525641
6 0.9155703038292298 0.9996051470534436 0.02207589664195524 0.0007897058931128243
14 0.37222953159671135 0.9801425399344577 0.026773320325752793 0.039714920131084595
14 0.3426238771502077 0.9771431533549031 0.030870543283910833 0.0457136932901939
14 0.4457761590013732 0.9778622188734516 0.030925106986241603 0.04427556225309672
6 0.4099477864060349 0.974168917540668 0.03739336179556503 0.05166216491866393
6 0.4841665364060349 0.9752259580196455 0.040518361795565026 0.04954808396070902
14 0.5224205045548694 0.9766209734590516 0.03265129809323426 0.04675805308189673
12 0.6655083056433285 0.9526696537506145 0.06726440027015243 0.09466069249877088
6 0.9514730874944938 0.970829887172289 0.03245040145127902 0.035284282132453625
14 0.7560341019224642 0.9463741417911425 0.031262412884024114 0.09066210391920819
7 0.8905727930294567 0.9455965549606932 0.07805556733052796 0.08968227711788863
23 0.9616318266947207 0.9038697077054024 0.016153278855940555 0.03793190901291545
23 0.9627503825925032 0.8718384577054025 0.015989587748948254 0.033244409012915456
1 0.03942889669417594 0.8382190655185486 0.07885779338835187 0.28659438103709717
23 0.9652677473832932 0.8445401718120251 0.013454864790789856 0.02770746285298138
12 0.6719815388531055 0.8227116697669612 0.07259923021455209 0.17927597453146404
23 0.9651784673462263 0.8023072077054024 0.015962305897782515 0.03246315901291545
19 0.9667335328626556 0.7577759577054025 0.016698915879248943 0.05355690901291545
1 0.8445336398488974 0.6963490612288994 0.2199057945498552 0.30765469028743925
6 0.14936747278852197 0.649532301728495 0.04430804990733277 0.10665081677218975
12 0.6760490238769811 0.639049723607027 0.06888395317271012 0.18463106426490725
1 0.4083530923886354 0.6234401293212373 0.39868559209493526 0.5774312958560002
6 0.0033233743246188115 0.6027301949062928 0.006646748649237623 0.06483538981258548
23 0.8503992378494644 0.5283803112288994 0.04171627404661713 0.03243206677218975
23 0.8210664019146151 0.5173602432030684 0.01928820253973811 0.06065635517284953
23 0.8000272156169459 0.5151839777636622 0.023303579944399643 0.06389501543940632
6 0.7332043033658937 0.4803937891255757 0.10593503067003915 0.08346938103709682
19 0.8524999403892023 0.46822406122889937 0.047403278855940555 0.03884119114536908
23 0.812956290752022 0.458470976510021 0.040181055897782515 0.03316785266556703
7 0.9127206777753306 0.4457329472805613 0.06160467731199439 0.1102759219450391
6 0.15747018258465406 0.41750105172849494 0.0460888047166562 0.11294628087881228
23 0.8535912144358194 0.4369740612288993 0.0441145877489479 0.034062762932123646
12 0.9680629422033009 0.42857419101235517 0.04204863466105593 0.17604567445232178
6 0.8563813977382637 0.401863275335522 0.04166171034428601 0.03086956677218975
1 0.048606136390336376 0.36089804757185984 0.09721227278067275 0.29367109514371964
23 0.8575817991895427 0.3674882753355221 0.04422371515360979 0.03718776293212374
17 0.739414641747814 0.32494777117888696 0.11124506796349998 0.21317961309040837
6 0.6563218887525891 0.28577395942126216 0.0403745180561673 0.10575590650563296
6 0.9797866706037546 0.2944037794921572 0.024603185116542647 0.0787614974927175
1 0.8390079031805595 0.2723205278428045 0.07240576805616712 0.10668792069139794
6 0.9155803268643566 0.2518692870140045 0.04034723620500173 0.10497465650563295
12 0.5680158461016505 0.21673079123714664 0.11795388103285873 0.09240411183676711
23 0.3836954098039813 0.20980352665567029 0.03557540145127884 0.035375210345698974
23 0.34231644165514674 0.2078174778301692 0.04098958774894799 0.033971834718878394
14 0.6752653509109738 0.2135950825408003 0.056941969962933034 0.0438014757851052
23 0.34440722051108724 0.1703402098834806 0.0402083377489479 0.033949102665567034
23 0.38271575236225275 0.17067283049573626 0.040262901451278844 0.035511602665567035
12 0.46817210272507237 0.16455687430667237 0.06478673021455209 0.17904865399835054
19 0.6760937301297341 0.16747860048748897 0.05906746515360979 0.03761967194503919
17 0.9856051393855612 0.17257424359877985 0.02331599282842376 0.15364783722616085
24 0.22396823493905754 0.1480667416202228 0.1800769135169964 0.21752378378180626
23 0.38480653121819325 0.1331955625490476 0.04255208774894799 0.034017298825501016
23 0.3442088130693587 0.1312322457768579 0.04338790145127884 0.03560253087881238
6 0.9204265726880057 0.13548576906731588 0.044226204353836354 0.1043070667721897
23 0.34546377822296837 0.0952947457768579 0.043497028855940555 0.0387275308788124
23 0.3876785600741338 0.09574102665567027 0.04050843811176765 0.04254285266556703
6 0.5794394741392843 0.09115412971694872 0.10577133956304649 0.07878188103709696
1 0.03256696333951115 0.0697047462390763 0.0651339266790223 0.1112844924781526
1 0.849270824502104 0.0904029381093612 0.07464039065150559 0.103631116851332
17 0.7250793563532695 0.08600729163285806 0.145935037293461 0.13380200164935266
6 0.10216021152541262 0.053023363090408296 0.04096479509800934 0.10030988855894436
23 0.30861110816736803 0.030876893111290864 0.023402783665263983 0.04438649749271754
23 0.3274156718696989 0.02985996239076304 0.02173115626060227 0.04121603338609485
23 0.9808407722325185 0.04027020895904374 0.03753720553496294 0.024505906505633
23 0.2745907722325186 0.019720432765591878 0.04141617368379737 0.023838316772189706
23 0.8060863088930074 0.02814697901730346 0.025327382213985318 0.010102425705962903