6 0.9203125 0.01328125 0.02109375 0.0265625
6 0.9015625 0.0140625 0.01640625 0.028125
23 0.97421875 0.0140625 0.02109375 0.028125
23 0.88515625 0.0140625 0.0171875 0.028125
23 0.81640625 0.01484375 0.0234375 0.0296875
23 0.83515625 0.01484375 0.0171875 0.0296875
23 0.85078125 0.01484375 0.0171875 0.0296875
23 0.86796875 0.015625 0.0171875 0.03125
6 0.95 0.0140625 0.02109375 0.028125
14 0.40625 0.02578125 0.025 0.05078125
14 0.3765625 0.028125 0.02890625 0.05625
14 0.4796875 0.02890625 0.02890625 0.0578125
6 0.44375 0.03203125 0.03515625 0.0640625
6 0.51796875 0.03203125 0.03828125 0.0640625
14 0.55625 0.03125 0.03046875 0.0625
12 0.6984375 0.05703125 0.06328125 0.1140625
6 0.984375 0.0578125 0.03125 0.034375
14 0.78828125 0.0765625 0.028125 0.08984375
7 0.92265625 0.08125 0.075 0.0875
23 0.9921875 0.125 0.01484375 0.0375
23 0.9921875 0.15703125 0.01484375 0.0328125
1 0.0515625 0.16328125 0.103125 0.28359375
23 0.99375 0.184375 0.0125 0.02734375
12 0.7 0.19765625 0.06640625 0.17734375
23 0.9921875 0.2265625 0.01484375 0.03203125
19 0.9921875 0.27109375 0.01484375 0.053125
1 0.86796875 0.32890625 0.209375 0.3015625
6 0.171875 0.35546875 0.040625 0.10546875
12 0.69765625 0.38125 0.0625 0.1828125
1 0.4296875 0.3890625 0.37890625 0.56640625
6 0.01328125 0.39765625 0.0265625 0.0640625
23 0.86796875 0.496875 0.040625 0.03125
23 0.83828125 0.50703125 0.0171875 0.06015625
23 0.8171875 0.50859375 0.02109375 0.06328125
6 0.74921875 0.54140625 0.103125 0.08046875
19 0.86796875 0.55703125 0.04609375 0.0375
23 0.828125 0.565625 0.0390625 0.03203125
7 0.92734375 0.58125 0.0578125 0.10859375
6 0.171875 0.5875 0.0421875 0.11171875
23 0.86796875 0.58828125 0.04296875 0.0328125
12 0.98203125 0.6 0.0359375 0.175
6 0.86953125 0.6234375 0.040625 0.0296875
1 0.05234375 0.640625 0.1046875 0.290625
23 0.86953125 0.6578125 0.04296875 0.0359375
17 0.75 0.696875 0.10390625 0.21015625
6 0.665625 0.73359375 0.03671875 0.1046875
6 0.9890625 0.734375 0.021875 0.078125
1 0.84765625 0.75234375 0.06875 0.1046875
6 0.9234375 0.775 0.03671875 0.10390625
12 0.575 0.8 0.11484375 0.0890625
23 0.390625 0.8015625 0.034375 0.034375
23 0.34921875 0.80234375 0.03984375 0.0328125
14 0.68203125 0.80625 0.05546875 0.0421875
23 0.35 0.83984375 0.0390625 0.0328125
23 0.38828125 0.840625 0.0390625 0.034375
12 0.4734375 0.84921875 0.05859375 0.17734375
19 0.68125 0.85234375 0.0578125 0.0359375
17 0.990625 0.85625 0.01796875 0.153125
24 0.22890625 0.85859375 0.17265625 0.2125
23 0.3890625 0.878125 0.04140625 0.0328125
23 0.3484375 0.87890625 0.0421875 0.034375
6 0.92421875 0.89140625 0.040625 0.103125
23 0.3484375 0.91484375 0.0421875 0.0375
23 0.390625 0.915625 0.0390625 0.04140625
6 0.58203125 0.92578125 0.103125 0.07578125
1 0.0328125 0.93125 0.065625 0.109375
1 0.8515625 0.934375 0.07109375 0.1015625
17 0.72734375 0.93515625 0.14140625 0.1296875
6 0.10390625 0.95 0.0375 0.09921875
23 0.309375 0.978125 0.021875 0.04375
23 0.328125 0.9796875 0.0203125 0.040625
23 0.98125 0.98828125 0.03671875 0.0234375
23 0.275 0.98828125 0.040625 0.02265625
23 0.80625 0.9953125 0.025 0.009375