23 0.67265625 0.76953125 0.065625 0.05234375
10 0.6265625 0.7703125 0.02109375 0.0609375
9 0.49453125 0.8125 0.2046875 0.33203125
23 0.67265625 0.82734375 0.065625 0.0546875
10 0.62578125 0.8296875 0.02109375 0.06171875
6 0.884375 0.83046875 0.07109375 0.0546875
1 0.9703125 0.86171875 0.05859375 0.1
1 0.77734375 0.86484375 0.096875 0.21796875
23 0.63359375 0.875 0.03671875 0.0296875
6 0.884375 0.88671875 0.06875 0.06171875
23 0.7140625 0.89453125 0.02421875 0.06171875
10 0.63515625 0.90546875 0.03984375 0.03046875
6 0.9921875 0.93671875 0.015625 0.0328125
6 0.8828125 0.9375 0.04296875 0.03125
23 0.725 0.9890625 0.04375 0.02109375
9 0.66640625 0.52265625 0.1609375 0.2203125
23 0.66640625 0.6671875 0.08984375 0.05859375
6 0.66953125 0.71171875 0.03671875 0.025