9 0.3109375 0.04140625 0.3171875 0.0828125
23 0.0015625 0.0046875 0.003125 0.009375
1 0.05078125 0.03359375 0.06953125 0.06640625
23 0.00234375 0.021875 0.00390625 0.03203125
23 0.12109375 0.06328125 0.040625 0.0375
6 0.0015625 0.06484375 0.003125 0.034375
23 0.1203125 0.0953125 0.04296875 0.03359375
6 0.13359375 0.13984375 0.02265625 0.06171875
1 0.065625 0.17890625 0.10859375 0.10390625
6 0.165625 0.1796875 0.03828125 0.10546875
14 0.2 0.1796875 0.028125 0.09140625
6 0.13359375 0.2015625 0.0234375 0.05859375