6 0.8916019166677769 0.9384872156285763 0.021866639812585475 0.027667976594251797
6 0.8728746487210882 0.9386886114901332 0.017224603919208194 0.028984815128862352
23 0.9455308987210882 0.9348808587765998 0.02191210391920819 0.0292304765942518
23 0.8564683987210883 0.9395484266189957 0.01800585391920819 0.029025758706427495
23 0.7877411307743996 0.9423702114447046 0.02430131802583091 0.030915807326946522
23 0.8064911307743996 0.9413875655831475 0.01805131802583091 0.030588258706427496
23 0.8221161307743996 0.94056869403185 0.01805131802583091 0.030588258706427496
23 0.839326362827711 0.9388866853254229 0.018096782132453627 0.03215075870642714
6 0.9213121487210882 0.9361501096811107 0.02191210391920819 0.0292304765942518
14 0.37790312952075833 0.9529280896662644 0.026477583465237143 0.0520914444820761
14 0.3482838256806923 0.9521401956137299 0.03054295783841656 0.057764912369900404
14 0.4514315577340037 0.9459543933751661 0.0305884219450391 0.0593274123699004
6 0.415584985947249 0.9447127979431504 0.03702027837152997 0.06590496099041943
6 0.489803735947249 0.9408231580744874 0.040145278371529966 0.06606873530067894
14 0.5280622538939377 0.9395981727738082 0.03228731426490725 0.06409679952502997
12 0.6709999116532119 0.9063651916570009 0.06660012978345584 0.11737892978275503
6 0.9569601437065233 0.8905985922682564 0.03225021034569906 0.03601274310259513
14 0.7614119629859954 0.8821254302370403 0.030739186130804085 0.0913177187923356
7 0.8959233553058634 0.8703956348958816 0.07754598997087 0.0914305834462283
23 0.9667276002912985 0.8230016564926075 0.015934888558944493 0.03827792797373277
23 0.9676596144770635 0.7909704064926075 0.015798496239076344 0.033590427973732594
1 0.04145241928978129 0.8340164738807182 0.08290483857956257 0.28899830223856354
23 0.9700177363429605 0.7635447693374778 0.013295621865896834 0.02799884724103805
12 0.6766541812492533 0.7656583045018712 0.07156642610167445 0.18082395409301455
23 0.9696827672217729 0.7214391564926076 0.015775764185764984 0.032809177973732596
19 0.9709784942605193 0.6769079064926076 0.01638952962517095 0.0539029279737326
1 0.8484419162055584 0.6256054353254228 0.2181495725781776 0.3125353787873868
6 0.15312105601814405 0.6355236629357274 0.043693827197030986 0.10759781603337366
12 0.6796524637774184 0.5821873852345658 0.0678193004748536 0.18608798620519007
1 0.41191103431053167 0.5884185323393183 0.39538698865072186 0.5862638851189648
6 0.004984050541360694 0.6016477091813972 0.009968101082721389 0.06545458163720567
23 0.8533293076674967 0.45763668532542284 0.04153428213245362 0.03337906603337348
23 0.8239373243605442 0.44903629127288813 0.018937868104973176 0.061057008706427315
23 0.8028890384671667 0.4485792678671398 0.022935046318218612 0.06438672659425179
6 0.735875034706243 0.41932885911528395 0.10546640149106815 0.08587330223856356
19 0.8550796757724699 0.3974804353254228 0.047184888558944496 0.03991567107632772
23 0.8154859783588947 0.3909748077812315 0.03999451418576498 0.03407842887824373
7 0.9151593694251214 0.3701499734304923 0.06097225541027633 0.11162357473980081
6 0.15987247585161218 0.40349241293572735 0.04543818362352168 0.11392970318850323
23 0.8559889579049236 0.3662304353254228 0.04392349623907634 0.03506439676606821
12 0.9703924387045937 0.34853392300095093 0.04102947994174002 0.1768834045679843
6 0.8585744003039337 0.3309922981702931 0.04148881802583091 0.03181656603337348
1 0.049229458696346345 0.35663178030315335 0.09845891739269269 0.29611143939369333
23 0.8595746106496328 0.2966172981702931 0.044014424452321774 0.03818939676606821
17 0.7411799633151999 0.26381916553771906 0.11002117234075062 0.2156017458161285
6 0.6578733698208328 0.2315223219147257 0.03976484514371954 0.10661184814554918
6 0.9813336018741442 0.21379043080286708 0.024148205331134064 0.07927142017181658
1 0.8404501891003051 0.20323246834210962 0.07179609514371954 0.10829053482570909
6 0.916890668646334 0.17660469131831663 0.03974211309040818 0.10583059814554914
12 0.5691805943522968 0.16986552691225132 0.11743520407749272 0.09508120590203673
23 0.3848510584589195 0.17796571121756205 0.03537521034569906 0.03617651741285455
23 0.34346754051223083 0.17935447082850048 0.040798496239076346 0.034900622455808696
14 0.6763937007787876 0.1580062567858633 0.05669628087881229 0.04509449400710621
23 0.34533992907117517 0.1418135272509356 0.04001724623907634 0.034859678878243816
23 0.38364391112448654 0.13902604195025664 0.04006271034569906 0.03642217887824382
12 0.46905021371091127 0.1259694419956852 0.06375392610167427 0.1804145183173657
19 0.6769536419241566 0.11195345036342819 0.058858174452321596 0.0389673247398008
17 0.9864423021907133 0.0918335436477373 0.022424232449022696 0.15406670228399216
24 0.22479174835064736 0.12940978177349136 0.1788393685006846 0.22154853064183758
23 0.3855162996834308 0.10148509837269178 0.04236099623907634 0.03498250961093845
23 0.3449140317367422 0.10283291440606535 0.043187710345698974 0.03658595318850333
6 0.9210589945897236 0.06015749774075178 0.043625631037096824 0.10525406603337355
23 0.3459597061890639 0.06689541440606533 0.043278638558944316 0.0397109531885033
23 0.3881699382423752 0.06390321121756203 0.04026729882550102 0.04345342887824379
6 0.5798717049354226 0.04371578471416743 0.10533000917119999 0.08118580223856361
1 0.03260791152019794 0.0670303697422752 0.06521582304039587 0.11281426051544959
1 0.8496530075218474 0.036820341616743545 0.07404891693047447 0.07364068323348709
17 0.7254569895751587 0.04763721152836089 0.14517977084968264 0.09527442305672178
6 0.1024513985880742 0.04757326252271426 0.04038697077054025 0.09514652504542852
23 0.3087385025072825 0.014054776685108697 0.023147994985435006 0.028109553370217394
23 0.3275339666139051 0.011980481965547747 0.02149456677218975 0.023960963931095494
23 0.27465901920032987 0.004849634356925222 0.04128422954602886 0.009699268713850445